  0.02656949916554884  0.02658020197543270  0.02658783714982539  0.02659559522460394
  0.02660348508350932  0.02661153682576076  0.02661951369015170  0.02662733585196989
  0.02663494339722790  0.02664255589456026  0.02665017790916957  0.02665782114423223
  0.02666571928553899  0.02667374088980465  0.02668189644137880  0.02669036637542573
  0.02669881562167076  0.02670743264772835  0.02671614862469725  0.02672482831844415
  0.02673358886112870  0.02674216569981812  0.02675068227617885  0.02675923295250978
  0.02676794049931144  0.02677674495828068  0.02678572909239755  0.02679489659836883
  0.02680391982081511  0.02681277029044875  0.02682157370416152  0.02683032079680550
  0.02683896130995238  0.02684787918404218  0.02685683935547080  0.02686611444194434
  0.02687600461399126  0.02688569146261116  0.02689597109101029  0.02690649027855135
  0.02691704593460404  0.02692761406468245  0.02693784469372641  0.02694796552609371
  0.02695816119644315  0.02696854079696628  0.02697918405628366  0.02699006993395603
  0.02700082154494708  0.02701269741409238  0.02702495411948033  0.02703734455961531
  0.02704991304235553  0.02706280205697672  0.02707592176351984  0.02708911514310460
  0.02710211744535599  0.02711506749002180  0.02712806846809188  0.02714101826531801
  0.02715370691340127  0.02716790786171623  0.02718192081747290  0.02719626792945919
  0.02721103546693282  0.02722622553478207  0.02724214509870562  0.02725770993254051
  0.02727327677742656  0.02728863532611261  0.02730516088944914  0.02732350012502614
  0.02734266458880004  0.02736201066082253  0.02738167860190817  0.02740138423047294
  0.02742122790743783  0.02744139614780128  0.02746371153545997  0.02748841285181500
  0.02751346992694179  0.02753852160800971  0.02756421651032516  0.02759123800076837
  0.02762188021757111  0.02765507334576962  0.02768881807396461  0.02772463592944217
  0.02776725900787584  0.02781653897903823  0.02786793187483873  0.02793445218819256
  0.02802331226651640  0.02811693229123252  0.02812193150302789  1.00000000000000000
  0.00900239501977766  0.01814355371660555  0.02740731629792732  0.03703957267321722
  0.04668105100275433  0.05636512370257834  0.06602302763578942  0.07525958346617675
  0.08417934265317824  0.09317051508115197  0.10247826155748448  0.11227194228832667
  0.12253175102912579  0.13309468319583034  0.14349036130079312  0.15444886468488420
  0.16593309672296591  0.17714808470574600  0.18844809961084283  0.19960643891873422
  0.20972281712154531  0.22029391141942012  0.23216295583405400  0.24482188745643477
  0.25640016899203849  0.26647390721270414  0.27626890159176770  0.28602746653210404
  0.29553064919240335  0.30467506795957106  0.31453461799544624  0.32529147422280158
  0.33560437470355065  0.34584341511442684  0.35619358224596653  0.36748654804164282
  0.37730844027215915  0.38561843862904360  0.39394320523725690  0.40289228805110278
  0.41179115976376751  0.42061747464589522  0.42998259427598767  0.43984262502717447
  0.44997323787913557  0.46015342664986342  0.47064292999695234  0.48172024603752672
  0.49258370845671334  0.50515506253160336  0.51726639235365335  0.52852669889199122
  0.53970826577546538  0.55099574509322924  0.56227713810002544  0.57311620042663669
  0.58299451346350817  0.59214022961924917  0.60106208148963092  0.61068125364230241
  0.62052574827073204  0.62986029595613358  0.63959660354655090  0.65051686449244173
  0.66222269756856444  0.67166312029333108  0.67928506363648589  0.68787127976951679
  0.69693911016096266  0.70610112102505329  0.71514345941761515  0.72392808228031136
  0.73320426057603061  0.74513391402994478  0.75730734418573631  0.76889013716502763
  0.78063695089086027  0.79188230210251498  0.80330625797482547  0.81469602433777621
  0.82653015778561323  0.83843111651897928  0.85022958784067171  0.86136556683387300
  0.87242153639977271  0.88369426173111654  0.89568668264983575  0.90783171237652915
  0.91878816450982281  0.92831722630445246  0.93749554063811102  0.94719725477952299
  0.95799791064975282  0.96931199390278866  0.98291315551849734  1.00000000000000000
 -0.00001606316469611  0.00013676065499462  0.00031972383458123  0.00061904746490167
  0.00101464405081084  0.00142775602195535  0.00194333070194509  0.00251340916757120
  0.00311812729270139  0.00380002024592776  0.00447873722826553  0.00517426148395884
  0.00605398399121865  0.00706933737284707  0.00810382397707471  0.00921143028545646
  0.01034097114672411  0.01148809430471752  0.01270357703362886  0.01405825201567933
  0.01557441782600138  0.01711019589698089  0.01856273473596486  0.01994552599889433
  0.02134459931101299  0.02283767763649185  0.02432336327424554  0.02574775285345780
  0.02727209046930979  0.02891355351006856  0.03054740780348206  0.03216420973614582
  0.03398956742376402  0.03593867664066294  0.03788968761879632  0.03992028892551842
  0.04166174835333593  0.04349186923561044  0.04537442209239156  0.04734965068427192
  0.04939879666840476  0.05149438758987561  0.05354499133808013  0.05561782788707758
  0.05806494755053633  0.06036755859552284  0.06300808606288030  0.06576043146182037
  0.06853923381407134  0.07142266271432977  0.07440084428150076  0.07717588504006458
  0.07976543200367937  0.08253599163024564  0.08562044831249618  0.08872624061770089
  0.09161561119738702  0.09439958684322118  0.09711863446440437  0.09983399352724337
  0.10267503740962280  0.10576786340417733  0.10929699458324900  0.11293172831103125
  0.11633687376737957  0.12012241753767038  0.12397632891845003  0.12782933337099497
  0.13203977918836846  0.13688467313741315  0.14173020747893747  0.14632395002668519
  0.15071879245921452  0.15502018211262733  0.15939889788118758  0.16437170574283144
  0.17056944013267902  0.17622285578006186  0.18234086916654921  0.18855098971829878
  0.19486768365770174  0.20204136385183846  0.21010421175731206  0.21889411298268782
  0.22876241774626641  0.23975557323101157  0.25131855833676847  0.26298748046504977
  0.27519090028629056  0.28906674984308339  0.30486743026600543  0.32438442173261911
  0.34891946654604522  0.38990241077936644  0.41405822010894194  1.00000000000000000
 -0.00119446491272304  0.00425248094004405  0.00944489013708944  0.01491698156321807
  0.02064544325851932  0.02648734127860596  0.03248439905392591  0.03825233890035704
  0.04427800420720681  0.05028119174507047  0.05647158703310657  0.06249308777051301
  0.07068217770106874  0.07930093893421410  0.08715982211618345  0.09434603928823279
  0.10146273654923316  0.10791456936243739  0.11478767850205197  0.12160825517293108
  0.12853486336678696  0.13547921131984000  0.14229679793557848  0.14936491819227143
  0.15679349303410950  0.16430078417642136  0.17250306234537993  0.18111147614757075
  0.18979326003616831  0.19852279957553071  0.20706509906269571  0.21599585522107109
  0.22464780546094246  0.23266368898628978  0.24009690463383779  0.24733032583382247
  0.25540920097696679  0.26382693415137082  0.27260708153069435  0.28092149621002510
  0.28866104951546123  0.29718810342276264  0.30566920811848891  0.31387850084247093
  0.32091311608954626  0.32825430761214835  0.33575000378119374  0.34325067462510023
  0.35061208398990812  0.35782402840478039  0.36528777799537371  0.37288908825080691
  0.38176388076491080  0.39063688920060180  0.40039150981859578  0.41074060533509138
  0.42151095763094487  0.43273642273604274  0.44378605083725775  0.45456478380578069
  0.46552138022136652  0.47682657156281016  0.48745926361780900  0.49685638887187050
  0.50638806276604797  0.51683608336431253  0.52744934449318981  0.53784608756756225
  0.54853491477147320  0.55957080699051565  0.57046084471253100  0.58175867018725413
  0.59427807534354415  0.60756513145696567  0.62060581063711340  0.63214250200797195
  0.64292756492767533  0.65406471949213751  0.66535217147055492  0.67612624245247144
  0.68671102741124268  0.69767764162574175  0.70947328652191077  0.72304214895076968
  0.73837489214678453  0.75422675696601837  0.76857205079881430  0.78314756044961031
  0.79835499246264818  0.81527438149809361  0.83452879334642638  0.85641053932545763
  0.88077467543448074  0.91205195962540431  0.95217304728976770  1.00000000000000000
 -0.00189639227464765  0.00694405204845239  0.01532617374368145  0.02487055548501554
  0.03579973984019806  0.04714683686701886  0.05771092641415614  0.06824702202268733
  0.07866827611482383  0.08812834439857839  0.09716833799564656  0.10721468020768496
  0.11592140347284365  0.12450800299300585  0.13319897055924360  0.14293802734550559
  0.15438464204659763  0.16648388123680632  0.17690794980455693  0.18646526471105446
  0.19558402469030128  0.20553658188186794  0.21645743638742551  0.22692413753645332
  0.23663240520531442  0.24594633983759259  0.25559936207285339  0.26594343480228522
  0.27760180101166942  0.28947925445810352  0.30173909271622340  0.31369806191419802
  0.32430348004812976  0.33448801450837190  0.34448222052705824  0.35485944604149000
  0.36593737628441753  0.37722331362114392  0.38841128150007298  0.39974746244310988
  0.41129066439891521  0.42276141470997491  0.43382847724781115  0.44387562294037547
  0.45312663076672666  0.46244350623814467  0.47181572043361419  0.48188260249398285
  0.49337891605767020  0.50502905007732157  0.51689284740361530  0.52857727722944381
  0.54016621219447603  0.55134241674047002  0.56307740053500155  0.57400883930166513
  0.58382804404871713  0.59272116336548641  0.60105371385012385  0.60965184524936622
  0.61846063382871697  0.62869434588064343  0.63887395270691694  0.64819043845591384
  0.65674046692087018  0.66546994849075436  0.67508269014600542  0.68510530493178001
  0.69508525877472471  0.70552211679531329  0.71887360382109577  0.73272045895517168
  0.74560011149336969  0.75746419831945799  0.76840668743014306  0.78041612846943165
  0.79264090440385715  0.80551239397526753  0.81922850605739150  0.83235828029848835
  0.84409633181619037  0.85530398867246471  0.86757852783077050  0.88030118421254988
  0.89260724562991134  0.90282520278026113  0.91158309528298909  0.92055926284766643
  0.92988759279378597  0.93935314719815532  0.94918690456038646  0.95894861939427034
  0.96997173870787523  0.98104934557631174  0.99071042964815137  1.00000000000000000
 -0.00374932320698740  0.01555012621476950  0.02927247293193251  0.04276296768895746
  0.05727102387956357  0.07116751107836146  0.08418280040727330  0.09759846154824299
  0.11080820106428411  0.12278178180100890  0.13486873940780986  0.14820823586080897
  0.16255801834684550  0.17592607720194123  0.18840651146853077  0.20086965705774723
  0.21284879539562687  0.22368624285425517  0.23420772613849283  0.24489990730365174
  0.25567948905627097  0.26643604080145095  0.27839818251700033  0.29079920392606590
  0.30286752337228279  0.31515504343448680  0.32838283119839162  0.33996844811013233
  0.35074974697376082  0.36204783016570868  0.37290389238678684  0.38349979153321789
  0.39389484892490073  0.40468689157022303  0.41519447766368334  0.42523533771912753
  0.43519431767845201  0.44556415671321037  0.45644111510878149  0.46865651162179761
  0.48133397127433319  0.49407693632794308  0.50727225967992107  0.52204026850293772
  0.53491011390894017  0.54772410375311009  0.56015307852537521  0.57147738550897975
  0.58247993585159508  0.59382380289353409  0.60527923265773653  0.61658684401395703
  0.62805080997003115  0.63718832791410707  0.64664053502109931  0.65535535333719408
  0.66395204486094239  0.67283922108063676  0.68126029951864608  0.69008123132965471
  0.69964907576459501  0.70961800373636241  0.72001854480669203  0.73029820682236923
  0.74339428551469133  0.75687646230202932  0.76958808353665586  0.78042453663993949
  0.79006317406599291  0.79893958379551333  0.80772209853587729  0.81653292114192733
  0.82516660484232540  0.83345846269496637  0.84180082115115940  0.84985855444592606
  0.85781300278214845  0.86561315337400169  0.87405864357065965  0.88315203987551738
  0.89214874123001175  0.90045405336599682  0.90862086135810183  0.91642156749674952
  0.92354457091087594  0.93066727148348227  0.93793525634444153  0.94469165976046976
  0.95095362082891355  0.95729986524599553  0.96344917212849290  0.96939466577779509
  0.97525968412228625  0.98229391965445345  0.99123900679227817  1.00000000000000000
 -0.00244585659797736  0.00961055206018787  0.01897896374943106  0.02802754712970310
  0.03686437425017410  0.04662474000118942  0.05603914302858375  0.06568212093870063
  0.07533913581611636  0.08486419244258155  0.09339039132696964  0.10101549957408169
  0.10921206324653537  0.11780854067040315  0.12622189601716541  0.13507929344153069
  0.14451348308161299  0.15791381340290980  0.17203976342315150  0.18544439812287639
  0.19925362017655290  0.21162468718453975  0.22189337173467460  0.23213206377043261
  0.24312356629971299  0.25400938371574638  0.26332165627115506  0.27191366278665052
  0.28103676762281232  0.29081505851410255  0.30155209515862264  0.31234208477569336
  0.32573615124032340  0.33870384299736078  0.35130074821304103  0.36453679892183954
  0.37763875272643938  0.38988858379563562  0.40068473048192138  0.41024011002027394
  0.41952690890230232  0.42853751420621911  0.43788121983005285  0.44744209981361305
  0.45674425572638255  0.46689728056476526  0.47663471171614857  0.48573060856406480
  0.49383587763230308  0.50236810290938461  0.51104367106251214  0.52002200786777586
  0.52889595394252864  0.53790630688440166  0.54790229579414407  0.55887636347890146
  0.57013966519528603  0.58157864194557041  0.59310983689705321  0.60425657034328339
  0.61726017593490035  0.62916061988424477  0.64094489218276685  0.65295266441393207
  0.66355061306276064  0.67341675647010757  0.68295353281588866  0.69357611095766181
  0.70524922956810043  0.71699192968733605  0.72863167971416587  0.73943170373809486
  0.74947753406107598  0.75911194569345641  0.76865250760671200  0.77897529777052621
  0.78987366335056253  0.80095419685048264  0.81158573387406840  0.82191321808502316
  0.83219823860032405  0.84262953557224352  0.85321111279132800  0.86429382257494436
  0.87538382107825341  0.88632367583556604  0.89734498076054503  0.90893194412804701
  0.92037834647257666  0.93066039398270728  0.94193567402206135  0.95358507336033815
  0.96590543122692185  0.97713994525468251  0.98867140371441320  1.00000000000000000
  0.00624897710858293  0.01555236787568784  0.02435330454745773  0.03613599115071564
  0.05053599500819839  0.06558095631434044  0.07974459389677192  0.09197096858835190
  0.10335939534027321  0.11482800858037930  0.12650919160574883  0.13790437820766444
  0.15115650498921454  0.16523463484889062  0.17624264955354965  0.18579266725066454
  0.19516555534550489  0.20482746564842391  0.21494649393245807  0.22597351117771478
  0.23862272490549111  0.25157499859347976  0.26297607694188330  0.27344456544636531
  0.28368139554200994  0.29417173894098964  0.30454790670422272  0.31444463576489534
  0.32374539957188131  0.33265623035804903  0.34151967108881642  0.35054282736549686
  0.36065214980530652  0.37168717656258571  0.38125427528409467  0.39081970165529079
  0.40134781245912410  0.41258861143156061  0.42294570149250516  0.43297036999429100
  0.44379857233827352  0.45548054115187209  0.46721132059274317  0.47897932910972857
  0.49038990676329108  0.50160216860865503  0.51214192166639694  0.52191201166203038
  0.53120757304900046  0.53976642932923591  0.54812865657483545  0.55662811625644359
  0.56705927293950875  0.57838405762574785  0.58908202181676739  0.59932609735332742
  0.60924128307412106  0.61940051186595324  0.62986196026319718  0.64072993773583220
  0.65143420356979909  0.66152928584204163  0.67173502657392503  0.68181455432942939
  0.69112344735220421  0.69976789116275395  0.70897747020577429  0.71905933927313204
  0.72891437763855116  0.73821757704524649  0.74731248626637548  0.75654886478712957
  0.76598195687120685  0.77571499182208847  0.78578751197940089  0.79451980887697515
  0.80242992308854189  0.80993107216466220  0.81778171620291140  0.82576164422203180
  0.83388755600399112  0.84250731946780955  0.85210353831234764  0.86343344925580534
  0.87589966189304236  0.88917840971541107  0.90451860900690140  0.91994128329364733
  0.93154435567904670  0.94165210374989117  0.95196282717194702  0.96208858152641419
  0.97162190605476328  0.98063612877192685  0.99022957491420116  1.00000000000000000
   2.8903550793181179E-016  -1.0000000000000000     
 T F F F T F F F T F F F T F F F F F F F F F F F F F F F F F F F F F F F F F F F F F F F F F F F T F F F T F F F T F F F T F F F F F F F F F F F F F F F F F F F F F F F F F F F F F F F F F F F F F F F F F F F F F F F F F F F F F F F F F F F F F F F F F F F
  <DiscreteSampler_grid>
  grouped_processes
  1 # 1 for a reference and 2 for a running grid.
  10 # Attribute 'min_bin_probing_points' of the grid.
  1 # Attribute 'grid_mode' of the grid. 1=='default',2=='initialization'
  0.0000000000000000 # Attribute 'small_contrib_threshold' of the grid.
  0.5000000000000000 # Attribute 'damping_power' of the grid.
 # binID   n_entries weight   weight_sqr   abs_weight
    10   10   7.608298570947839E-004   1.565797005539074E-006   7.608298570947839E-004
  </DiscreteSampler_grid>
