 -0.00000000909914198  0.00001198187011242  0.00008643138948428  0.00025138466541380
  0.00050213296601009  0.00087349014464479  0.00131048268981443  0.00179312090664976
  0.00235272811743414  0.00304347829856706  0.00383345364777255  0.00459859667105545
  0.00530167146980257  0.00599394475819423  0.00675247301473031  0.00756139559564771
  0.00837953746880494  0.00926374895663336  0.01019174891657926  0.01111050564288366
  0.01218710865832084  0.01332166135246639  0.01447386501646373  0.01565986617251569
  0.01683417365879375  0.01801560204125139  0.01920881185215821  0.02047008315272265
  0.02176523389547060  0.02298889132876088  0.02414769503296998  0.02530335601984236
  0.02658128646005467  0.02807113700872892  0.02965946684144304  0.03117967451060041
  0.03263177693795374  0.03412890100465984  0.03569805050977447  0.03732147656674183
  0.03891383755600220  0.04041683716909671  0.04188175051799056  0.04335791644587073
  0.04487939053204765  0.04643299479889376  0.04801225337804622  0.04963117692630755
  0.05130323060668843  0.05300630711887865  0.05469771988800382  0.05632201579250604
  0.05789079025499419  0.05943179598758392  0.06098278254608247  0.06269377767701048
  0.06434841085040113  0.06596140105585215  0.06753619230768686  0.06910512584942366
  0.07069873441267657  0.07232521760954991  0.07396163366433964  0.07562906457326568
  0.07735143120744480  0.07911422641123905  0.08096676033887358  0.08298442090851789
  0.08507057724250096  0.08725126758695326  0.08947281566300994  0.09167677520327935
  0.09404703250228436  0.09655053703364641  0.09904843190228189  0.10143963104419038
  0.10377877020592963  0.10608295759378883  0.10847967942693743  0.11105372831202537
  0.11364343336132912  0.11623217211857570  0.11884013628810230  0.12149409623095979
  0.12440133265386967  0.12749898370314947  0.13070654952570904  0.13429113709615934
  0.13863497566431518  0.14405260106652437  0.15060796021713516  0.15805065581398603
  0.16723907473008129  0.17978218777996757  0.19412762862846752  1.00000000000000000
  0.00907377436408517  0.01678415016466012  0.02847390005432300  0.04109681038957863
  0.05189554734970159  0.06297230117724695  0.07503569291554535  0.08775639472632867
  0.10032153641260205  0.11248604111854626  0.12464420647701457  0.13671049185602333
  0.14751775881465323  0.15723155861315413  0.16643168999525346  0.17554606690087005
  0.18476465004863055  0.19397645862719082  0.20436162564736207  0.21553965546800383
  0.22591722245454188  0.24240420981496591  0.25401073025542198  0.26154879606962805
  0.26997986327807943  0.27810198308975470  0.28582158341084896  0.29380351219762674
  0.30235748706759524  0.30973489366689283  0.32111857748191830  0.33356904600821957
  0.34461873265969728  0.35514881823577071  0.36567507764293045  0.37599267559280547
  0.38607247577219772  0.39583854232007898  0.40744247360541069  0.41862951451933800
  0.42838302739305789  0.43866673196074585  0.44948781871855303  0.46026707291506530
  0.47081390602002671  0.48114278361402124  0.49177649639938187  0.50288394023101490
  0.51407771742920794  0.52693285182233629  0.53880996030610662  0.55040856062492693
  0.56148946339348571  0.57143704647327864  0.58105911457224346  0.59110417523051950
  0.60168018192553396  0.61216123546115431  0.62219039197284920  0.63226064421436901
  0.64245446384749127  0.65167178432633843  0.66073876681380561  0.66998313572455892
  0.67912023206301253  0.68795281132279595  0.69592150253890583  0.70350274504211929
  0.71117168705260381  0.71868678155461607  0.72681274898679138  0.73741922087449674
  0.74954466508450324  0.76020700035644773  0.77082734492659533  0.78164338290947766
  0.79159650756455568  0.80042513666143311  0.80907265903285119  0.81917566445480450
  0.83007721664209455  0.84147048400896307  0.85262422861801546  0.86466360660509545
  0.87826408640175624  0.89174933343442009  0.90255562952078383  0.91128522365886511
  0.91952730598600541  0.92759116521208107  0.93691576927837383  0.94696909899668635
  0.95742814665276810  0.96897720849387192  0.98206848167096394  1.00000000000000000
 -0.00001419370007678  0.00016400903766940  0.00041669234381931  0.00080784403995292
  0.00132936294458893  0.00202780900146408  0.00276776947360757  0.00354945009127653
  0.00439723202295602  0.00533689992820997  0.00636237745465629  0.00746659969473828
  0.00874578622169733  0.01010199732051538  0.01137642694778485  0.01272217967725636
  0.01407980279219019  0.01539839371335024  0.01687054560314497  0.01837288651506026
  0.01996953266022574  0.02170066706297728  0.02364364751176961  0.02592173930305807
  0.02789022840821410  0.02983854908653356  0.03160680816901847  0.03351237017619292
  0.03540343240655469  0.03743352182320213  0.03988226185757225  0.04246336326936197
  0.04519080032127316  0.04786571462321425  0.05059658869784789  0.05340162488340934
  0.05635566547157209  0.05943022969048475  0.06242374496145407  0.06538922217166368
  0.06858679664584992  0.07207703114020382  0.07574900298587507  0.07939033954522697
  0.08254557857747567  0.08566579117250167  0.08884188189517649  0.09178154414651768
  0.09493370830483928  0.09825851049962013  0.10188257348548588  0.10592779927297104
  0.11043747413847575  0.11522036451811390  0.11983249694853340  0.12429655452647678
  0.12864267642791766  0.13260663476494219  0.13672174282309582  0.14095549947411823
  0.14506643735694513  0.14945589836427439  0.15426728721296143  0.15967491619498117
  0.16657633192662763  0.17408886296098969  0.18196948336067043  0.19005096374658703
  0.19810881228325231  0.20627955689294447  0.21452396476388172  0.22275870980219131
  0.23078917864485715  0.23844723492501754  0.24583744753116793  0.25345191631225783
  0.26161586522680275  0.27122814073210966  0.28222238063611071  0.29397010562880360
  0.30580483043007456  0.31857135926356162  0.33349081237143452  0.34827982126135570
  0.36376061851172098  0.38261369918487759  0.40029410989415387  0.41909157408705244
  0.43942719733670443  0.46226860175317508  0.49064638746159234  0.52914544075911696
  0.58994972272607571  0.69891051608517230  0.83150483160684041  1.00000000000000000
 -0.00365091519245421  0.01473601165730663  0.02736447867863870  0.03932930249161475
  0.05083760135462336  0.06216302987587179  0.07289266139895281  0.08313721912648295
  0.09483380309310380  0.10610565044316234  0.11743924072809424  0.12982886831438964
  0.14288026751617863  0.15467647634971723  0.16510764326500896  0.17514394324200516
  0.18530353403461666  0.19558411437747869  0.20552407147626259  0.21494954614954145
  0.22444259210129489  0.23273216353408960  0.24050854172757560  0.24949113142050905
  0.25868348129744168  0.26762382938084089  0.27636272741892354  0.28555369989914364
  0.29552558049272337  0.30645662529160916  0.31732401329738813  0.32802354330609451
  0.33913484983354603  0.35029314529255634  0.36152493826569743  0.37321148764774770
  0.38533828215828264  0.39787055557960571  0.41206225216486553  0.42625739692528269
  0.43997711034121501  0.45337674792464250  0.46477585807496108  0.47358806004354065
  0.48139997564544362  0.48954843783973695  0.49862064500443060  0.50942533796330314
  0.51983301408740268  0.53016903005864535  0.53961762795373724  0.54753828737424393
  0.55500837273730708  0.56279915598145269  0.57173810332955288  0.58143115861313532
  0.59070489598470310  0.59967539510431778  0.60874348308810400  0.61905954355706172
  0.63033605861769249  0.64150870040789609  0.65018176844823372  0.65787551385456167
  0.66560893899008156  0.67388279304838827  0.68175561583011046  0.68976270388754468
  0.69772484532040391  0.70569774427375154  0.71553747022553982  0.72748424209359841
  0.74033679720042911  0.75312624737152389  0.76601940052506978  0.77811556702273188
  0.78862547927041338  0.79866427487146252  0.80832205963199022  0.81853532830245157
  0.82895310980506087  0.84017819261937687  0.85095358493452200  0.86190881046269507
  0.87316518736806625  0.88401846604021728  0.89519527815702604  0.90760775058834031
  0.92058555448651336  0.93436684423533956  0.94787717807559368  0.96017938324094332
  0.97087156992145829  0.98084986980057787  0.99015899177907507  1.00000000000000000
 -0.00215640295428000  0.01115890866826506  0.02141157715560203  0.03134617535446972
  0.04123825856765541  0.05411155169928886  0.06494827413818091  0.07573751570789626
  0.08486662879221116  0.09359672261953071  0.10262542909097463  0.11163383131491669
  0.12109438956000983  0.13086245723183368  0.14099585551485869  0.15274529145959045
  0.16663470237218678  0.18142364324637528  0.19568469891535073  0.20882190287238586
  0.22079698295089276  0.23180396302262155  0.24184989399585335  0.25218093998341423
  0.26265007514777705  0.27264204865551067  0.28212694120930465  0.29131855836345955
  0.30071021665099179  0.31085013805689998  0.32151696271534641  0.33170023206705868
  0.34054096418565882  0.34888411058828411  0.35836390839386451  0.36775062107129630
  0.37658969766973155  0.38501142633636148  0.39412025890404068  0.40451500357424275
  0.41681406727170245  0.43027330681943204  0.44378276733706062  0.45628690546869866
  0.46708642960418051  0.47690391424630579  0.48627117622580890  0.49610539410581916
  0.50655397971984373  0.51724542640153914  0.52792401719910720  0.53808376322141782
  0.54922345694428765  0.56143611389049042  0.57408505226422701  0.58724332110715094
  0.59944502502737929  0.61063642869357948  0.62093841108327330  0.63215309724566726
  0.64398251153049091  0.65474066972772993  0.66504003920922550  0.67641314516892270
  0.68884177715063322  0.70059254827597361  0.71142880492319771  0.72188593224757680
  0.73318384290504468  0.74478242873967948  0.75462785724046932  0.76337511646393519
  0.77209781919955778  0.78037516853173572  0.78847675709976850  0.79716196733390876
  0.80662612373863940  0.81619800063659342  0.82616500658981540  0.83657479121343126
  0.84920894099700395  0.86076990848023827  0.87138704313426485  0.88202351670724988
  0.89442137331491023  0.90337278918230524  0.91098642544016328  0.91840889287684901
  0.92634870779737333  0.93533437044948642  0.94464904437723285  0.95387555685028302
  0.96375671786455408  0.97542954750322874  0.98775148773629351  1.00000000000000000
 -0.00297255391628565  0.01391305672375544  0.02716483449302939  0.03941958059311607
  0.05070559656299364  0.06140125322762358  0.07213552989718383  0.08272769945412192
  0.09258563396855830  0.10194009263365925  0.11172171370985212  0.12189196314326635
  0.13189273587590639  0.14067277661248895  0.15166977935150858  0.16380885367249523
  0.17540795575950022  0.18662539687104263  0.19761291037172313  0.20835448732280831
  0.21890399992298620  0.22825275432530817  0.23962974496364794  0.24995063313325555
  0.25997477767304483  0.26980195764695608  0.27983192468447088  0.29039833182669744
  0.30054322430875702  0.31043393399770303  0.32015467856733409  0.32937630772833826
  0.33834770774789380  0.34757832968689290  0.35633082575272362  0.36484473097354830
  0.37147546410938426  0.38363537838125811  0.39779239754357804  0.40999832637203709
  0.42192391691007142  0.43390476513411258  0.44442985029635290  0.45378922309072578
  0.46395930797337354  0.47499583611315832  0.48740293145703917  0.49861011659487658
  0.50994022052019106  0.52076885095700653  0.53070762282565076  0.53993878747401891
  0.54903588902904188  0.55877650032126980  0.56976306385809194  0.58225929429863332
  0.59413271463468043  0.60552122119365337  0.61655927922720266  0.62746042529470192
  0.63842515272062839  0.64914016057593138  0.65867514416777717  0.66720305789109180
  0.67410618253885446  0.68123780943355150  0.68934199623567438  0.69935737249782715
  0.70827248507374996  0.71870208647318268  0.72903905626584997  0.73819404464852856
  0.74743944493106151  0.75717236969661483  0.76739744439793789  0.77672295981170958
  0.78554334014710081  0.79483971496807615  0.80514782425326037  0.81648671758832481
  0.82848316495334884  0.84037817556813976  0.85364927953514225  0.86810722268382923
  0.88322556061489166  0.89365453596879962  0.90439513237173252  0.91561067324028278
  0.92495632667202066  0.93553446577810739  0.94677324362691540  0.95777238902895234
  0.96913790517505971  0.97941164918945811  0.98956518382830083  1.00000000000000000
 -0.00125480934583693  0.00613468039650836  0.01405662805795006  0.02265104471424694
  0.03204972265870794  0.04155044748971247  0.05193813652121294  0.06388094578690662
  0.07671881280297262  0.08854430638678855  0.09912031784214974  0.11005025934558210
  0.12117594198615450  0.13208670835884095  0.14274100074452611  0.15388444713497645
  0.16490775059452883  0.17637213030300575  0.18754593898052574  0.19862244831658318
  0.20908625060237856  0.21834262924516029  0.22735810914172222  0.23544970351368491
  0.24359751199522364  0.25204826176102041  0.26115417429469862  0.27146729133270647
  0.28284099541498936  0.29496203271279320  0.30698744684021184  0.31882142156882110
  0.33087859554657117  0.34338216065801036  0.35543240646607921  0.36562556476030494
  0.37525056551728930  0.38508909095322075  0.39456529298372706  0.40385542641660044
  0.41198309374955350  0.41984827412511305  0.42874647912936464  0.43740115656733158
  0.44720689177822753  0.45964202057362519  0.47367309784717454  0.48804155782886077
  0.50216923765661536  0.51607360521157730  0.52949597921169878  0.54152889236584278
  0.55266424956230376  0.56415768269143118  0.57602550507729922  0.58840253936084652
  0.59913601642970116  0.60960621797610692  0.62050760897423762  0.63084440286269594
  0.64126039772359256  0.65297903912530830  0.66473319157721378  0.67547292761321720
  0.68500895105516568  0.69370493707241465  0.70162763112478799  0.71000183267863815
  0.71906526358299672  0.72908694696194287  0.73940571969339708  0.74961304590542210
  0.76115260985717847  0.77339203871978113  0.78619734119357298  0.79961296264312054
  0.81315317152505573  0.82691928507921475  0.84148332522743663  0.85629039584401945
  0.86869134715636720  0.87791819176017316  0.88584160353211272  0.89364155455514205
  0.90148265124335647  0.90975499313419939  0.91804008806369908  0.92592819706673668
  0.93318330911986325  0.94294430429686671  0.95378267716516940  0.96359196803197511
  0.97264091380295303  0.98165132962587964  0.99080565374547791  1.00000000000000000
 -0.00330193567450131  0.01091871448386847  0.02379304574706015  0.03644412358574498
  0.05035660447281484  0.06495283172515315  0.07722465258933650  0.08889548453299960
  0.09968450742209917  0.10895183818405199  0.11823113647292077  0.12725639380705223
  0.13723901244000805  0.14825594639773215  0.15974110051502816  0.17230197660475155
  0.18199699841271352  0.19028769584521316  0.19913767232873683  0.20812878841837992
  0.21724899930959143  0.22938790519728827  0.23903917917222395  0.24930185736941698
  0.25970191877501025  0.27108423340253274  0.28288857180711768  0.29492126016162484
  0.30798687758509191  0.32009834165233136  0.33098995114617225  0.34107064264499931
  0.35090179592051968  0.36111642797195176  0.37133824315751618  0.38071824323178632
  0.38950607723313740  0.39812531633007209  0.40754151177129211  0.41648063389288609
  0.42595999515268435  0.43451772667925648  0.44606915856407947  0.45767670983751091
  0.47127109832881114  0.48330511944872301  0.49407211857252098  0.50457248332712634
  0.51456922917512482  0.52372344100359169  0.53295004613566921  0.54168984653932106
  0.55303152658469401  0.56519401344585907  0.57794979008439651  0.58992071332040474
  0.60062101730060025  0.61071990427904721  0.62041156095003114  0.62912830646128570
  0.63606821884438847  0.64458187231077191  0.65313757697266528  0.66212212716179664
  0.67077999331122029  0.67889091970054416  0.68704311214914071  0.69636438164540582
  0.70666283185078427  0.71718022862545516  0.72731146263912627  0.73718192504544688
  0.74669610078514215  0.75651684992689461  0.76653094135325672  0.77657678768956029
  0.78578416985581678  0.79461101163631509  0.80344287420915461  0.81400590069910417
  0.82598711669249947  0.83845242705027934  0.85093350527632083  0.86331386039350633
  0.87468611635903371  0.88486713036490316  0.89461422312658423  0.90379049595934480
  0.91299817064441480  0.92253092413908488  0.93296425905877889  0.94517291034778117
  0.95898287910036417  0.97324278000887654  0.98691314532019092  1.00000000000000000
   1.1952175015240598E-011  -1.0000000000000000     
 T F T F T F T F F F F F F F F F F F F F F F F F F F F F F F F F F F F F F F F F F F F F F F F F T F T F T F T F F F F F F F F F F F F F F F F F F F F F F F F F F F F F F F F F F F F F F F F F F F F F F F F F F F F F F F F F F F F F F F F F F F F F F F F F
  <DiscreteSampler_grid>
  grouped_processes
  1 # 1 for a reference and 2 for a running grid.
  10 # Attribute 'min_bin_probing_points' of the grid.
  1 # Attribute 'grid_mode' of the grid. 1=='default',2=='initialization'
  0.0000000000000000 # Attribute 'small_contrib_threshold' of the grid.
  0.5000000000000000 # Attribute 'damping_power' of the grid.
 # binID   n_entries weight   weight_sqr   abs_weight
    19   10   1.054497038630183E-003   5.071338038330534E-006   1.054497038630183E-003
    37   10   5.117831130869602E-004   8.435633591338996E-007   5.117831130869602E-004
  </DiscreteSampler_grid>
