 -0.00000001419879624  0.00001113961007526  0.00008201049882230  0.00023899923280437
  0.00047737414995782  0.00079098563730943  0.00117149651106057  0.00162472985413001
  0.00211845491872035  0.00265012122055508  0.00323777700373788  0.00385875695058975
  0.00452736051060376  0.00524227554580701  0.00596963236928307  0.00672677088804528
  0.00752630133050604  0.00834992467415874  0.00923356908396465  0.01014013811633248
  0.01105193066351479  0.01199788181326171  0.01295104205444175  0.01389416323605680
  0.01489147652146751  0.01593741455935094  0.01700187389235396  0.01806090448416669
  0.01916897289057239  0.02030464401190818  0.02145589071894367  0.02258271978599878
  0.02370135753142476  0.02486918426185020  0.02608676059102486  0.02732816816068532
  0.02858496507781066  0.02983198162595656  0.03105758000468447  0.03229785545224385
  0.03358372925331751  0.03486143193885873  0.03615318431339339  0.03745957849755233
  0.03878197336520101  0.04011061939483546  0.04144564243482902  0.04282623582379087
  0.04425844608751359  0.04565238190256078  0.04703722132621672  0.04845571003506065
  0.04990204895526196  0.05136845401503078  0.05283627181224822  0.05432776636248467
  0.05592931881887968  0.05761720837866859  0.05927558537907092  0.06095337856500784
  0.06264852996701034  0.06435032015028466  0.06604970245329282  0.06773740278731460
  0.06938384861307666  0.07125287734775161  0.07318731960374811  0.07514838754600098
  0.07712915280938736  0.07913332898479430  0.08118704731647912  0.08326706779048103
  0.08535616477467813  0.08745465682793259  0.08960579725537977  0.09190416531954394
  0.09430244703162897  0.09699169998676975  0.09973628916475238  0.10248306373056033
  0.10528606086430611  0.10820652854170357  0.11120369012860934  0.11424966589621419
  0.11756307837042906  0.12126293690571799  0.12539669262142214  0.13015369565004542
  0.13511316073996618  0.14042433151116693  0.14620414763635478  0.15285565742145379
  0.16274006836730620  0.17799306182271510  0.19547849858117600  1.00000000000000000
  0.00946905420916409  0.01602500711084563  0.02483094544660297  0.03583237541242761
  0.04618375138343289  0.05614333641183727  0.06611765858572237  0.07632015321590584
  0.08652936529413978  0.09668512568110410  0.10704858818701812  0.11754855341541162
  0.12792836816008424  0.13803710008372494  0.14810133008720305  0.15824564185293599
  0.16845184729064200  0.17859915012793109  0.18872990721379274  0.19876615321953678
  0.20894446094391475  0.21925638020837904  0.22974328162781923  0.24032250165142177
  0.25073010335262219  0.26082354017867726  0.27095406406120992  0.28124765621280284
  0.29154554972665159  0.30163244612964696  0.31173687975467984  0.32207589294187727
  0.33235489403793272  0.34262195201508677  0.35287753406017786  0.36330958345787917
  0.37351960567875570  0.38341015714691395  0.39324529791146934  0.40316598718096985
  0.41284376120046590  0.42248460117429415  0.43201373996565318  0.44216213951133349
  0.45311915338880293  0.46373104718375791  0.47415736536687025  0.48437963159583136
  0.49471299273899272  0.50517491661536196  0.51571982279841977  0.52652114857029308
  0.53759585012900191  0.54866461102770703  0.55958064694459075  0.57031621694618639
  0.58074202834969613  0.59089092595956438  0.60090016363938981  0.61104832941597076
  0.62135775283565331  0.63176952015552035  0.64230403870718666  0.65303611918386806
  0.66397145405780389  0.67485348428900527  0.68580613989350603  0.69692442383084974
  0.70807950856325297  0.71930178061498573  0.73056993310256946  0.74165330611368951
  0.75218083343286046  0.76206624697633862  0.77171400904606335  0.78134464756039879
  0.79092759374845922  0.80039242242523811  0.80983292847399591  0.81950384821558009
  0.82949241914559280  0.83977537196049501  0.85035710340851534  0.86139750070849497
  0.87281516539456039  0.88392326665804943  0.89466689557003420  0.90555676738360547
  0.91691251864207834  0.92779462022543502  0.93873644718198446  0.94978516791583645
  0.96073414617541142  0.97092174049696511  0.98077070158665669  1.00000000000000000
 -0.00253069692971795  0.00945627732136175  0.01929652693602733  0.02959350454449285
  0.03970719690647603  0.05038184959128833  0.06099195282938141  0.07199659692654636
  0.08313218177936969  0.09416420314290758  0.10504045545520573  0.11600019226454120
  0.12666309218273533  0.13715103267538345  0.14726308680174013  0.15682981300284676
  0.16619429705231437  0.17518140356507694  0.18423179845000903  0.19359354006859081
  0.20340049865762289  0.21341415794400781  0.22346299491549501  0.23329043429432447
  0.24345506616469184  0.25376933891674763  0.26410100663062075  0.27405530640653042
  0.28387531197756471  0.29418761930398857  0.30530662101973721  0.31628879440256791
  0.32703794992381890  0.33811208828385159  0.34957353015610804  0.36128101891664605
  0.37341419704526141  0.38554610157500530  0.39712922446760035  0.40823998789235255
  0.41920549840559168  0.43030835008417656  0.44167533324266783  0.45302657195466373
  0.46436708053211301  0.47565813714904653  0.48670024647322496  0.49760377453785926
  0.50831277698068134  0.51914653438011271  0.53003218330284008  0.54103982776914372
  0.55206090592952339  0.56271873737989819  0.57283213368529817  0.58278444365408466
  0.59333187618474548  0.60382679676490925  0.61340244099926255  0.62274375160524165
  0.63291195599009409  0.64308310756546871  0.65302676171006357  0.66273682595204308
  0.67325829454531960  0.68462469661284597  0.69583971320626148  0.70702541477941294
  0.71728357841821200  0.72746076842536844  0.73749580129040437  0.74745651751238729
  0.75767597084901661  0.76795196645313935  0.77843195358785022  0.78910278300595205
  0.79949878124251594  0.80987335174040986  0.82053490090048387  0.83139488669565687
  0.84238525120809182  0.85323322741956142  0.86384992040585895  0.87430600329536423
  0.88443645755490663  0.89467894148872606  0.90474762698572719  0.91478846503594091
  0.92487347599410008  0.93510719934694109  0.94535828487793816  0.95565470168721400
  0.96631607052270685  0.97728196052848593  0.98863043882441126  1.00000000000000000
 -0.00278495590230870  0.01056714588214364  0.02134667244232729  0.03268013881829753
  0.04339279560006765  0.05350468621909205  0.06364420147181588  0.07407254350115935
  0.08439259269598674  0.09530009170212181  0.10559954261739886  0.11550240298718205
  0.12565003698109040  0.13593654210516154  0.14681041827993335  0.15638999265338360
  0.16559300091953305  0.17462474027704339  0.18374549512127764  0.19336013553277745
  0.20349459118568231  0.21445452337281684  0.22598054772463033  0.23753035196985992
  0.24891814601511714  0.25979955525405057  0.27038535200511632  0.28085772592547242
  0.29126219445230500  0.30159083954450805  0.31188885086693374  0.32232850361404525
  0.33290496556789140  0.34376705676799257  0.35497134215739828  0.36639580214508549
  0.37765899942327841  0.38842095829728135  0.39865337730683548  0.40845053117754843
  0.41816053225833910  0.42799549290735850  0.43791573949678231  0.44782201761504398
  0.45794383217906426  0.46845373887606606  0.47903885911885230  0.48937407585682180
  0.49984569746347507  0.51066924127511615  0.52151191200479485  0.53200002483445319
  0.54244695161976764  0.55319077173017273  0.56419239100165930  0.57540277675673845
  0.58670276162035562  0.59788406486667012  0.60890865441244313  0.61968852218310011
  0.63022365276051373  0.64069313321929178  0.65121549680080626  0.66215290497764323
  0.67335874065455781  0.68450301400533242  0.69540661260835268  0.70626618366107607
  0.71742145512929500  0.72866741331699825  0.73947528435892107  0.75028324646913647
  0.76143806073307341  0.77258057285615822  0.78304221763040038  0.79315325337250453
  0.80323306456064814  0.81320054557266153  0.82304334903226872  0.83270858132350190
  0.84269885847355153  0.85315856595828166  0.86421880798540462  0.87551928932310619
  0.88675903514820453  0.89793772510589209  0.90902926213939150  0.91971533568892228
  0.93031589016297267  0.94030525028233014  0.94992963432735267  0.95972431518278056
  0.96990431157460455  0.98030609264459501  0.99012107652869397  1.00000000000000000
 -0.00227829793296065  0.00982123299641631  0.02038613829106112  0.03184595130196587
  0.04312240590620135  0.05432552861205669  0.06543781000800634  0.07629463918298306
  0.08696597060917918  0.09714115022112962  0.10716944706416064  0.11731401841288888
  0.12828323328308538  0.14056318982849270  0.15237973889540102  0.16335194859439794
  0.17394924922391813  0.18422346394395611  0.19433451678330249  0.20446772137875766
  0.21509323661708377  0.22610648392430951  0.23720726110985926  0.24837761607936890
  0.25898187539137507  0.26944103077598863  0.27984244668424657  0.29052654064889494
  0.30117400062327065  0.31171763894323357  0.32258430551671557  0.33328086026778453
  0.34416423116879741  0.35488586335975847  0.36580195732497328  0.37625562368281201
  0.38648580255706483  0.39670973588839525  0.40686476530579802  0.41703929924790611
  0.42704758444029761  0.43695907704612358  0.44796371345188640  0.45903968637403725
  0.47014010236579201  0.48117140332209196  0.49228616848182971  0.50294735228602794
  0.51310449625676813  0.52331314971055021  0.53377813087651094  0.54431825409708057
  0.55492844756910209  0.56608212667134650  0.57762435643865995  0.58840757551405043
  0.59873140006371806  0.60957019676993296  0.62057549364484443  0.63101202793379851
  0.64086546019181823  0.65040807969526471  0.65965482211160864  0.66906644956111982
  0.67891345222744026  0.68888851080355284  0.69872010405168350  0.70853824537002497
  0.71861278150398544  0.72882001452016110  0.73930231207711428  0.74961474022732821
  0.76004118383044494  0.77083293190112534  0.78188214886109164  0.79372401905941647
  0.80412926662470652  0.81463684502032718  0.82478203810274153  0.83479235354621972
  0.84476688097833441  0.85452559446312448  0.86496488336250699  0.87576437694093501
  0.88622361365117197  0.89663595247593708  0.90695694824555906  0.91701820206121376
  0.92672533589123851  0.93667847326186759  0.94786061885868012  0.95882366821244902
  0.96874864920870263  0.97872303712214859  0.98942840791157738  1.00000000000000000
 -0.00251770772647569  0.01024932481356340  0.02149749926524479  0.03270043679713142
  0.04358896553527358  0.05433508337933226  0.06569011284443761  0.07754803342538891
  0.08947736936327221  0.10109493865375395  0.11198836573586086  0.12246365713603929
  0.13303114407359237  0.14360860615169543  0.15408577089361747  0.16427294343125107
  0.17460928137207038  0.18505424576058202  0.19575350596277613  0.20618799627970780
  0.21652205354619009  0.22657620842640414  0.23665310437901865  0.24692082880895366
  0.25739471805954811  0.26768764592609240  0.27731245228759083  0.28688147188717333
  0.29676779794160685  0.30680195327798537  0.31687748727232745  0.32693459182475310
  0.33708734869838869  0.34748293307900885  0.35750998766125858  0.36753198531245229
  0.37766134741516449  0.38819616808524171  0.39885247766094711  0.40998091102073592
  0.42110086806142494  0.43237320602473223  0.44353045896455950  0.45453631711953668
  0.46554372247491055  0.47644371236708183  0.48736725549360105  0.49797768995006630
  0.50870437972159233  0.51956817902197061  0.53038698774409399  0.54122924086652835
  0.55222670695242970  0.56324933509241348  0.57394033118414989  0.58447928886954925
  0.59512573925739976  0.60590231956829776  0.61663238093404582  0.62775410599335024
  0.63899306197482064  0.65013360571297185  0.66092252202247315  0.67199558266393045
  0.68336929051812334  0.69396075546167912  0.70440233235811689  0.71506689862091322
  0.72605938834279860  0.73636495199433416  0.74614625776467025  0.75607032297479659
  0.76556359709158084  0.77488821456335888  0.78407817329365537  0.79397904038504086
  0.80435522287760841  0.81475564011483725  0.82490363352045193  0.83529004788200178
  0.84594195531814598  0.85679050524848532  0.86767201100559488  0.87865903960904013
  0.88928755888970290  0.89964016773332145  0.90993463072691882  0.92026805909800347
  0.93038921752933268  0.94076284516131348  0.95097560713589868  0.96114093610937579
  0.97075371605855376  0.98056162276480208  0.99026364322973570  1.00000000000000000
 -0.00195826986112141  0.00684224073112903  0.01481903105293904  0.02325418383624881
  0.03207922170782863  0.04077621139060901  0.04900823607902653  0.05717390486431473
  0.06577474404976132  0.07502874147916617  0.08446929049451542  0.09398679571044187
  0.10359224899942995  0.11343421724204186  0.12339358674387814  0.13288301528703667
  0.14212800416615531  0.15154342213344058  0.16104078348219930  0.17077923679941115
  0.18079042365824813  0.19130769793418728  0.20245908659481210  0.21372300637840991
  0.22489133595746622  0.23625851077894672  0.24773655289165122  0.25901181264505807
  0.26978251099403272  0.28057677792443353  0.29138338227481714  0.30202813134696921
  0.31255754888323978  0.32340385296953283  0.33443462947560954  0.34546622877951372
  0.35665926287669564  0.36783630077795354  0.37945483800890789  0.39136608704789111
  0.40424318974637991  0.41726641772562267  0.43063474858313089  0.44290200119937029
  0.45475060733017719  0.46698249349406895  0.47927329533109087  0.49117088052851121
  0.50326264327198189  0.51588593652409931  0.52811745464498816  0.54000421098468321
  0.55193904216397605  0.56396804972915049  0.57623849733379007  0.58902139120759045
  0.60226084589717932  0.61571098307967875  0.62842525535003402  0.64037851648987243
  0.65212522789568050  0.66382829917498998  0.67546483876716745  0.68701784823938750
  0.69880747722767389  0.71031866449861369  0.72118068657546752  0.73168915532654466
  0.74218070138184089  0.75290270927153380  0.76357290535202016  0.77404211088137642
  0.78450120138725443  0.79500237448412947  0.80547626242555936  0.81613370786156914
  0.82676723816209530  0.83686289368064859  0.84595012473625009  0.85474161489341616
  0.86373363300591155  0.87306660707051809  0.88253504917139924  0.89186366351739232
  0.90102619037142284  0.91015650927650182  0.91924944247494056  0.92825300349608841
  0.93710482028816211  0.94577608215429665  0.95440870271749167  0.96340190562219186
  0.97294573982283616  0.98231919170492255  0.99137161794019180  1.00000000000000000
 -0.00268942170266518  0.00995049234379478  0.02079904369634844  0.03158906522187688
  0.04258471278969331  0.05373444918053669  0.06471555360163223  0.07547503393403072
  0.08576131472245718  0.09604359881707288  0.10650348987745704  0.11732471740817807
  0.12817207918158824  0.13850209863921648  0.14863686640237186  0.15904426988772985
  0.16998714444478372  0.18151654781421614  0.19255724164554208  0.20343604221023243
  0.21382698740392214  0.22389512563521055  0.23397755719593710  0.24407408014736606
  0.25479060484804561  0.26591023392236607  0.27751556676279093  0.28909997627597234
  0.30059877030182158  0.31197434058768159  0.32351126596681157  0.33505523210299543
  0.34606104374893049  0.35673446344766407  0.36686081751310279  0.37692782559887600
  0.38691774958606662  0.39745663843607215  0.40861656010784742  0.42009240161356198
  0.43176044901689875  0.44271559307702257  0.45324825381691564  0.46353139234255225
  0.47391004822761273  0.48437486371721106  0.49490835797422095  0.50534132112735775
  0.51570982007268285  0.52593933051258601  0.53616512744688116  0.54629596122167334
  0.55623178055021760  0.56621972567829804  0.57619922815922153  0.58635564751175417
  0.59627011318392520  0.60637319520160049  0.61665653175448387  0.62741554763666973
  0.63816213209593342  0.64919908397130932  0.66015326210369485  0.67095967438507942
  0.68192733641394010  0.69264689567010418  0.70342724880684981  0.71389834544547293
  0.72428549803986719  0.73439666430290396  0.74439337824910301  0.75415953540654079
  0.76365445268309184  0.77299787240542106  0.78246320949919601  0.79224378263493944
  0.80247645756137109  0.81249005952723896  0.82282973654446823  0.83324672174682690
  0.84365590663345436  0.85391925415356673  0.86442899020267194  0.87518758639897731
  0.88591339802994906  0.89646851479613232  0.90663964416036191  0.91703184231659696
  0.92748922218703400  0.93827197609274593  0.94873018795417829  0.95905974403287253
  0.96934009156936218  0.97955971244388729  0.98974783886016005  1.00000000000000000
   1.7318171340265525E-010  -1.0000000000000000     
 T F T F T F T F F F F F F F F F F F F F F F F F F F F F F F F F F F F F F F F F F F F F F F F F T F T F T F T F F F F F F F F F F F F F F F F F F F F F F F F F F F F F F F F F F F F F F F F F F F F F F F F F F F F F F F F F F F F F F F F F F F F F F F F F
  <DiscreteSampler_grid>
  grouped_processes
  1 # 1 for a reference and 2 for a running grid.
  10 # Attribute 'min_bin_probing_points' of the grid.
  1 # Attribute 'grid_mode' of the grid. 1=='default',2=='initialization'
  0.0000000000000000 # Attribute 'small_contrib_threshold' of the grid.
  0.5000000000000000 # Attribute 'damping_power' of the grid.
 # binID   n_entries weight   weight_sqr   abs_weight
    19   10   1.334472261907655E-002   6.550514865480391E-004   1.334472261907655E-002
    22   10   1.783636947536600E-002   5.712648149798859E-004   1.783636947536600E-002
    25   10   1.786185123949550E-002   6.437578285106229E-004   1.786185123949550E-002
    28   10   1.187872924870715E-002   4.360178725067526E-004   1.187872924870715E-002
  </DiscreteSampler_grid>
