 -0.00000434156570746  0.00090113675250957  0.00276824339231719  0.00450911857008681
  0.00626143079596249  0.00810542831302788  0.01010291764313488  0.01197143023066902
  0.01363040564880925  0.01522082017676423  0.01678377594406965  0.01836375292501171
  0.01993913952954507  0.02148445601503490  0.02295305433573872  0.02432206103548315
  0.02568774585359475  0.02698697057576510  0.02824228945371952  0.02949720767405889
  0.03078154051657540  0.03210819683610849  0.03342569418148335  0.03472761700339350
  0.03601928870283380  0.03734333871979943  0.03871260029105063  0.04005131645613728
  0.04134958364298272  0.04267399039928566  0.04398772725399102  0.04523524379024813
  0.04645941902479798  0.04766808967721824  0.04895151342267082  0.05031349162768715
  0.05172678020182136  0.05315273213360186  0.05454741748317472  0.05613791054996248
  0.05761415484740561  0.05909819193852880  0.06057721384542953  0.06207472983007094
  0.06360195844626301  0.06508564552395792  0.06650146484452665  0.06797662149986290
  0.06941688893134806  0.07084529058528340  0.07228637389159331  0.07373402507163937
  0.07511945773796315  0.07654821176778774  0.07796214853702409  0.07945121839401578
  0.08096344863788070  0.08251050373761787  0.08406114896684588  0.08552558728337165
  0.08695019690216962  0.08834411716449904  0.08967715315043667  0.09105517851986093
  0.09262214782846304  0.09434530240957363  0.09608408792870367  0.09780920948234197
  0.09955855636242757  0.10129923783437600  0.10305098410564879  0.10484829455615489
  0.10673573719321484  0.10870427709106451  0.11073508403090139  0.11264756583012021
  0.11446952072405311  0.11630111554703929  0.11823994808924587  0.12057389236355669
  0.12306514019649571  0.12555238236812133  0.12804030403483188  0.13058931710600424
  0.13314224226146931  0.13575662837108360  0.13873478675758336  0.14221110584552152
  0.14596197289878862  0.14982309719717798  0.15424422569127308  0.16003518144481652
  0.16815354496188198  0.18069884751271237  0.19427052651225749  1.00000000000000000
  0.00914459523979496  0.01730463681774883  0.02643846673118836  0.03790712217099101
  0.04763796295073666  0.05758528603368775  0.06777731729883925  0.07804441186924044
  0.08875852366729485  0.09925938229522310  0.11043697095745030  0.12188488747269563
  0.13231044918604590  0.14238042266944914  0.15077759329395610  0.15875535879734545
  0.16705122985726956  0.17632291520364360  0.18589922412223853  0.19512981519887856
  0.20404648421187604  0.21361675446889031  0.22384745121070071  0.23341696629692121
  0.24208341186207732  0.25171446784289464  0.26313060921618364  0.27434319148744524
  0.28462960834612627  0.29421342213264634  0.30355655344268362  0.31301252042722028
  0.32279680604898309  0.33256770470068903  0.34186985970781292  0.35196583806833770
  0.36288542704437399  0.37340258815568356  0.38335334740392252  0.39314294545999640
  0.40409262870196661  0.41600565116026106  0.42868381456728138  0.44009098333625690
  0.45060901225846250  0.46143140451555292  0.47262510916404182  0.48353388405593473
  0.49395571564127622  0.50496321407447908  0.51691684057865084  0.52938326494944121
  0.54212196659716194  0.55253533292262813  0.56242723869500078  0.57203947724354320
  0.58167534208615013  0.59253195175692142  0.60333149879705461  0.61532401243665280
  0.62836737193830683  0.64160630163576682  0.65488228988895247  0.66648261092496430
  0.67686415760385810  0.68711825031674045  0.69754379791781007  0.70803573276441611
  0.71825845421621082  0.72876819789213887  0.74017541083303329  0.75229959978216443
  0.76493465910905190  0.77730910616569571  0.78858992887234669  0.79953722251844495
  0.81004043013048654  0.81977818306315442  0.82995909269909962  0.84050673740262161
  0.85064173236940677  0.86055215582499245  0.87040841316533679  0.88037281533833067
  0.89016383708321400  0.89945692285375223  0.90851788006681189  0.91812549564792889
  0.92761033861496633  0.93623236874865057  0.94438101250106232  0.95230015879021035
  0.96077517930880818  0.97052293643691712  0.98255245678779013  1.00000000000000000
 -0.00001782723630393  0.00016687376210974  0.00039408090039507  0.00076050450120500
  0.00122269933189381  0.00175330695019510  0.00241605353852788  0.00322675372428011
  0.00413589013263122  0.00502475108900926  0.00602351559120940  0.00721680688498088
  0.00863719893783666  0.01018181786472621  0.01192603966280748  0.01398135788748218
  0.01616262226859289  0.01837667056403175  0.02044781842039260  0.02221223285537600
  0.02388825291831091  0.02562029575226925  0.02734586386834087  0.02913880371345774
  0.03125102287023618  0.03378591572944607  0.03652583238613142  0.03938360135191130
  0.04232820837206849  0.04521672845155644  0.04794530764145860  0.05071771897236501
  0.05341285751718154  0.05610199636547804  0.05903790298083818  0.06222742763511323
  0.06552029253518654  0.06892510049963092  0.07249025857701968  0.07621319194580616
  0.07990990161861532  0.08372600191295675  0.08773592868077530  0.09179238807932752
  0.09642814653401116  0.10083576212409201  0.10515376418487365  0.10906540824444018
  0.11265408038618258  0.11638970237725292  0.12037850374228350  0.12454923503254779
  0.12853828651010396  0.13280671098662480  0.13719204749900105  0.14173567178642563
  0.14673279686909294  0.15261131016032356  0.15876733596489034  0.16489151536835198
  0.17105300103109036  0.17731479716740708  0.18365136630078485  0.18986692850490286
  0.19588565310563200  0.20231713745506819  0.20897277507221068  0.21602581368858989
  0.22349221002300557  0.23122582215969370  0.23890412323793395  0.24644733686624351
  0.25854802855187581  0.27016187953765658  0.28079885453769904  0.29102458939130060
  0.30151054861297794  0.31260424185690722  0.32467027207725657  0.33718856940880482
  0.34962016152028957  0.36239000275895389  0.37603637987298461  0.39073602025599413
  0.40623320554561104  0.42213592307519587  0.43836751050878958  0.45542676991806241
  0.47501866917465435  0.49762626679903965  0.52285566280320905  0.55424960922138855
  0.60468745997681828  0.69625183463007145  0.82727542015074040  1.00000000000000000
 -0.00177119909482690  0.00748609262816923  0.01584871829520380  0.02500407200839347
  0.03373937278590784  0.04268978434919492  0.05206317770602541  0.06236310387812534
  0.07409559891458767  0.08511008384193973  0.09569505322402720  0.10548553263276308
  0.11525985576131059  0.12589090629842770  0.13705262741080004  0.14785716613970740
  0.15717913589706825  0.16627812354669702  0.17615211850965870  0.18590201097986583
  0.19567747817126432  0.20592270280877417  0.21767663599668313  0.23038213631832330
  0.24146203227263571  0.25172869340639359  0.26241910273038482  0.27306706879419018
  0.28378349112237045  0.29335996341817272  0.30146982944528417  0.31023538322917105
  0.31927468894068395  0.32826214786041169  0.33708690803595120  0.34563267325356289
  0.35510270567264118  0.36677547724620746  0.37832626087976468  0.38904252162804748
  0.40029414978220551  0.41212173029275356  0.42432203686842523  0.43534589045022321
  0.44750500404219790  0.45947124774890369  0.47072294309430629  0.48205413720005480
  0.49340628858155322  0.50464001614259590  0.51578900006788986  0.52785128680086957
  0.53989859873137303  0.55061158210372985  0.56079694755822596  0.57194891127681036
  0.58358224396027614  0.59439638951681639  0.60461406877233381  0.61501728080385487
  0.62587756849986453  0.63724104173930674  0.64862075492177462  0.66003926334110752
  0.67165533868632654  0.68350083236656356  0.69728170286811564  0.71133376609992538
  0.72306743775546001  0.73489814326117076  0.74475413937975410  0.75411158999307482
  0.76335184222769037  0.77257056339766916  0.78199294061786506  0.79130640393216878
  0.80118105406878504  0.81134543698577921  0.82166522451422774  0.83207871353444662
  0.84344087598728590  0.85456927776600633  0.86449809371330066  0.87421233818961641
  0.88393010586407006  0.89386300651297079  0.90419723864599488  0.91492565034385631
  0.92631509058727135  0.93690310738658722  0.94745235449491916  0.95702557802377763
  0.96657508412620985  0.97643624179290378  0.98711372729547964  1.00000000000000000
 -0.00254099598310567  0.01091535044022421  0.02290368618409055  0.03343907485332168
  0.04332174883038677  0.05181349667790700  0.06052476967318260  0.06953295364628385
  0.07941340946237238  0.09096715676507128  0.10333785657389949  0.11391466519249818
  0.12411737972063286  0.13351822705967165  0.14251165783057412  0.15110983284321716
  0.15906219172439787  0.16740879855258481  0.17654673874364424  0.18659252089226525
  0.19961767921356474  0.21556128623491186  0.23003740419177351  0.24188774577404179
  0.25301016710275581  0.26402163976438009  0.27484173105712484  0.28516264133639152
  0.29443374114884585  0.30346860984913004  0.31285667277474399  0.32264347581428970
  0.33287770329074506  0.34166662960339239  0.35057075019887907  0.36029326320739713
  0.36938390029667362  0.37821565042268118  0.38716699533972782  0.39697623449001213
  0.40801530045085738  0.41913398196761942  0.42959201686616694  0.43987435328148644
  0.45039562466154587  0.46054933061497599  0.46991305333497230  0.47923033681293159
  0.48893213723319096  0.49841329280997604  0.50759152217648962  0.51667070452313524
  0.52664601076825335  0.53747237862421060  0.54821789982472247  0.55903424185484918
  0.57029284877042419  0.58068189290894445  0.59076097984900366  0.60117079325968337
  0.61150962562783362  0.62173865165560616  0.63190950676767033  0.64250040601469494
  0.65343305610630720  0.66432947647487672  0.67451079234492728  0.68499274756700557
  0.69706807686589101  0.70854500989906577  0.71774364977004657  0.72601897300366902
  0.73443689423011183  0.74283853971808422  0.75143354509854354  0.76021983048846165
  0.76913649972580611  0.78130273970782982  0.79469192999405946  0.80792581158517518
  0.82101889213530788  0.83395409545273058  0.84806006865449624  0.86177602101478756
  0.87459538460696162  0.88623461171094275  0.89720287007971222  0.90834620331949378
  0.91921624468635055  0.92983768292468805  0.94086321003525419  0.95268697840501559
  0.96467912611424622  0.97654683983285850  0.98847420258206453  1.00000000000000000
 -0.00252975100260286  0.00985090004572115  0.02099082558616502  0.03435423983145891
  0.04702480828775304  0.06003283121557484  0.07164088807669779  0.08269597397977167
  0.09460982629530912  0.10727295290479169  0.11859169294223815  0.13030647151406963
  0.14217565537621618  0.15428726812719229  0.16703572526160218  0.18037409949761612
  0.19342912872280330  0.20531819066303877  0.21640613160165725  0.22657313578149654
  0.23596653324893740  0.24557081582503298  0.25504434388255026  0.26416021797060030
  0.27342467884525445  0.28260295359732279  0.29145777461353861  0.30126208525299186
  0.31164576645725683  0.32302647558408687  0.33532549501901820  0.34795958496710760
  0.36054435487534392  0.37264923739990485  0.38340104257091290  0.39305018110500201
  0.40296241802404226  0.41295847433042077  0.42239954063238416  0.43228629260303797
  0.44167089730002557  0.45064086543046983  0.45974760021879962  0.46909447684522715
  0.47867438027897391  0.48751140781761482  0.49622959318910537  0.50587532833000193
  0.51648831359694092  0.52735971412652050  0.53884140354803989  0.55167450307045673
  0.56543040874106876  0.57827857382547965  0.59052166756141633  0.60236123371138306
  0.61552137827628195  0.62848369332993992  0.63864526828443668  0.64834174986691473
  0.65755034137184010  0.66688148245938317  0.67605067974418087  0.68516420350382590
  0.69636374500369791  0.70826987759737503  0.72060603174233973  0.73266137007025256
  0.74394907069626759  0.75464744726159216  0.76477616139171833  0.77494996520075055
  0.78575835634476920  0.79620870768112861  0.80729791590619515  0.81786321034487752
  0.82711424707983205  0.83539371727057787  0.84315677323356064  0.85112891692374859
  0.85983318312926271  0.86838802348028565  0.87729901457923976  0.88724129456990031
  0.89818109655136658  0.90903726995912038  0.91978101770641596  0.92928854930961879
  0.93786219123358128  0.94572743557155203  0.95440877900233634  0.96351687795673313
  0.97320031399028373  0.98185003321498499  0.99111235998284575  1.00000000000000000
 -0.00153518889356029  0.00741751676969598  0.01550759505009166  0.02406287445033597
  0.03262758342371663  0.04133872654725223  0.05094420563833861  0.06081367656926730
  0.07078997702125464  0.08118249064305488  0.09182268255237981  0.10332855789634553
  0.11448779314978827  0.12674268297895055  0.13933546292234419  0.15143291599349223
  0.16227135513804256  0.17226850082164952  0.18175620327473951  0.19120090369468576
  0.20104021137023029  0.21286876828944479  0.22624242241638554  0.23729848825007996
  0.24789887912935019  0.25836223742600828  0.26891080361455916  0.27927897584088485
  0.28936062804008078  0.29988637755300146  0.31112092066598734  0.32305704126089879
  0.33516469225310225  0.34616113438100687  0.35766230608267802  0.37194155175293714
  0.38703441089099916  0.40246994213710058  0.41567631167975011  0.42590202806900718
  0.43605641779533916  0.44702264030108085  0.45793836527244597  0.46746794232589234
  0.47638557667198089  0.48698549575388361  0.49854298744684228  0.51060671723336304
  0.52270459067448805  0.53260044353044100  0.54329476366603813  0.55419656603537037
  0.56517942934324283  0.57600347131485019  0.58666169050583405  0.59733949141212761
  0.60787139217584862  0.61789545115475852  0.62760004705320915  0.63685296461143237
  0.64667783167978066  0.65809682711206019  0.66949667737620311  0.68097402630793191
  0.69367336237686517  0.70687787312234007  0.71494433219900555  0.72182033138726087
  0.72949381697982174  0.73809209688614430  0.74714195331230560  0.75635011773250671
  0.76472831521787166  0.77406078671771583  0.78466834536538554  0.79578181338912513
  0.80596647012677280  0.81622138442295400  0.82587123798195383  0.83604976036265288
  0.84568789097302177  0.85493045910127941  0.86458488285260426  0.87469314149269173
  0.88551476897293147  0.89644331825910328  0.90729082450836140  0.91816418611421080
  0.92872809252211752  0.93925671677470857  0.94997738558731903  0.96061568713673351
  0.97044591458371432  0.98067661627287905  0.99022973540366299  1.00000000000000000
 -0.00144417762321571  0.00929766214607724  0.01813727071046688  0.02583040495298167
  0.03325590729185531  0.04143930225223157  0.05008597604391011  0.05836969927059312
  0.06660343546597279  0.07493970516089350  0.08379574542843275  0.09592082592655754
  0.10928911506965949  0.12191990425500804  0.13451670542147820  0.14547975174280214
  0.15532776316030536  0.16481946247569951  0.17494151760787993  0.18541225996633373
  0.19583646094438661  0.20524237033450832  0.21514054990655046  0.22612117726512337
  0.23730094821653308  0.24891447977327516  0.26120540550505311  0.27338805647120579
  0.28559048086228600  0.29766499274227104  0.30990761710410142  0.32288304137751911
  0.33576714130301577  0.34803385927958724  0.36008060576352202  0.37218882354758825
  0.38401068865120708  0.39521922498368539  0.40518976085200631  0.41456865594726566
  0.42373464084854190  0.43248873527019849  0.44137340736830483  0.45050411587429323
  0.46025243136051397  0.47044556230450491  0.48058107314668114  0.49012435820065720
  0.49968893549965659  0.50883593276604788  0.51798416512671452  0.52678992861905438
  0.53537150326958149  0.54447324040570078  0.55541772247070320  0.56650542732568299
  0.57588186308446832  0.58449531300469681  0.59317080330853478  0.60234123631722825
  0.61201339342466643  0.62177720923649016  0.63337707612136818  0.64653270216903491
  0.66022916752375926  0.67490128817477824  0.69032597528176831  0.70455021423566644
  0.71630066706810336  0.72687056979859321  0.73744025699241544  0.74686473130008590
  0.75664789433133406  0.76609984074257653  0.77756068846804904  0.78989522902505560
  0.80222042501718127  0.81432580704558077  0.82639513025165401  0.83849162568742852
  0.85000365178612658  0.86043903310239911  0.87048429240371417  0.88115472009919460
  0.89234604184953981  0.90232978201753566  0.91129126325356102  0.92057826328450465
  0.92988378377918146  0.93894158880676992  0.94803483590867088  0.95710865040140236
  0.96703909003643995  0.97653830662012109  0.98782066667617519  1.00000000000000000
   2.4479083117957079E-024  -1.0000000000000000     
 T F F F F F T F F F F F F F F F F F F F F F F F F F F F F F F F F F F F F F F F F F F F F F F F T F T F T F T F F F F F F F F F F F F F F F F F F F F F F F F F F F F F F F F F F F F F F F F F F F F F F F F F F F F F F F F F F F F F F F F F F F F F F F F F
  <DiscreteSampler_grid>
  grouped_processes
  1 # 1 for a reference and 2 for a running grid.
  10 # Attribute 'min_bin_probing_points' of the grid.
  1 # Attribute 'grid_mode' of the grid. 1=='default',2=='initialization'
  0.0000000000000000 # Attribute 'small_contrib_threshold' of the grid.
  0.5000000000000000 # Attribute 'damping_power' of the grid.
 # binID   n_entries weight   weight_sqr   abs_weight
    25   10   2.058254260840254E-016   1.518539651488249E-031   2.058254260840254E-016
    28   10   1.840212335973443E-016   1.078568989429320E-031   1.840212335973443E-016
  </DiscreteSampler_grid>
