 -0.00000001064939168  0.00001273421895573  0.00009876798920656  0.00028044864752702
  0.00056381730772859  0.00094216931931433  0.00139702557467036  0.00194663438460909
  0.00256046059076117  0.00322215391965197  0.00391019491763677  0.00461745105241171
  0.00537851365046937  0.00616171639194659  0.00706195191193117  0.00797546995166424
  0.00892142300150385  0.00989582944712262  0.01086416594791883  0.01188611496613841
  0.01294961577112145  0.01402197234582700  0.01515078134644310  0.01632172111452519
  0.01748585185695545  0.01865235617009260  0.01982942093179902  0.02103545728077360
  0.02225439280383195  0.02345942446997498  0.02466645750784152  0.02590135575820891
  0.02717876841755226  0.02849920404472811  0.02982370470054239  0.03115673724524088
  0.03244974993338490  0.03378441795019733  0.03514148916752268  0.03656034291140769
  0.03800409976841476  0.03945255396220111  0.04091616891347628  0.04237753317216980
  0.04379887861903940  0.04525700364783493  0.04676322045575432  0.04830385332942928
  0.04985914268849573  0.05142875047021288  0.05301570865956996  0.05458997443245762
  0.05617223837986129  0.05774706325107647  0.05936475032358973  0.06100659028966655
  0.06266643681233333  0.06435238847258518  0.06605811033306358  0.06773894790991300
  0.06944325253903173  0.07113696734888784  0.07283772940766825  0.07456197720703710
  0.07623853063751407  0.07797435768370818  0.07979606474772014  0.08173279776932259
  0.08375057739468439  0.08578871315195352  0.08780673818035388  0.08984078339550727
  0.09198340482568436  0.09417367764787904  0.09638526192676621  0.09861766073156790
  0.10087850282891728  0.10322578250559557  0.10563899228773234  0.10837455505394115
  0.11136471988124280  0.11441110131918861  0.11755489140937288  0.12080379812750927
  0.12419225083761186  0.12771085585399011  0.13126958079291814  0.13490167445509610
  0.13842255155539221  0.14389162623289176  0.15032961066489253  0.15752295856045451
  0.16647060200838931  0.18042950872942234  0.19403900606437857  1.00000000000000000
  0.00964396605416804  0.01519584812150792  0.02425238577357157  0.03582550913605067
  0.04642132576415268  0.05761211729461707  0.06832557354256344  0.07967374176133789
  0.09023986237589510  0.10045257866346562  0.11061289064269987  0.12102896492201609
  0.13184842854243822  0.14291966890103897  0.15450071606127624  0.16623858651143253
  0.17770143920599601  0.18898993371361125  0.20010316781899992  0.21122801212833431
  0.22232078457550908  0.23308637061799412  0.24344653666115348  0.25393491630819848
  0.26467603298783776  0.27548971043120540  0.28619603760483742  0.29665369583584933
  0.30742171272934310  0.31840006158587253  0.32998912470329267  0.34183292433802964
  0.35365191086257103  0.36538174509026289  0.37651741206645950  0.38699691866001246
  0.39740885860744246  0.40788400095649358  0.41822984958977272  0.42872815122596647
  0.43987136859054099  0.45158863979776220  0.46263453139580529  0.47293810354522514
  0.48314217069252940  0.49330272849710666  0.50345329540916972  0.51356066296670122
  0.52407937612380129  0.53493940811170471  0.54587819445689323  0.55664932336403450
  0.56711025628964462  0.57758625623844440  0.58839425851442950  0.59925615753813910
  0.60942158453308992  0.61895568959045422  0.62841760272836289  0.63789952323550614
  0.64740213810501612  0.65682347888326675  0.66648617904496066  0.67650719642483359
  0.68696635741197032  0.69800724703577965  0.70917373604800393  0.71988127715091077
  0.73028379820567402  0.74074466109000081  0.75140583057544152  0.76201897736468849
  0.77277066224429058  0.78387886374365867  0.79487128975579879  0.80544684251916898
  0.81577936287388331  0.82601212108826327  0.83620957601130808  0.84629719224342170
  0.85632722720478704  0.86630446663136373  0.87588202890723754  0.88495534377058971
  0.89408206145003588  0.90338413188989353  0.91285738184312915  0.92244092256763299
  0.93205394803060670  0.94199257123394331  0.95215320343291365  0.96230716670065264
  0.97199758185642637  0.98203865830458337  0.99127390650856162  1.00000000000000000
 -0.00252055377561067  0.00938834775010638  0.01955870703567260  0.03026937609767408
  0.04083533894386251  0.05175023013108340  0.06304559967214063  0.07438415759418696
  0.08501825896753799  0.09493132463988233  0.10488487080361848  0.11489830993263600
  0.12504561739204301  0.13506702029513523  0.14538408544971465  0.15628593895861304
  0.16717947057894028  0.17780773901105892  0.18856153160695194  0.19929165336345780
  0.20990877300196034  0.22012079549766350  0.23062550638311491  0.24121627877481519
  0.25162284383828637  0.26183716663703166  0.27198235579046470  0.28232452458844093
  0.29291634718098247  0.30381600706696632  0.31423911143445560  0.32454101732441509
  0.33451814076928238  0.34482144312434299  0.35496490171766526  0.36610319780577849
  0.37712160518757781  0.38678666307708187  0.39644984649756110  0.40655691356468854
  0.41703534600358394  0.42727181761425170  0.43737598920978704  0.44857513848713720
  0.46003826185689789  0.47126013504193665  0.48216465566417821  0.49265273253844838
  0.50261722486763682  0.51206099532187788  0.52166546035053907  0.53151188695724527
  0.54152626198349019  0.55139995818129484  0.56142156941148902  0.57205981268430595
  0.58309774442049234  0.59392305896171760  0.60509184044812847  0.61584035926531222
  0.62700269085777915  0.63801512868216881  0.64883769598840935  0.65911650869508109
  0.66908615989958453  0.67920546772591828  0.68959203583295858  0.69987194658895102
  0.71026796332601927  0.72072566963839779  0.73151372333775166  0.74281821227097011
  0.75390682664495789  0.76449678854776326  0.77515870924493024  0.78588437776236097
  0.79644217872466350  0.80657724099968797  0.81707095719768674  0.82799738746354790
  0.83915284660678935  0.85012932892821902  0.86113933114862407  0.87248823362897487
  0.88333889328366877  0.89454904829969539  0.90533730726830186  0.91580886591297739
  0.92654004239861698  0.93706563330789805  0.94692889011344461  0.95656643707348621
  0.96665474290846765  0.97741924711024208  0.98861246904516131  1.00000000000000000
 -0.00271417839390843  0.01048770063004088  0.02151535619534101  0.03204235306657742
  0.04243136460093435  0.05311998874186503  0.06398815704277733  0.07464949232011464
  0.08500138970591511  0.09507563435497578  0.10545793430290566  0.11613085965169957
  0.12701491567076023  0.13766278146863520  0.14809808388965368  0.15815042324787829
  0.16848822912480355  0.17923397749202091  0.19065379205352251  0.20324085868054628
  0.21495146393469597  0.22634971341816798  0.23711330524568189  0.24751286670521239
  0.25706392675448198  0.26651023343224284  0.27634067783628979  0.28657027435080151
  0.29645985698420613  0.30587161182530215  0.31567005470903070  0.32542303791376831
  0.33540010681995031  0.34483485903590694  0.35422005321939748  0.36418495569821518
  0.37413371659033129  0.38445636980430353  0.39440097811784253  0.40475448333032610
  0.41531166480350429  0.42641220407624542  0.43786978264194376  0.44922809168088995
  0.46044475267579349  0.47114658117441333  0.48139872062428812  0.49146347822369563
  0.50150461668359225  0.51170317842190627  0.52218209354144629  0.53306730631263222
  0.54425318067608075  0.55563548620686753  0.56696328658169826  0.57808995377321115
  0.58914366328812684  0.60015039997880737  0.61117018891227126  0.62231247459545669
  0.63303150296776456  0.64369387308745973  0.65419440854817601  0.66474026381501017
  0.67485804668951399  0.68512316292811981  0.69549082451233601  0.70629290849157089
  0.71673311639445736  0.72717589756052137  0.73823526595451761  0.74970707598773978
  0.76080039153496826  0.77199243591930955  0.78315329905653974  0.79442858089255053
  0.80541317719765448  0.81629043710132621  0.82718611879333392  0.83729023278390791
  0.84696595866402857  0.85691017207242892  0.86662731151453187  0.87634525779770778
  0.88594943177244023  0.89555961606154699  0.90665001686948454  0.91773772009550636
  0.92856318398276172  0.93942996777845389  0.94994347711655436  0.96027815372748748
  0.96995977305637759  0.97973345295297731  0.98976145042749630  1.00000000000000000
 -0.00315069849242325  0.01121019695888248  0.02315243876743336  0.03414229815713079
  0.04501618698518421  0.05606288445193644  0.06694278679814041  0.07742457399127874
  0.08824636638844890  0.09935060443047583  0.11000949137258592  0.12029528493308099
  0.13070744218775368  0.14116045054613052  0.15124971248878252  0.16118412349166708
  0.17192304258158220  0.18308858110973247  0.19406402539231571  0.20508771248726193
  0.21649485023860524  0.22803186615427631  0.23873971104422911  0.24887810417112838
  0.25892210269511673  0.26907736639355662  0.27936204727106301  0.28972376439625525
  0.30030322608923893  0.31122656283578776  0.32195360784167121  0.33211002744125123
  0.34217767068987004  0.35227897287025406  0.36302899736983235  0.37396766256531860
  0.38535934839900998  0.39649045463243360  0.40680242556154528  0.41704038180483149
  0.42745914948854064  0.43777713026325960  0.44781507039308344  0.45770308333856846
  0.46772070633753471  0.47794896342411269  0.48884441528180750  0.50024113152184069
  0.51162495359771820  0.52290995377084870  0.53284004932740314  0.54269269668398712
  0.55221916321371722  0.56158290977647596  0.57110691203392905  0.58073269887079104
  0.59107205869927171  0.60173027021832826  0.61195172109988316  0.62212570744540774
  0.63233137335862222  0.64274958907490010  0.65333311933560112  0.66368860481864878
  0.67355712399881351  0.68316155845314097  0.69296381375389426  0.70271357381785160
  0.71265098929918058  0.72265547951202824  0.73291498795826282  0.74315903382978177
  0.75358522095418556  0.76397782398870251  0.77414641402589057  0.78412856480997739
  0.79434729437594842  0.80475723831827095  0.81517854665123690  0.82540284528428309
  0.83549176382456714  0.84572021342732118  0.85612467626396660  0.86678640710538490
  0.87753773583545225  0.88794273011741653  0.89810439332494685  0.90839283683064198
  0.91928667594253821  0.93124822157963494  0.94391445836783827  0.95632743396770326
  0.96799799374056539  0.97882474781496720  0.98945527868352101  1.00000000000000000
 -0.00320642592371711  0.01165600128059789  0.02349784973728639  0.03468155307624363
  0.04539240796502928  0.05587938519373408  0.06621224308093099  0.07662343996510809
  0.08760370834562087  0.09867471447142896  0.10971149423542254  0.12109830946274505
  0.13236631260597950  0.14316001561057487  0.15347417450129000  0.16349992715337228
  0.17286572699881994  0.18177718971106552  0.19069028905530433  0.19964415129083454
  0.20855707230463491  0.21748877136352820  0.22684573323535112  0.23690077136253743
  0.24771293186491342  0.25836161776061572  0.26894319680357415  0.27870045079641081
  0.28828395614429053  0.29823624536666132  0.30851296721541854  0.31857386381763997
  0.32837092778090660  0.33890905132217908  0.34978929213963084  0.36040589755700120
  0.37048754042002996  0.38137363089353643  0.39279319091497789  0.40412420283882555
  0.41533261058169513  0.42657040944004471  0.43747067132257017  0.44781131246104844
  0.45831953858256003  0.46952345309572591  0.48029905541100965  0.49006418291882498
  0.49972259404163433  0.51002995552909314  0.52126638674927317  0.53253897395182104
  0.54341663992750244  0.55470598066372578  0.56587126748285388  0.57721801908945591
  0.58819485035540187  0.59957476983410751  0.61060930461936003  0.62148030714360181
  0.63266490841553913  0.64397265284920235  0.65545710327259754  0.66705152168596171
  0.67866762619196364  0.68996754957018547  0.70085668364967801  0.71153939948225431
  0.72221468738909889  0.73279208604353940  0.74317698128470744  0.75358118442775968
  0.76415720324954950  0.77483376433808759  0.78530500481981114  0.79560212166768107
  0.80577942702705208  0.81568743308073566  0.82535736851293939  0.83492353200378799
  0.84437075268108053  0.85367768988958770  0.86286437820937345  0.87215439722924326
  0.88237387010228230  0.89306907587351481  0.90353073106350434  0.91377744205694145
  0.92372294219546169  0.93399732160774962  0.94443447921416601  0.95510535132630647
  0.96591211758165774  0.97711744915359422  0.98862358161395603  1.00000000000000000
 -0.00210776875331502  0.00765059376314588  0.01614163619256042  0.02519709147756123
  0.03407386154134578  0.04313437227485722  0.05240549397804206  0.06199303459689896
  0.07187248421397235  0.08160760182535783  0.09133301875530264  0.10093565545118358
  0.11047355499294889  0.12014420373673147  0.12977570092635929  0.13950071514936652
  0.14961330586685120  0.16014691722071714  0.17084526582405002  0.18135808130460371
  0.19213688673585641  0.20270758588889520  0.21306853841142137  0.22377942419701832
  0.23548171610367954  0.24795617918341803  0.26009828262142337  0.27164614690999422
  0.28313475274104072  0.29454121853360943  0.30622806223210280  0.31803146338745014
  0.32932625557798723  0.34046613255832037  0.35128107751968690  0.36232949518968122
  0.37315045623740134  0.38418938696014210  0.39541590223748724  0.40708267030434980
  0.41937665935078838  0.43207294109616229  0.44458525435340784  0.45704432939014367
  0.46987637834707030  0.48234797470025570  0.49353337296404876  0.50451458649644643
  0.51567699962031066  0.52707528757537769  0.53838661765790052  0.55031416143992262
  0.56270218137798167  0.57619807929733202  0.58936650385708933  0.60181482603620795
  0.61332897914428708  0.62453811485022526  0.63580007330868582  0.64700986252855142
  0.65801147946875549  0.66967338353918526  0.68093404020431303  0.69198906757994583
  0.70229473320051305  0.71337442967769416  0.72466855837025246  0.73589457394842217
  0.74689540436811874  0.75789839882346099  0.76901157078956117  0.77995437808896695
  0.79096116459423305  0.80074663289376469  0.81027578698927738  0.81934486473471269
  0.82845051651860224  0.83779389986250319  0.84739051326070791  0.85676629629737255
  0.86637643638421058  0.87580236262668587  0.88509476966605538  0.89466859076395033
  0.90440635394114810  0.91402209286231551  0.92384944384262047  0.93375256915947424
  0.94296252989323859  0.95174040060920873  0.96035036447219269  0.96863021557848594
  0.97688020951067589  0.98460007271860939  0.99222569594206522  1.00000000000000000
 -0.00269315482269324  0.00960254571471329  0.02029061913413961  0.03121426006824702
  0.04224152165743739  0.05300379270650332  0.06375904157267198  0.07476045353457397
  0.08584973966676898  0.09693751778340975  0.10788869734685316  0.11863654873859730
  0.12959208027658053  0.14003904231411335  0.15039700540984974  0.16104987676341542
  0.17168994262555268  0.18216257793679397  0.19274585608084674  0.20345052048090148
  0.21386455326503051  0.22388703079482944  0.23417987555880998  0.24488118242784335
  0.25556520793687065  0.26599660231750277  0.27643331296893858  0.28694540689748477
  0.29769485861557354  0.30838475470990112  0.31898832644828617  0.32940685699570754
  0.34002857378637102  0.35058126527131644  0.36065098236158782  0.37039243812242617
  0.38029672998150021  0.39052042778259155  0.40078226065216876  0.41077026554447688
  0.42118817242793372  0.43211930393501258  0.44339953330068732  0.45464617387170259
  0.46508262061762778  0.47535088569447115  0.48587178438560974  0.49671513121734656
  0.50694557160537301  0.51651491801615845  0.52596903805443140  0.53598625891200635
  0.54641687851896081  0.55694979160029656  0.56805567111819255  0.57953434054017561
  0.59117826003779417  0.60243424130940593  0.61302794313000064  0.62319000301210636
  0.63320143114677752  0.64304403288884682  0.65284115295648137  0.66247825159297469
  0.67254468508137277  0.68287751887586601  0.69333813360998331  0.70405979601053947
  0.71429242942032212  0.72472511660752859  0.73503795947048045  0.74507264981671351
  0.75480396273308614  0.76475970874589483  0.77495273920293495  0.78541944022581123
  0.79547139832972114  0.80547519363129905  0.81538230236698683  0.82646178337350673
  0.83750264903861216  0.84933023351472514  0.86071797791926308  0.87220973158532500
  0.88318293281605142  0.89449692988826301  0.90601221461909520  0.91713639708642558
  0.92721059399953354  0.93707351784604009  0.94703013069003938  0.95713255251259155
  0.96709323788679258  0.97721205586268123  0.98825546920482865  1.00000000000000000
   1.4261268677407258E-009  -1.0000000000000000     
 T F T F T F T F F F F F F F F F F F F F F F F F F F F F F F F F F F F F F F F F F F F F F F F F T F T F T F T F F F F F F F F F F F F F F F F F F F F F F F F F F F F F F F F F F F F F F F F F F F F F F F F F F F F F F F F F F F F F F F F F F F F F F F F F
  <DiscreteSampler_grid>
  grouped_processes
  1 # 1 for a reference and 2 for a running grid.
  10 # Attribute 'min_bin_probing_points' of the grid.
  1 # Attribute 'grid_mode' of the grid. 1=='default',2=='initialization'
  0.0000000000000000 # Attribute 'small_contrib_threshold' of the grid.
  0.5000000000000000 # Attribute 'damping_power' of the grid.
 # binID   n_entries weight   weight_sqr   abs_weight
    19   10   8.118528210818286E-002   1.391117257085729E-002   8.118528210818286E-002
    25   10   1.139737935591364E-001   3.410288664181723E-002   1.139737935591364E-001
    37   10   9.938665325973614E-002   2.483077070602774E-002   9.938665325973614E-002
    43   10   9.213550695407290E-002   2.020383947524042E-002   9.213550695407290E-002
  </DiscreteSampler_grid>
