 -0.00000464514107550  0.00091535219485092  0.00272717633686801  0.00464133407798886
  0.00649235674767136  0.00823403550146368  0.00991751498705343  0.01158778413314973
  0.01322467568541193  0.01476333247489371  0.01631742113637616  0.01778360117828002
  0.01922531409979909  0.02063110409523269  0.02196166842783556  0.02324777449973700
  0.02457713848301845  0.02599416964016452  0.02741018261403380  0.02879632368930424
  0.03014784646011480  0.03147099561264503  0.03282613324859457  0.03414403552962025
  0.03546258132247908  0.03678406459953160  0.03810877892310489  0.03945374853991853
  0.04073134429886895  0.04202141267793798  0.04334576999968277  0.04464574923255141
  0.04595219822001587  0.04725321857955700  0.04855293662601737  0.04984235469839458
  0.05110595636604630  0.05236880409784501  0.05364226005871244  0.05494705181232882
  0.05631446973127920  0.05766112211186612  0.05896260897621235  0.06030109848219319
  0.06166342798936203  0.06302795808690449  0.06436326593579536  0.06564732758293443
  0.06690065169769212  0.06816582902199689  0.06940208402865194  0.07075218594086499
  0.07216026354861786  0.07366263746548755  0.07519753982721730  0.07662984585483225
  0.07811770457304135  0.07961501222208689  0.08111676711721741  0.08262738293888539
  0.08413733470058461  0.08562852041304048  0.08708927532251011  0.08855346873481454
  0.09002262317076881  0.09160019406620344  0.09325379778924574  0.09496880522799897
  0.09675737624106595  0.09856167772994071  0.10034631049610357  0.10215838150962689
  0.10399165234066853  0.10586751428009145  0.10780561020432800  0.10977343279586532
  0.11181199074295976  0.11391284502046620  0.11598561722945126  0.11804482797958518
  0.12026449914084106  0.12282463259710474  0.12559234946145653  0.12863277377495611
  0.13175385380689320  0.13502304598027406  0.13848084929374721  0.14207279708425044
  0.14579709049513481  0.14975177531373843  0.15412950298809919  0.15968848039793082
  0.16754238687583448  0.17868611551592437  0.19516133754477635  1.00000000000000000
  0.00984530605766655  0.01578474058230104  0.02524454702195979  0.03574753693341071
  0.04522393498099056  0.05484189043650263  0.06489867073487508  0.07554544365162150
  0.08613804956162584  0.09637900871726163  0.10689584256967435  0.11851192888920405
  0.13141223254376319  0.14516152495454937  0.15864849893744729  0.17057311778013162
  0.18093280375081830  0.19122982107631176  0.20228593263528019  0.21275619823776928
  0.22189791282310856  0.23131355416318816  0.24145265080699585  0.25134642567161769
  0.26000297617369428  0.26880736844933373  0.27781309013046201  0.28685901879219189
  0.29557694967559633  0.30404033812948517  0.31293817198597235  0.32280880474130352
  0.33363548459892073  0.34517493554753848  0.35672455015739479  0.36786087255604205
  0.37859631769195656  0.38885093161372908  0.39883635011351626  0.40891671362436960
  0.41922263259045167  0.42938624217539134  0.43941356683493837  0.44950147868362406
  0.45952236250460760  0.46953106287745938  0.47928744918693672  0.48859001179181183
  0.49786879503969556  0.50770085808534970  0.51832016761544619  0.52913146372778663
  0.53970393959203822  0.55052997872634224  0.56130723780876102  0.57165470236958460
  0.58172631136214314  0.59167684204456450  0.60200959453979375  0.61188679311681282
  0.62117871808069203  0.63032774988038565  0.63956812922284023  0.64917378797107506
  0.65964050258622509  0.67093753938020650  0.68323280532644592  0.69705460343741932
  0.71066291455192698  0.72266058829021007  0.73354808925034476  0.74468729162350611
  0.75533333877874187  0.76578253288593878  0.77663125965971913  0.78796327573747982
  0.79930427893647482  0.81097165625036816  0.82207485122913637  0.83330912971856941
  0.84516436553179786  0.85659282037840268  0.86772626027115607  0.87801303138599340
  0.88843790223600694  0.89862193013359437  0.90975880182450120  0.92007884870820489
  0.93004887095191535  0.93949872707342874  0.94920228184881250  0.95901380979326756
  0.96886661765933102  0.97860396214636325  0.98915606422996971  1.00000000000000000
 -0.00187090208012438  0.00805472282384104  0.01669309030477628  0.02591601939450263
  0.03570708058959015  0.04579137253900411  0.05705566479483862  0.06925798860261728
  0.08169623381347456  0.09294767337552672  0.10433971669219018  0.11593356107559892
  0.12659396658651476  0.13655898307228154  0.14671162889096778  0.15764011138463566
  0.16892478804068023  0.17942293492585532  0.18927391136557481  0.19941012996675089
  0.20984152680862392  0.22068621420465093  0.23160560567197300  0.24319211676200383
  0.25430876757305998  0.26515710843432783  0.27518300198956508  0.28474845103252072
  0.29414646284072571  0.30285596111534624  0.31192326115862345  0.32077972732304744
  0.32957012687544684  0.33862227476318740  0.34802983182639002  0.35795242795459326
  0.36852297085586061  0.37874102087541384  0.38871279199298481  0.39856700597113037
  0.40850409203580607  0.41838864216938482  0.42816170767996886  0.43808813904507832
  0.44866125471652535  0.45957289056969430  0.47069551870459075  0.48121000029554645
  0.49162367391128181  0.50213812920950296  0.51245904765610495  0.52257429985470438
  0.53277733495980406  0.54371446897847209  0.55515324039620728  0.56771765651139927
  0.57964762438704820  0.59013288742401027  0.59975946961313897  0.60947209110719680
  0.61918082569029709  0.62862671065858677  0.63794324932464475  0.64724661091856772
  0.65685604625769922  0.66685231635520736  0.67750027560250714  0.68687245212017434
  0.69715188559335439  0.70672285227437093  0.71780903451643951  0.72896254110766634
  0.74116283692235430  0.75219596456389826  0.76247150725977164  0.77287343739212577
  0.78328955980124482  0.79296441864001166  0.80198036111423265  0.81108494090982552
  0.82214266479524956  0.83334551446133709  0.84411340122442879  0.85508454518944221
  0.86659242811917592  0.87756520842363939  0.88819268565946263  0.89822387330207154
  0.91032241068395225  0.92258677501115327  0.93558526003728670  0.94872687904927699
  0.96150564791492676  0.97395715972339414  0.98650235805823783  1.00000000000000000
 -0.00291870645521841  0.01097908325341308  0.02239239837964556  0.03270727700369472
  0.04318254784628429  0.05330792001565330  0.06276182497248484  0.07221992209599097
  0.08131030774222406  0.09104660264810449  0.10131482960049247  0.11281681208324416
  0.12502956209215157  0.13657260151897754  0.14716506020465348  0.15781754704175918
  0.16895039571858983  0.18051283640388960  0.19166430752865060  0.20221553692029748
  0.21302598768438097  0.22467585393952361  0.23618195185879692  0.24687634820782361
  0.25668058563100143  0.26600561051401994  0.27565267380567443  0.28559251171541261
  0.29552523029468947  0.30460766886705598  0.31410453292169399  0.32427909423602802
  0.33472487791916877  0.34535515607206746  0.35623223809472387  0.36782232020745520
  0.37925877564090443  0.39007794287155034  0.40065383255259618  0.41153180197494793
  0.42184388502786907  0.43117190845397929  0.44053925752584877  0.45012390041937428
  0.46000705296113720  0.46998079704350715  0.48013493082025849  0.49036776001941174
  0.50051746710731948  0.51072701359506933  0.52105386334436254  0.53132411247004019
  0.54161151294060506  0.55232081664408494  0.56307707698241116  0.57318938897748528
  0.58330418362937808  0.59374517476044797  0.60446274525065369  0.61482021848931900
  0.62534034310323727  0.63681111864735207  0.64804090946325810  0.65827459315956438
  0.66852059170347222  0.67905914994747874  0.68927990742736778  0.69857286103959282
  0.70741013091602623  0.71681704490419040  0.72661938144674565  0.73676027576822523
  0.74697215137543316  0.75784943297585750  0.76932440166357674  0.78115567351972681
  0.79338085983376871  0.80589360858171222  0.81834974321774101  0.82898319824890465
  0.84024801420673945  0.85124722905578121  0.86253254850358840  0.87346853746363051
  0.88451473007775538  0.89533759203866536  0.90530942425724725  0.91507644476515715
  0.92489751885592553  0.93421851788205479  0.94404709901795747  0.95392781120582582
  0.96462519305498773  0.97574493541458029  0.98763135910407207  1.00000000000000000
 -0.00206830470254429  0.00852510125795224  0.01808007988746077  0.02868835655288396
  0.04003274765628181  0.05040536194932990  0.06051519889771526  0.06993915672582370
  0.07982779348462900  0.08975822640836986  0.09919346989164009  0.10862827819990223
  0.11892523504108569  0.12956051569360474  0.14008775004426530  0.15052101275372481
  0.16113201898660187  0.17184130946081133  0.18259531268701390  0.19368847822876165
  0.20506056540803583  0.21616708473665722  0.22682638337221669  0.23788992200157205
  0.24859588705145247  0.25961590872311385  0.27129255153687487  0.28393736027713090
  0.29636038779499452  0.30811983849039581  0.31883655912043235  0.32915591873201822
  0.33963071922094001  0.35068349921544895  0.36095454481781053  0.37045237755829996
  0.38022645144214523  0.39017874173052430  0.40048475034673525  0.41094199264721176
  0.42203554619233230  0.43381118323342988  0.44599754585733103  0.45892926747911533
  0.47137093692461662  0.48285193226192002  0.49238460177373888  0.50232983086143668
  0.51281995683646475  0.52420902308442441  0.53621905447274143  0.54839692915702065
  0.56110691909003141  0.57176238508774702  0.58225760646800728  0.59253074607591960
  0.60299934004264988  0.61332434489072385  0.62359046355792824  0.63394038794477792
  0.64464877798287368  0.65538878597977157  0.66563118177105907  0.67543211362106059
  0.68502912270852812  0.69455174015438792  0.70439598023173267  0.71384087371744565
  0.72362546495410618  0.73333429195791455  0.74277783861013713  0.75197921088265252
  0.76090841737138581  0.76987569445305271  0.77919197548821229  0.78914183014631567
  0.79887659642026698  0.80883127029349455  0.81899084322022431  0.82930604380504380
  0.83968107583673524  0.85020403656991872  0.86025569617596476  0.87012766897321769
  0.87983733790419427  0.88958534127517763  0.89951251327034432  0.90942410495692882
  0.91985475553787743  0.93071518495191075  0.94244059619181697  0.95454276304964281
  0.96610025294930113  0.97715291513581393  0.98850108526987912  1.00000000000000000
 -0.00191902560216936  0.00965893603609105  0.01978130139446802  0.03048050515414464
  0.04089964288521827  0.05095224402525177  0.06184681468910466  0.07203497723677885
  0.08204964453765867  0.09179981987507906  0.10222488105060808  0.11409652105672416
  0.12532567788893600  0.13578064528429359  0.14562218281501693  0.15550948200752213
  0.16553857061440422  0.17561241917626491  0.18528378558152508  0.19552672070697058
  0.20622500565707594  0.21662141111391214  0.22709166317364177  0.23797530505332887
  0.24892462095014101  0.25884802427793224  0.26820360038480662  0.27783681394303422
  0.28766851154852707  0.29775585100347546  0.30795084246755094  0.31771410440916636
  0.32703618473874807  0.33612166314318048  0.34500458535124640  0.35381817486111883
  0.36296392614080847  0.37314504547694849  0.38699313907313293  0.40075312041821459
  0.41306241902872931  0.42416728103573370  0.43514097991553508  0.44637093084781976
  0.45804750772597247  0.47017633266518388  0.48207470396109936  0.49307456212931317
  0.50323632808135788  0.51321790159800718  0.52362056189829442  0.53447855485197593
  0.54492175003605370  0.55515878785737904  0.56600837566700890  0.57758702939238293
  0.58867955728173182  0.59932424652271832  0.60969004642036329  0.61993204332479257
  0.62972939065288169  0.63909860141057806  0.64903969889275448  0.66006854104430446
  0.67123008908522752  0.68207964931097931  0.69240288186315280  0.70253665491862982
  0.71265127998004285  0.72214699012962436  0.73230264465064510  0.74316043208460703
  0.75411016992213831  0.76485785933325612  0.77529615838283217  0.78585071667456330
  0.79619520340022265  0.80633996163802457  0.81745907054687550  0.82971344121752555
  0.84132999271530695  0.85195207138989781  0.86256518576376673  0.87369474148354442
  0.88486190288172251  0.89543566629490867  0.90511798787193898  0.91462967284669505
  0.92475336833905175  0.93552780215349318  0.94627137832985742  0.95645684718008261
  0.96730742089828858  0.97810732549854651  0.98891374556301348  1.00000000000000000
 -0.00240077493615777  0.00789263219064974  0.01672377135471758  0.02512990335637082
  0.03364207236724773  0.04192761186018201  0.05029720979734401  0.05863786911082497
  0.06768481375297611  0.07668535067110838  0.08593142002829940  0.09571931892328353
  0.10531511067462698  0.11514363507891213  0.12454559880536537  0.13329624087061326
  0.14205869057605350  0.15111607701178717  0.16047968843084884  0.17017389790434626
  0.17976683576614522  0.18924559403579230  0.19943839077860198  0.20956790511850554
  0.21975781033912598  0.22974784689539426  0.24018254959427429  0.25067734667277408
  0.26123543233195379  0.27192074277653572  0.28331168364611559  0.29441553968193468
  0.30537073779350343  0.31648750955026689  0.32767632978131467  0.33829462895805040
  0.34840258036362337  0.35924492233844513  0.37075692639218305  0.38224086123438056
  0.39351692762259455  0.40476445551091356  0.41605221998351483  0.42683480119412209
  0.43738971925720044  0.44841510644963117  0.45964266965575645  0.47134894758229806
  0.48330536617198000  0.49579022285772523  0.50843981737175636  0.52107143463940808
  0.53378562988858003  0.54678709179616292  0.55973944038459023  0.57200832492740106
  0.58359682428826576  0.59429362927566121  0.60506667584896667  0.61655796814803787
  0.62885745874845989  0.64156913727181497  0.65524867813197718  0.66847153872962917
  0.68064671125151788  0.69187651334937106  0.70279055075520469  0.71340193176569200
  0.72366850514320769  0.73399713313232151  0.74462800792957995  0.75558515243062740
  0.76685893421680495  0.77858784793585423  0.79047211515100502  0.80172712854851547
  0.81220130934955137  0.82286477095691191  0.83359461587723016  0.84466807731321603
  0.85541727374619103  0.86565470579869763  0.87605150394949116  0.88644136532438855
  0.89704416984083291  0.90681449126609881  0.91577074732853025  0.92609066050402689
  0.93583846890974831  0.94506114575357469  0.95412572165419285  0.96322488581212951
  0.97242812949972413  0.98188952364541249  0.99109634461210905  1.00000000000000000
 -0.00232665146595927  0.01013116846720491  0.02114984643237058  0.03200595286923734
  0.04326733622364048  0.05405831469572578  0.06438741538726508  0.07501076428382258
  0.08625752144881857  0.09737939729052222  0.10798017244080652  0.11735558392864003
  0.12695315379378744  0.13667324071297698  0.14663030167659308  0.15693562992460686
  0.16735174020155724  0.17887108578858812  0.19061648699168415  0.20196351389652534
  0.21320423272277411  0.22427360853182479  0.23473462282676094  0.24443488070740296
  0.25413659969672742  0.26346343449353554  0.27288742493964901  0.28243894276534581
  0.29266870449620108  0.30324463548945846  0.31334213423938068  0.32261083662549805
  0.33244028700039296  0.34303289046805452  0.35296922180843238  0.36196006194625452
  0.37069816198389433  0.38006647792687609  0.38990900801588135  0.39972901443318731
  0.40962596479695484  0.41975827035376861  0.42994813344743760  0.44047271639981833
  0.45162801674094177  0.46266433785895505  0.47333220395769471  0.48416870635492282
  0.49463781133494067  0.50459638336240720  0.51439366252141872  0.52457347756008510
  0.53500304731856041  0.54559668253122906  0.55625484960967653  0.56682079880538150
  0.57716736696147641  0.58780910503865491  0.59885094374973558  0.60948401438727184
  0.61934279126829705  0.62851219953919679  0.63721066673899684  0.64606189352443477
  0.65493487919598548  0.66413240212902458  0.67389997089782883  0.68408748672527642
  0.69497887382532109  0.70608164081890978  0.71682237085724565  0.72768903578506783
  0.73881788197800402  0.74980898995456458  0.76064939900720518  0.77156794874006718
  0.78253406270456316  0.79315590501897948  0.80364751928618394  0.81492322781935700
  0.82724729708608646  0.83977255997080613  0.85233683166277041  0.86474009642674532
  0.87662393514359416  0.88803884626857210  0.90015665111871002  0.91298714362829192
  0.92493605120379030  0.93585855156882714  0.94670441510965020  0.95790569897598221
  0.96804919843369741  0.97894726972855484  0.98950024480511956  1.00000000000000000
   1.2284005578209466E-021  -1.0000000000000000     
 T F T F T F T F F F F F F F F F F F F F F F F F F F F F F F F F F F F F F F F F F F F F F F F F T F T F T F T F F F F F F F F F F F F F F F F F F F F F F F F F F F F F F F F F F F F F F F F F F F F F F F F F F F F F F F F F F F F F F F F F F F F F F F F F
  <DiscreteSampler_grid>
  grouped_processes
  1 # 1 for a reference and 2 for a running grid.
  10 # Attribute 'min_bin_probing_points' of the grid.
  1 # Attribute 'grid_mode' of the grid. 1=='default',2=='initialization'
  0.0000000000000000 # Attribute 'small_contrib_threshold' of the grid.
  0.5000000000000000 # Attribute 'damping_power' of the grid.
 # binID   n_entries weight   weight_sqr   abs_weight
    19   10   1.622360013974860E-015   1.332145515963914E-029   1.622360013974860E-015
    22   10   1.095100238005206E-015   6.977632275049061E-030   1.095100238005206E-015
    25   10   9.350542106031446E-016   5.040989305740612E-030   9.350542106031446E-016
    28   10   1.898465582029992E-015   1.865656814202653E-029   1.898465582029992E-015
  </DiscreteSampler_grid>
