 -0.00000001041226503  0.00001264147969680  0.00009986629285010  0.00028754235001981
  0.00058154964548613  0.00097479843779278  0.00144693420103824  0.00200275739570085
  0.00262942545804302  0.00333282172762056  0.00408424742770351  0.00486220698904063
  0.00569811588477871  0.00657039025652854  0.00749317815581548  0.00841187207622208
  0.00946966850191654  0.01048574823376744  0.01151155034929694  0.01259029116288834
  0.01367125217562327  0.01476165770123494  0.01589291332224026  0.01707888591097248
  0.01824284467760938  0.01943201468733456  0.02067505381946466  0.02197167320372925
  0.02323269769405849  0.02447391943023343  0.02568787730941338  0.02694511440347347
  0.02820564622031709  0.02948405669856403  0.03075877927756187  0.03203698597042445
  0.03333437485569442  0.03466507819633440  0.03603998663857511  0.03745702809429620
  0.03889388118266916  0.04032496115602800  0.04177764749070184  0.04322145968200186
  0.04469002994633332  0.04618613027237843  0.04772393435317367  0.04929009953041294
  0.05084878589820769  0.05238302075082397  0.05392007995884470  0.05544172808998835
  0.05697896282921627  0.05853731395659040  0.06012528442007935  0.06176535797039048
  0.06347496851752724  0.06520820822476898  0.06694921582300078  0.06869806169839361
  0.07044450270503751  0.07218430316782513  0.07393269012811260  0.07565505129017276
  0.07744011686032226  0.07929411003750164  0.08123536182254923  0.08324390739360059
  0.08526428858353730  0.08723562157239122  0.08924553554230306  0.09127943988808568
  0.09334882874402442  0.09546634838571852  0.09760072629797675  0.09974708602620048
  0.10188061080293319  0.10397415676455671  0.10641964838966847  0.10931350404623073
  0.11217679363463574  0.11511110916703154  0.11808004135137960  0.12110972840264046
  0.12428213519109356  0.12768854316012518  0.13119090253759122  0.13484340705787171
  0.13898040763021038  0.14413192704579145  0.15032469949937549  0.15746064028322829
  0.16627418630898352  0.17920730236467783  0.19405225454320330  1.00000000000000000
  0.00967671603118599  0.01499034127106181  0.02362089012301858  0.03440148231714319
  0.04478343989166907  0.05454434225836518  0.06428130493209748  0.07388491639561651
  0.08330809581194107  0.09268673317530626  0.10221292641044266  0.11235709978059513
  0.12262506940956669  0.13263979205245804  0.14248872221488315  0.15255765502735225
  0.16298446028900163  0.17350440066290884  0.18412409542204333  0.19463519188814363
  0.20501195121762167  0.21560046193510532  0.22602649405657729  0.23632043331091915
  0.24686843856666313  0.25764459517970534  0.26865789684527341  0.27918057400217178
  0.28958723643936851  0.29987137026854083  0.31017404904702489  0.32032370742829325
  0.33034874599946668  0.34058085288597040  0.35121712747358075  0.36130829127362574
  0.37190290241413537  0.38162318041596621  0.39162531608422207  0.40102365401826695
  0.41033010742381565  0.41957394031565359  0.42972446155974942  0.44005799688194214
  0.45119471692476099  0.46183610304226752  0.47207918525804865  0.48277650908402148
  0.49366545471083034  0.50430302789302883  0.51427657607121413  0.52433674478097692
  0.53468549281222388  0.54492144409903820  0.55470351369353499  0.56453395522200123
  0.57426974680403942  0.58400236672374739  0.59402191258950110  0.60432952533192019
  0.61533682363713826  0.62676961491738226  0.63898322156824483  0.65081673679231467
  0.66190152252651235  0.67240856844611485  0.68278598388386924  0.69304586186820527
  0.70297710990987361  0.71342485086505747  0.72475371994256366  0.73552901568750606
  0.74614774626688207  0.75704196302550375  0.76809238315183181  0.77921708241090815
  0.79021468633316794  0.80060707686909716  0.81044303190384237  0.82030411670068115
  0.83031591336630528  0.84103506368975844  0.85196870195501295  0.86320827572285830
  0.87479263375691474  0.88613209474527743  0.89749128135233647  0.90766285889698128
  0.91831721755458640  0.92898054375705286  0.93966562306209278  0.94966899929819160
  0.95947380695332485  0.96973832231132195  0.98014563992201609  1.00000000000000000
 -0.00249304558442151  0.01006602292259513  0.02067959224800999  0.03152972225646164
  0.04219624733867373  0.05350442250500213  0.06466719999337039  0.07602566122024856
  0.08731353089989272  0.09961126268598945  0.11073273385792112  0.12196815901869026
  0.13344961429561619  0.14485688164238966  0.15573921497353976  0.16678402530087427
  0.17830174483314337  0.18975452509078494  0.20092235737930686  0.21195595235179029
  0.22304159588968894  0.23398254793233875  0.24451146768917537  0.25476696424545009
  0.26486497957327532  0.27503426732605374  0.28524474826599439  0.29547974807766725
  0.30587461269383087  0.31654211758738876  0.32730204594858253  0.33775450865820533
  0.34765336463999708  0.35734957913091830  0.36700950896743179  0.37699432168137614
  0.38728170530791695  0.39817886326993879  0.40934404322263629  0.42085363867259395
  0.43227644598624693  0.44311884652977901  0.45339032459010276  0.46350168064486191
  0.47365467248840354  0.48335108240901165  0.49268506475371682  0.50215768212899448
  0.51167904662271213  0.52123662496702072  0.53095878532728613  0.54065328532460932
  0.55087719293771575  0.56119482560857337  0.57187730930695857  0.58283039480106402
  0.59397196351102322  0.60500381172011686  0.61578882044976335  0.62629454129488293
  0.63643564014349330  0.64634260730388782  0.65625136298660791  0.66624810173282834
  0.67652575858295960  0.68644994188844788  0.69702950076206949  0.70858360838202339
  0.72093031207669067  0.73397539834626579  0.74643590066341392  0.75749775463703073
  0.76803850492393433  0.77848071813043263  0.78890247369869748  0.79911872741967005
  0.80887263162823408  0.81870745219625396  0.82836274610903005  0.83861360491323034
  0.84884583417340920  0.85881070545809934  0.86848494679348587  0.87824178464177360
  0.88805999301837601  0.89792883262463563  0.90779830590843813  0.91810061630255868
  0.92814653647777123  0.93818318312735793  0.94817464109012317  0.95799109568931751
  0.96858820312721083  0.97901947283586011  0.98977176832539282  1.00000000000000000
 -0.00221141300109021  0.00940947533612898  0.01847110635175223  0.02860632792146901
  0.03857504127357499  0.05026528798093736  0.06251767700026611  0.07474846268388262
  0.08679282331663030  0.09840428547155002  0.10947670930961027  0.12009498206317985
  0.13060581708384333  0.14068568248687974  0.15058860348198366  0.16056993681355569
  0.17077361470230182  0.18072280606288790  0.19059417673889317  0.20060197898079724
  0.21068335089301377  0.22129042445978109  0.23158331102402729  0.24166295304357427
  0.25191368853623758  0.26254361162466178  0.27331353371385164  0.28331847192301601
  0.29339368781735509  0.30346296568274278  0.31353898770628935  0.32381751058378028
  0.33426504082782366  0.34477905225084426  0.35540957422523795  0.36632852713117886
  0.37715000925764969  0.38755130310511177  0.39781006723117091  0.40807683955296087
  0.41815169020590803  0.42786077972918063  0.43773052831385301  0.44817195996469689
  0.45909709919566188  0.46989148114937968  0.48067045342042752  0.49169660268994614
  0.50275674841448592  0.51367127775547972  0.52469173566326355  0.53578280814130874
  0.54652766135030773  0.55707009747018077  0.56776217127954842  0.57859438436218258
  0.58954307262515027  0.60015696582358802  0.61067346206574047  0.62089637993266045
  0.63122937000508106  0.64150376792500408  0.65181440424318260  0.66215064652480393
  0.67267091045411320  0.68300425089410410  0.69347181482534936  0.70422663681814313
  0.71545736347797106  0.72670720631828845  0.73782560529750418  0.74942675026067040
  0.76029158137122477  0.77139810875685400  0.78185103058780536  0.79249731979398219
  0.80246368549737701  0.81221523792858608  0.82167794566411090  0.83150587468010007
  0.84175787173809646  0.85221857295440040  0.86238540043612433  0.87304792106720408
  0.88486279482111163  0.89704083332527695  0.90775545415042280  0.91791871059938168
  0.92791652805818392  0.93802793599147150  0.94828586700174877  0.95849945818907167
  0.96895395423221065  0.97906477241545997  0.98954516008556337  1.00000000000000000
 -0.00259535364547074  0.00968808295775182  0.02007991735735477  0.03116277794317766
  0.04238302785419501  0.05368102864839790  0.06450255311098702  0.07497748208491478
  0.08530693474005459  0.09497443962057696  0.10471458322138673  0.11411962031099837
  0.12390962929350327  0.13365916546136944  0.14329426838976403  0.15280823081593548
  0.16246955748821768  0.17256078805839301  0.18315041997917700  0.19366816339254697
  0.20390978828809617  0.21450652583665422  0.22563827995945415  0.23632526022615388
  0.24674288248735637  0.25719249584281589  0.26823109094278758  0.27910156633487032
  0.29010380825145077  0.30139248943733166  0.31305668621947236  0.32427691040389023
  0.33548253337429346  0.34670325661600332  0.35765323599974386  0.36834297876730626
  0.37961973255763937  0.39131949805944755  0.40243156348982306  0.41316763941686718
  0.42408637912747466  0.43555477637335555  0.44635437963375046  0.45675960963683432
  0.46715943626495565  0.47806566630758285  0.48878292385374011  0.49925894119740938
  0.50956260912382401  0.51990958546078581  0.52981965155249056  0.53967279109452460
  0.54942777265732612  0.55928881501649863  0.56934301621704053  0.58023622663583851
  0.59147014514620189  0.60300977305327552  0.61358418359553879  0.62406546017636610
  0.63398947077880063  0.64351186836705998  0.65350068915197979  0.66379558416998308
  0.67461010504889030  0.68504842300497981  0.69549049348998049  0.70571847499524420
  0.71572208339984977  0.72580689053233538  0.73634800175561477  0.74689593057368264
  0.75767218327987695  0.76837113151928282  0.77937128693485536  0.78994261229660379
  0.80073306412167500  0.81135974038189762  0.82164790592191006  0.83225144305801668
  0.84306576893278429  0.85374783494504536  0.86408580305134031  0.87417783509976288
  0.88410907933561456  0.89460047865667913  0.90557138531433068  0.91660553803654243
  0.92778119974030948  0.93899177984927495  0.94988877794000004  0.96067117384905443
  0.97099843457463564  0.98109123060555392  0.99063764484327277  1.00000000000000000
 -0.00236088181074629  0.00941089023214126  0.01915336310697174  0.03056220214258958
  0.04185313121762592  0.05241126894867506  0.06294656040664687  0.07280657250632468
  0.08272186682290389  0.09217275280711004  0.10184933497267457  0.11173900814625033
  0.12188272781897536  0.13277785125116581  0.14396128414775203  0.15442542293929523
  0.16446008796576775  0.17482956553868295  0.18474505221918491  0.19451276289609376
  0.20407704841236271  0.21420114173314483  0.22488108263864726  0.23562629217167586
  0.24639027459828833  0.25693787983444349  0.26723798779450386  0.27772097284059183
  0.28792193576529357  0.29790230723683792  0.30780679283528140  0.31822059382697349
  0.32951664091611244  0.34114918297465074  0.35329710474894349  0.36583881524877332
  0.37848004905920202  0.39109164577083444  0.40362113503869579  0.41598239703543871
  0.42665386454664406  0.43715593563075394  0.44693897124768034  0.45667839197614607
  0.46642970213476626  0.47643233441237809  0.48683765233122717  0.49754579238415486
  0.50797771260272773  0.51825926890743723  0.52845547605595988  0.53868269185153805
  0.54873706475138517  0.55880302682325367  0.56873556108978329  0.57870010336045996
  0.58882721366517177  0.59942503003169145  0.60995916625433089  0.62063823043269861
  0.63138555777597827  0.64267836946653889  0.65319891144942199  0.66383109525587025
  0.67470707044743106  0.68484002362414176  0.69512452987079376  0.70510834378506593
  0.71566676971189347  0.72624503849135447  0.73687257704657316  0.74783200980114817
  0.75862474327045137  0.76902381843925582  0.77953959734597500  0.78981959704710425
  0.80026829949740486  0.81086819182246250  0.82217883480831355  0.83347787267728579
  0.84482727459754337  0.85600769046443315  0.86664868253792182  0.87737429240692233
  0.88793887089901724  0.89809949812258494  0.90771658600962357  0.91729139052854092
  0.92710151060876711  0.93714455244484773  0.94739568523162321  0.95753531747612941
  0.96786853096121239  0.97832503929382875  0.98906984460596759  1.00000000000000000
 -0.00184550367162146  0.00653713955202430  0.01378074684391443  0.02118900441861571
  0.02910453742102915  0.03697730222564480  0.04527241321694964  0.05375522189686664
  0.06241609094255484  0.07152013734130341  0.08085177256271993  0.09049077960302690
  0.10050101050196841  0.11051439217540257  0.12026610190221985  0.12961389866375572
  0.13871101775762534  0.14787837859795988  0.15716743146768050  0.16681110740468647
  0.17676409399553591  0.18696718830568088  0.19725951635424177  0.20754916216017039
  0.21724094281468698  0.22713359504826403  0.23666843453932768  0.24642695202803169
  0.25652158354827748  0.26694494193714857  0.27722598132828113  0.28737250100369144
  0.29825678584863896  0.31009328961066895  0.32199523503380834  0.33383340056857891
  0.34566504657243191  0.35750103311085518  0.36927425278403914  0.38130327314054846
  0.39330139989462565  0.40488113056135566  0.41626651096353251  0.42751757394103984
  0.43888247261536018  0.45035377595331549  0.46204767867756830  0.47375519735581578
  0.48599441442677682  0.49857623570413867  0.51082720360566514  0.52338360964499975
  0.53622499345148156  0.54852375356890593  0.56059307872341668  0.57280672431573088
  0.58524558771188595  0.59781384455460629  0.61069271235995681  0.62391114175016449
  0.63792658425314985  0.65104013448953846  0.66381716771690991  0.67517015837108130
  0.68605213987822844  0.69590475950448982  0.70593774134968057  0.71622081893499723
  0.72631424776985420  0.73621576494238694  0.74633021080038542  0.75704094540872913
  0.76822170630500930  0.77923553520687761  0.78976997846391472  0.80063852137604530
  0.81135176883850391  0.82185720030114828  0.83277783158359098  0.84314699574371321
  0.85390675108936132  0.86379456018011147  0.87424787652134994  0.88460541822875938
  0.89457381045870676  0.90427560488411762  0.91401022018675027  0.92424787557871024
  0.93488178836753677  0.94551778109622586  0.95582706722435451  0.96554860301266743
  0.97460311117300358  0.98341907074894497  0.99169721574358483  1.00000000000000000
 -0.00276513909357164  0.01015660723804362  0.02110234133953050  0.03246945458152536
  0.04382384353384614  0.05534263554857712  0.06662595795998194  0.07778253706306074
  0.08895783049910592  0.10029076453112055  0.11135439647976191  0.12235624133031550
  0.13309862562014871  0.14380822638588944  0.15465038118754565  0.16554452621237281
  0.17632643289359767  0.18687236852046835  0.19724900328578493  0.20743889830621137
  0.21760922401776905  0.22800881168060272  0.23854108354080408  0.24901322400409698
  0.25946266729610973  0.27020781114402448  0.28095568134699433  0.29125639966884803
  0.30096805694599432  0.31054902564926823  0.32025289800896123  0.33012228375285652
  0.33977237601802707  0.34926328549830005  0.35885302035339167  0.36892553431219682
  0.37896762199318612  0.38877381974026787  0.39853246995307212  0.40873777459603727
  0.41937408126810533  0.42996680275469418  0.44040525389919510  0.45063928183124369
  0.46062288271084595  0.47046572412577797  0.48060710770572673  0.49107936300075605
  0.50166207968626519  0.51229898217880254  0.52329753219777331  0.53446950372235624
  0.54502841304269456  0.55526809216015682  0.56562296215351582  0.57645356347118137
  0.58733381451941236  0.59813536009325363  0.60946728122138383  0.62132791630124229
  0.63248140932791896  0.64318388496994372  0.65349032097371240  0.66362461571270281
  0.67378252059512367  0.68401313792174334  0.69470568214464612  0.70522928853222699
  0.71618701456678635  0.72728647680276071  0.73848213658956918  0.74912365311405071
  0.75900894184670609  0.76866629142164289  0.77932348709544152  0.79036654181680477
  0.80146247281804661  0.81271372889163518  0.82435199637099066  0.83545215046693644
  0.84625963682229421  0.85680786377853457  0.86704751990853979  0.87740695825579473
  0.88757955403382893  0.89748162236414930  0.90738152943386574  0.91759281996377107
  0.92792130897747682  0.93803773993466188  0.94856311452557596  0.95884631769023987
  0.96887718442867987  0.97856999269611733  0.98908395625354106  1.00000000000000000
   1.4293412124823096E-009  -1.0000000000000000     
 T F T F T F T F F F F F F F F F F F F F F F F F F F F F F F F F F F F F F F F F F F F F F F F F T F T F T F T F F F F F F F F F F F F F F F F F F F F F F F F F F F F F F F F F F F F F F F F F F F F F F F F F F F F F F F F F F F F F F F F F F F F F F F F F
  <DiscreteSampler_grid>
  grouped_processes
  1 # 1 for a reference and 2 for a running grid.
  10 # Attribute 'min_bin_probing_points' of the grid.
  1 # Attribute 'grid_mode' of the grid. 1=='default',2=='initialization'
  0.0000000000000000 # Attribute 'small_contrib_threshold' of the grid.
  0.5000000000000000 # Attribute 'damping_power' of the grid.
 # binID   n_entries weight   weight_sqr   abs_weight
    19   10   1.013565173208352E-001   2.758067458905632E-002   1.013565173208352E-001
    25   10   8.758194127721056E-002   1.288514786782165E-002   8.758194127721056E-002
    37   10   8.566283564711318E-002   1.188502714977828E-002   8.566283564711318E-002
    43   10   8.246938206048134E-002   1.615005499029800E-002   8.246938206048134E-002
  </DiscreteSampler_grid>
