 -0.00000627535687443  0.00138627054687636  0.00415275854480859  0.00727895856380502
  0.01027275788718755  0.01340994825387455  0.01645626309444291  0.01925430214902189
  0.02180284845856165  0.02418054347838062  0.02663586340862383  0.02913086219445013
  0.03148518521997878  0.03368212414873466  0.03578918178359052  0.03783439500692454
  0.03981635984790320  0.04175672243112531  0.04382367708826865  0.04598790607317209
  0.04815001765183790  0.05019819780384362  0.05216716872040417  0.05406427212947000
  0.05600241277094054  0.05797049994638865  0.05995720655871387  0.06187160504456365
  0.06383561087279625  0.06576636629673333  0.06759988023157648  0.06935110612038931
  0.07126856426214495  0.07333832785660696  0.07539771220794621  0.07740438899448022
  0.07936792572769150  0.08123390832574549  0.08308403622351103  0.08498828279397111
  0.08690137596892089  0.08882280804674682  0.09084066472006816  0.09284315733099853
  0.09481788118628147  0.09680307704150704  0.09876531237899869  0.10071047836996273
  0.10260656673540913  0.10439317317997324  0.10609956848072016  0.10778984099618816
  0.10951550095036663  0.11130487345452157  0.11316353983734717  0.11509931743284993
  0.11698571884860466  0.11884993946808099  0.12092638061511073  0.12304768385042431
  0.12533945969883056  0.12768946278741969  0.13015846596991626  0.13273192422653390
  0.13533069108972182  0.13787845431980142  0.14032636269581003  0.14268684689210120
  0.14504959377409546  0.14739354425678675  0.14985022453017657  0.15249790349486900
  0.15531022994180663  0.15825228774469571  0.16170181363811448  0.16505692557952964
  0.16832329655175024  0.17166915816132755  0.17487038758986073  0.17817687941604976
  0.18152606471891378  0.18494814422064915  0.18851907194810635  0.19231436825261045
  0.19623337330403537  0.19983912537484042  0.20496225178812583  0.21141007187291774
  0.21899081868377232  0.22755531516949201  0.23749343476928023  0.24873474349912736
  0.26209209535509642  0.28324563438707739  0.30306583885540017  1.00000000000000000
  0.00989459476963946  0.01500916193424524  0.02052524187111231  0.02789140760746613
  0.03585629513767467  0.04432200021527731  0.05477215140280157  0.06596196320879745
  0.07788874947583324  0.09064378356530392  0.10355788297428754  0.11599215876729541
  0.12754523795020858  0.13859462446888726  0.14944913363170267  0.16035819861642017
  0.17135082456168252  0.18264544550906678  0.19266650668589724  0.20182711794778274
  0.21151506302836987  0.22069997184293666  0.22911696873026743  0.23727327907456083
  0.24536808075785627  0.25473351165219876  0.26549702590930940  0.27667969508756601
  0.28777911175269349  0.29857057032677675  0.30879380514861710  0.31894380420717666
  0.32925426609920522  0.33951325128276100  0.35039871201512918  0.35996491793448759
  0.36941914469458703  0.37997045881064440  0.39107845273859931  0.40206631765206574
  0.41296094222222779  0.42582099467022216  0.43876314474700262  0.45033881732690190
  0.46125599175758725  0.47220920254308058  0.48304938537355346  0.49386029191524117
  0.50461003677340321  0.51585318147507364  0.52688825881494605  0.53770150519250937
  0.54808590470816709  0.55856986094848771  0.56939996304441609  0.58018899280850500
  0.59031292875883412  0.60073010761988710  0.61155640106587461  0.62121642708458180
  0.63063700862129646  0.64048388544011170  0.65035008412190776  0.66002871997560453
  0.66967027555342340  0.68001497927041155  0.68984219231702570  0.69950386830301836
  0.70998554553024051  0.71995173950107172  0.72929869408967507  0.73809652833733230
  0.74704356395339144  0.75696635401117818  0.76722123158088495  0.77693725520003609
  0.78616693329016707  0.79577255624212406  0.80643168107377250  0.81788177574814325
  0.82928892795743037  0.84204488214378659  0.85663291426629906  0.86832977583027904
  0.87990913216378219  0.89088459611523607  0.90206244282658798  0.91264884986136330
  0.92310410689741562  0.93373242017646652  0.94429257704598524  0.95487658335290571
  0.96537934270075343  0.97627640299391860  0.98790577872404484  1.00000000000000000
 -0.00001654792259843  0.00018145881391253  0.00045469687923602  0.00084489496919391
  0.00130595585938776  0.00196405419616321  0.00271715137390542  0.00349729737241243
  0.00439862275691591  0.00534501623066548  0.00632908181357897  0.00735860459733317
  0.00848192832348279  0.00969246128701016  0.01091575529167995  0.01214205129583336
  0.01342704442593615  0.01482563646116914  0.01638530253184187  0.01804892561272556
  0.01970805807716475  0.02139764311430939  0.02316950182759001  0.02498698699404431
  0.02670831943883083  0.02847002351209538  0.03037547088976026  0.03247274512222782
  0.03465635963147370  0.03693726004959736  0.03940546923470382  0.04206057493535179
  0.04486195866654605  0.04782319407579348  0.05081252385206773  0.05390644013120527
  0.05718632248435167  0.06061404666312623  0.06401776866283621  0.06699263888731359
  0.07040446224297249  0.07396584781054745  0.07767568608715646  0.08151152707625897
  0.08566509172496242  0.09074476147018848  0.09508114309411320  0.09860713598510204
  0.10204126180029968  0.10548107575289792  0.10907124938394823  0.11270063406900077
  0.11644860196374045  0.12060294996866136  0.12480652446465310  0.12881891781329285
  0.13312231589835999  0.13785339666283455  0.14265806310996001  0.14793317204168266
  0.15355530692888483  0.15914773674924940  0.16466417175589512  0.16986456558750573
  0.17529101960739046  0.18145979456472530  0.18827164776993680  0.19563646084790473
  0.20324485502006762  0.21068055321435133  0.21812548845730975  0.22555872521694947
  0.23383926254002180  0.24248708631928845  0.25147059824971740  0.26084767631637573
  0.27072380318027994  0.28113388516928051  0.29138476384439310  0.30230628867216369
  0.31359106952514493  0.32533204082860390  0.33797958571029696  0.35172023651054696
  0.36646427899262479  0.38205825410129518  0.40071299518678094  0.41944155120430571
  0.44111531517139024  0.46204585675255982  0.48772879991556978  0.51883134385784646
  0.56020990390501657  0.63810506752285512  0.70977472921042073  1.00000000000000000
 -0.00197786143313476  0.00837814086887801  0.01749322258297020  0.02582644108976269
  0.03409003022847014  0.04230689842630506  0.05051262407471756  0.05893819078929706
  0.06748149531612789  0.07562289075673585  0.08434483540886920  0.09507979856207788
  0.10646904054071160  0.11768926292070421  0.12867364815078086  0.13911229921022419
  0.14953030505697254  0.16106610457500856  0.17448738903382663  0.18828984622879424
  0.20006144626725059  0.21125896789292595  0.22123881772838636  0.23147989331939242
  0.24056825215035815  0.24918276553449648  0.25761690876331739  0.26619181844540296
  0.27543961696620478  0.28643521703769992  0.29995692740249474  0.31403126404413806
  0.32692913972543208  0.33898543694881056  0.35109952536737604  0.36297977044997731
  0.37393872479448570  0.38266355895866078  0.39148922261300600  0.40076894822459869
  0.41010427113588493  0.41877184295404141  0.42699284629919049  0.43505765689266568
  0.44261633034814690  0.45032462247633548  0.45864482291463859  0.46738370927171563
  0.47591165685351361  0.48484647693877153  0.49443149944290199  0.50436794392370687
  0.51568025241937510  0.52653873958703212  0.53657958663778194  0.54615723948981931
  0.55610662770693664  0.56695048889878819  0.57939195213413341  0.59238630915409263
  0.60646710278887039  0.62081524631099994  0.63457985841861142  0.64713547911161573
  0.65765352171465186  0.66728434743716714  0.67690409813307817  0.68642300915844556
  0.69567942649803005  0.70491937947508831  0.71529401201701193  0.72676634779628202
  0.73864907834434901  0.75003918431136085  0.76004764393196367  0.76950587567347684
  0.77899830921813840  0.78871383259222794  0.79822402618585531  0.80810159542587912
  0.81907018337650872  0.83080170391044905  0.84242206153072874  0.85367661018035534
  0.86532884794678044  0.87821195138364228  0.89146161069180385  0.90456624277481157
  0.91734871712603261  0.92986333836883117  0.94316052706033748  0.95954774867748760
  0.96886371431370610  0.97959114627527777  0.98990931962680428  1.00000000000000000
 -0.00329073519086213  0.01208669110980784  0.02398476576197057  0.03500779964087219
  0.04579683800674611  0.05598600117970377  0.06586709042222781  0.07592297871473049
  0.08693939265466367  0.09827472179896675  0.10820641479985701  0.11732883081213843
  0.12715717616743699  0.13600702546022320  0.14434091610381825  0.15334477798630983
  0.16275633715180546  0.17330432397860257  0.18487360125126753  0.19679948675618983
  0.20845525953975041  0.21937085267071488  0.22943992528327786  0.23873663242167265
  0.24757268099084334  0.25648020042927772  0.26581596339614588  0.27590349736048031
  0.28644462762423462  0.29693146192525727  0.30834616724243369  0.32216413742811167
  0.33767462968907752  0.34772459942213219  0.35747356156427584  0.36737027912258546
  0.37808665554387949  0.38965350627293688  0.40117242178921036  0.41277629374675207
  0.42420998999952286  0.43570986949844287  0.44629900327412908  0.45650217545787120
  0.46650216118892490  0.47661901588552252  0.48727931120003076  0.49776878998294394
  0.51079550900674853  0.52312334847250042  0.53470016659443897  0.54588985352698982
  0.55679301578553664  0.56811056646331470  0.57946909648849398  0.59138274732307428
  0.60251235011370008  0.61162466340044686  0.62051694663185542  0.62971939144117506
  0.63935174689265284  0.64868137996116981  0.65704298946044526  0.66517493585274534
  0.67345196087378700  0.68216996728859192  0.69059069308771459  0.69883658297051987
  0.70752949773896234  0.71696945601993800  0.72683017342763456  0.73721230237842117
  0.74760859881415376  0.75764038786218113  0.76803846542686338  0.77855364898740032
  0.78815675782215655  0.79873414669211307  0.81003474106326911  0.82196036073712064
  0.83427136548550052  0.84668036244589950  0.85896526462348299  0.87022735488262726
  0.88101711910510305  0.89176530539865062  0.90250298899487880  0.91349657705328724
  0.92366066541932634  0.93363048850646646  0.94471053086229950  0.95590469964690605
  0.96636341297649964  0.97619331597374626  0.98722737405717598  1.00000000000000000
 -0.00742994323450390  0.04486545001326380  0.07564711729059979  0.10155621928211485
  0.12774646277991153  0.15243741066236743  0.17186357057819363  0.18845447391609083
  0.20327604843682004  0.21778110254951602  0.23383579974720675  0.25077836494866135
  0.26596418732247840  0.28078273559094186  0.29537516796709024  0.30946640999712793
  0.32288462672834817  0.33608337987745496  0.34953365771177930  0.36446596590549779
  0.38028798446336765  0.39452239883250362  0.40693516236438115  0.41845812369190799
  0.42947777426320743  0.44045695610897384  0.44832700229095346  0.45701447549763258
  0.46524805149872356  0.47309531262998128  0.48123221226521057  0.49009140013515617
  0.49833215275107967  0.50683027964143657  0.51578739679874253  0.52588031721262285
  0.53695386695414682  0.54676988609722954  0.55564006752062123  0.56481775208264240
  0.57346331333528422  0.58193825608876348  0.59034187478801814  0.59814650489015753
  0.60631338720725814  0.61575083914262740  0.62582479742769559  0.63550168622302350
  0.64536664570113067  0.65536896190067795  0.66512799570227676  0.67426834014215098
  0.68290795355201517  0.69168449344714056  0.70099485857876598  0.71021675209591628
  0.71811469566985164  0.72559221775707272  0.73317923965324172  0.74055001879497806
  0.74795892765204186  0.75553470436950121  0.76299500119208763  0.77061163915435049
  0.77877751467883949  0.78729946190191336  0.79584873849515336  0.80472385855512740
  0.81415971485559147  0.82378637625484896  0.83251020265782338  0.83946479253314410
  0.84521280144795341  0.85124493106942978  0.85721596972516256  0.86312593039119623
  0.86936356653578140  0.87579397360973699  0.88248686219440853  0.88876590633707131
  0.89464568810234923  0.90096221260053833  0.90771961871147300  0.91470680998503628
  0.92173165970331772  0.92886721231619740  0.93602930654067484  0.94223072912168748
  0.94854613717426395  0.95504324941540064  0.96214330898523537  0.96983594265319584
  0.97750954915721078  0.98500895369831432  0.99236768224170124  1.00000000000000000
 -0.00146847980857441  0.00828592410539352  0.01800503725721314  0.02944880993185333
  0.04178310977958134  0.05489974246599610  0.06888765842975333  0.08374144811270298
  0.09917580214032841  0.11196734091139490  0.12362826219665811  0.13510272398483122
  0.14540146286228234  0.15449995358434965  0.16312069974211532  0.17129610631993220
  0.17939081792004144  0.18806250823584611  0.19669885844646648  0.20526108707096344
  0.21381463629118838  0.22246449231948517  0.23058152161090212  0.23900931394129293
  0.24789842030543316  0.25754554191511947  0.26749140769888274  0.27685638603575485
  0.28550298728937418  0.29393074733685581  0.30255027427241205  0.31129744203333570
  0.32056532758785633  0.33027857394769050  0.34063542847021611  0.35148939956068864
  0.36209191366905152  0.37243479666885160  0.38262458763492785  0.39321682032688504
  0.40446118809806952  0.41600015447190086  0.42781357134204134  0.43969014833069747
  0.45242871998078404  0.46405671096695705  0.47573898576792722  0.48702530690725382
  0.49836613772442723  0.51248806260347768  0.52549077792543708  0.53879942706789041
  0.55175541817144735  0.56421463941770467  0.57658042887561922  0.58954774495043172
  0.60378739169331153  0.61700888645342356  0.63066237649554857  0.64277182555774948
  0.65405341323382471  0.66493469232231195  0.67485861460004148  0.68518598968342070
  0.69464721686016662  0.70378652601543346  0.71356540781673206  0.72344028630916390
  0.73414239005836834  0.74811552243473911  0.75708383583209782  0.76526858234999307
  0.77327031124424106  0.78086150151257072  0.78828364587876210  0.79578863114184761
  0.80353173061039196  0.81205461702789916  0.82323813741650065  0.83511452175313572
  0.84654656506126991  0.85780932652423592  0.86843528124297886  0.87817926411589053
  0.88747298237166716  0.89707992822000882  0.90753578108295030  0.91863486376387637
  0.93060209008743999  0.94168067861589766  0.95108260541893752  0.96035581957387273
  0.96942725514996830  0.97971716220602012  0.98949208679715994  1.00000000000000000
 -0.00211909998227588  0.00919939354160244  0.01839154223544760  0.02720142822332814
  0.03649124962590680  0.04685022796950769  0.05788631708678661  0.06843177723132809
  0.07832381349829098  0.08974210322136150  0.10161662284032602  0.11376444753874873
  0.12566965052156839  0.13773902837008747  0.14982775778051910  0.16124349733462212
  0.17311501915227689  0.18524634133614920  0.19709145918002230  0.20871562598270441
  0.22043426751113998  0.23198497189143444  0.24298731833823997  0.25374472867144388
  0.26432023639824725  0.27511486451020029  0.28565042201200624  0.29576958529427128
  0.30567333360399873  0.31592234069302294  0.32627276171121516  0.33788948227481758
  0.35038794933266687  0.36095943925155127  0.37010803062492331  0.37922164581554413
  0.38796605412395163  0.39668246235054255  0.40495778498980733  0.41336729262721944
  0.42192352001750266  0.43103177447038893  0.43990647945432931  0.44896012110034988
  0.45782806418319683  0.46674180089801787  0.47566162100805515  0.48571613250576551
  0.49677669390249646  0.50814023854623369  0.52062273309795359  0.53509386935162939
  0.55079167422911091  0.56611864229471665  0.57891850863941996  0.59023207054161786
  0.60152088481750932  0.61289777487023989  0.62439221225163022  0.63550644365480957
  0.64658876117111153  0.65755947651640823  0.66816765403743594  0.67851290056223623
  0.68899730956212157  0.70002888895753346  0.71133284137823594  0.72242767603169367
  0.73331214030449576  0.74379725210743752  0.75433475158719887  0.76551451971375928
  0.77741898541563947  0.78971726616362958  0.79863046428424789  0.80609599766349804
  0.81380639735906279  0.82150503402819219  0.82852683533868732  0.83558482287175218
  0.84319893180437488  0.85162455776302037  0.86066238025266240  0.86950692779528493
  0.87810722757468318  0.88702911853034083  0.89628199021749388  0.90526114395737134
  0.91450000600844683  0.92486038410354010  0.93637552224268972  0.94810930263176108
  0.95986610444949705  0.97163955343852348  0.98438940936354991  1.00000000000000000
   2.9655640486181129E-024  -1.0000000000000000     
 T F F F T F F F T F F F T F F F F F F F F F F F F F F F F F F F F F F F F F F F F F F F F F F F T F F F T F F F T F F F T F F F F F F F F F F F F F F F F F F F F F F F F F F F F F F F F F F F F F F F F F F F F F F F F F F F F F F F F F F F F F F F F F F F
  <DiscreteSampler_grid>
  grouped_processes
  1 # 1 for a reference and 2 for a running grid.
  10 # Attribute 'min_bin_probing_points' of the grid.
  1 # Attribute 'grid_mode' of the grid. 1=='default',2=='initialization'
  0.0000000000000000 # Attribute 'small_contrib_threshold' of the grid.
  0.5000000000000000 # Attribute 'damping_power' of the grid.
 # binID   n_entries weight   weight_sqr   abs_weight
    10   10   5.512709371097808E-018   1.303066867967716E-034   5.512709371097808E-018
  </DiscreteSampler_grid>
