 -0.00232420284202063  0.00933484667934097  0.01904673866074443  0.02902426427648184
  0.03906859337551598  0.04925207508133305  0.05949073782777288  0.06984704317193996
  0.08026444910901034  0.09079988677095384  0.10138615367542259  0.11208098929296527
  0.12283371377720699  0.13369989178327193  0.14461744181005123  0.15563659702525862
  0.16671004489969082  0.17788277575457412  0.18910296984074504  0.20041954668919199
  0.21179438132589995  0.22326084248694361  0.23478080391107561  0.24636691731814025
  0.25798709710475642  0.26966542378211111  0.28139294198866049  0.29318068671710140
  0.30500196027667215  0.31684734836807771  0.32871824443547193  0.34062542738993384
  0.35257207546060443  0.36453737955637938  0.37649477839723294  0.38844636376670216
  0.40040799415262424  0.41238514942664178  0.42436022524572931  0.43631847070991542
  0.44825592596679559  0.46015916523230976  0.47202980953636781  0.48387193213546731
  0.49569393750871105  0.50746922510596082  0.51917930759764841  0.53082473936826713
  0.54241478861919434  0.55395914725477347  0.56545116963254882  0.57688928618932556
  0.58826627385387364  0.59957488964299954  0.61080279464490805  0.62195911833555517
  0.63303550462941149  0.64404796210374848  0.65497166651828576  0.66582073870718583
  0.67657548536255230  0.68725589033392331  0.69782977047162642  0.70832188364205784
  0.71869713594452556  0.72900846168178401  0.73922160749548882  0.74938143516044398
  0.75944128682906897  0.76943312748811821  0.77930708625781597  0.78910603007878577
  0.79879029461947071  0.80841041592211937  0.81793093581477960  0.82738365313197615
  0.83674984836890864  0.84604016599283027  0.85525219958604126  0.86436677593620026
  0.87339685709391801  0.88233593260048715  0.89121082459088696  0.90001405183107464
  0.90874511224237342  0.91740252164717306  0.92597567114186841  0.93447906092472655
  0.94290712846422498  0.95125964162671273  0.95954215454812475  0.96774677420993171
  0.97588754132845701  0.98397609891117388  0.99199935247305193  1.00000000000000000
 -0.00207587944344030  0.00972527673212946  0.01996269993460393  0.03053882301954479
  0.04109834295993781  0.05160275520970339  0.06207240690695982  0.07260405653832838
  0.08307869762701763  0.09367027962963127  0.10425255090749101  0.11486914727944170
  0.12547945686074119  0.13616053595209765  0.14687160779663491  0.15750514518000289
  0.16808424695263549  0.17862970320315941  0.18912928664099474  0.19962251485873436
  0.21007344747137099  0.22058415712759791  0.23109330983062171  0.24168657312457359
  0.25230373803134548  0.26289943114091785  0.27344092871739301  0.28395789594617515
  0.29449453657041352  0.30502397909151874  0.31555138080484407  0.32607452368063117
  0.33661807822013479  0.34717809755723122  0.35772555383625820  0.36826114020866213
  0.37880532816434831  0.38939423800670064  0.39994683238375850  0.41050015368369785
  0.42102572827680967  0.43157287556312873  0.44209122827928504  0.45262004415815521
  0.46314379754208279  0.47362848978685096  0.48406002025084910  0.49445759943469159
  0.50489992841570519  0.51540741377709121  0.52596776890787600  0.53648806037091457
  0.54700651028665248  0.55750084393539923  0.56800425138931032  0.57848814633654133
  0.58898827573053558  0.59949738929732088  0.61007855187504623  0.62070845123519047
  0.63141924930815185  0.64210127009358442  0.65271531285314766  0.66327304452401747
  0.67378914008042501  0.68429587197322894  0.69476556058510941  0.70525016466003654
  0.71570369966223724  0.72620153774857354  0.73669977855958324  0.74726410277466948
  0.75773693099027761  0.76821939518554194  0.77869866041208646  0.78921046896041003
  0.79981393416477653  0.81043704670697458  0.82102394500483877  0.83155527932624174
  0.84211685753643051  0.85267615215243475  0.86318457083845679  0.87362560101446485
  0.88415951828380390  0.89467854623593646  0.90525752812349003  0.91580517612341117
  0.92644362728680041  0.93703844957301186  0.94750736741332753  0.95798431564016895
  0.96845093369375357  0.97898117947243091  0.98948064782022827  1.00000000000000000
   5.5930583720868180E-008  -1.0000000000000000     
 T F T F F F F F F F F F T F T F F F F F F F F F F F F F F F F F
  <DiscreteSampler_grid>
  grouped_processes
  1 # 1 for a reference and 2 for a running grid.
  10 # Attribute 'min_bin_probing_points' of the grid.
  1 # Attribute 'grid_mode' of the grid. 1=='default',2=='initialization'
  0.0000000000000000 # Attribute 'small_contrib_threshold' of the grid.
  0.5000000000000000 # Attribute 'damping_power' of the grid.
 # binID   n_entries weight   weight_sqr   abs_weight
    10   10   1.439384689707188E+003   2.170833431222183E+006   1.439384689707188E+003
  </DiscreteSampler_grid>
