 -0.00000139549410490  0.00023180083884432  0.00068630002433775  0.00113581245352786
  0.00157867251807021  0.00202794882580182  0.00245447907053204  0.00287588510073497
  0.00329525065286521  0.00370127581700043  0.00408729531729172  0.00446627198789308
  0.00484789771738668  0.00524387880929493  0.00563636808081199  0.00601169155532557
  0.00637752599712004  0.00674165153699995  0.00710531487766482  0.00745848648277488
  0.00779359849555309  0.00811726028770614  0.00844295637228141  0.00878052430285684
  0.00912292516206198  0.00945815214862031  0.00978541229554776  0.01010834674519342
  0.01042743984866164  0.01074397295642720  0.01105808659832371  0.01137886679964501
  0.01170611040289955  0.01204380796477386  0.01239025870113005  0.01273838668199133
  0.01308408849023870  0.01342095857214696  0.01374821752693381  0.01406799352707738
  0.01438858380334880  0.01471779588758939  0.01505354597173404  0.01538553298195604
  0.01570669309168146  0.01601220599958348  0.01631901261375164  0.01663030148842809
  0.01694930254521370  0.01727166541719474  0.01759943624850311  0.01793591627791713
  0.01826846118002709  0.01861122512905728  0.01898355916927047  0.01936723067877216
  0.01975087660975457  0.02011710382352304  0.02046969457109092  0.02081991748754736
  0.02116517920248825  0.02152004186320025  0.02188471219495015  0.02227112292786875
  0.02266750386135689  0.02306558318260342  0.02346475241242950  0.02386131033934141
  0.02426103634303206  0.02466893341848158  0.02515502618220525  0.02564703191596684
  0.02613717373472868  0.02663917720367988  0.02716274520595736  0.02770150962071602
  0.02823020177120019  0.02877406054661917  0.02931852063014495  0.02986826490946875
  0.03042738912981394  0.03099255836408709  0.03160284248418003  0.03225457170277825
  0.03305527708916960  0.03388761820616086  0.03476175856924866  0.03568736385219706
  0.03667391259457809  0.03774591265636358  0.03895394923497295  0.04035788460131660
  0.04227974348056267  0.04551906098547922  0.04821800620041353  1.00000000000000000
  0.00858126374612049  0.01918351694911275  0.03163189270389462  0.04293958791965645
  0.05456155758602352  0.06532873851217226  0.07573888924103166  0.08660627728904007
  0.09804193310296548  0.10976309791095343  0.12183465330977022  0.13265018775789331
  0.14346700759421110  0.15380708761831755  0.16371812574282585  0.17351498828188411
  0.18316542342034436  0.19322920225913176  0.20363663553643283  0.21447999707353954
  0.22562546976317480  0.23704019101865920  0.24816132754219311  0.25922570059637029
  0.27012778835355744  0.28156321858932581  0.29242851325674579  0.30216791675028304
  0.31205452383146387  0.32256545263175729  0.33335085034341044  0.34357364978672594
  0.35371678732708961  0.36465014693895648  0.37592233033207645  0.38702807639939424
  0.39791550990678642  0.40836260851455913  0.41866915673607374  0.42858925916227492
  0.43817070722810425  0.44754609423582609  0.45694932892883600  0.46665257893147272
  0.47656760356282907  0.48669089615088756  0.49691836023300689  0.50728728509507448
  0.51762181948217179  0.52743263848067501  0.53674344081362912  0.54558612304756959
  0.55417572573013218  0.56320586213524770  0.57201961566071002  0.58101569134521769
  0.59051650510926190  0.60001340000380965  0.60906490829243509  0.61787140102693017
  0.62721067777238360  0.63664966423214431  0.64621898508111908  0.65584559696372602
  0.66568260108920474  0.67631138594132667  0.68727528483115929  0.69937242440123881
  0.71112267516254302  0.72242555213553328  0.73342384278679951  0.74440820952497400
  0.75531038435890085  0.76581963021200161  0.77678725572160268  0.78747879564564915
  0.79775222097976028  0.80802636012737872  0.81866312176523115  0.82940341993577005
  0.84025484120098060  0.85107655973108387  0.86106761715753588  0.87043417735034345
  0.87964957957881507  0.88885801000062026  0.89813512636530357  0.90715595068461674
  0.91635462975779147  0.92622941599378050  0.93680186797545439  0.94801947570822653
  0.95963489418774051  0.97178626789508227  0.98507652968750026  1.00000000000000000
 -0.00292605752772605  0.01071303888008534  0.02161527829488431  0.03325150880588791
  0.04458707373020940  0.05549473963378621  0.06578076207296135  0.07593076494868956
  0.08628000938972812  0.09729505135037297  0.10838598752278165  0.11981088343596671
  0.13016770495097169  0.13930147829752976  0.14817427668375857  0.15742216064192441
  0.16669398728266782  0.17594439605729467  0.18501798175452505  0.19466004931118774
  0.20403059937963561  0.21349807759831618  0.22332008932110275  0.23335216564197114
  0.24347968270987830  0.25379112205985077  0.26452340779906686  0.27540266830326787
  0.28592114694939502  0.29635304899080817  0.30636306325421497  0.31649879149801824
  0.32738935214902976  0.33856471053391973  0.34937183179459030  0.35969126200144508
  0.36920806345130558  0.37886446959458742  0.38866068102825679  0.39870242482179902
  0.40880032347960454  0.41896658599520664  0.42930879412343265  0.43930765608780376
  0.44906844511520666  0.45924544453605876  0.47009399335394736  0.48102753580436691
  0.49205978749648838  0.50300698403681754  0.51370981733533494  0.52418295583615571
  0.53428697271766157  0.54429730331754056  0.55373544394660557  0.56296401396179985
  0.57210903958291426  0.58102308777872314  0.59034453644495899  0.60069347055555788
  0.61251054077254918  0.62466395593279533  0.63690781295158660  0.64871429417238624
  0.66447483681672648  0.67781279518479431  0.69006362047276648  0.70099417124379482
  0.71142354489941473  0.72189084859523567  0.73274143204279574  0.74318178142132840
  0.75317558990713795  0.76405983240234332  0.77544322552201106  0.78653603546122153
  0.79788246351216552  0.80934304230200094  0.82053211767224921  0.83186737395152854
  0.84296761939765286  0.85324498124939885  0.86351915693472603  0.87388310303221761
  0.88426147077989870  0.89465737375034160  0.90577001019987036  0.91766448440036308
  0.92813239197910913  0.93899702072600510  0.94930026093295894  0.96054300074649779
  0.97079493751479395  0.98073552445576506  0.99042245782674676  1.00000000000000000
 -0.00319573793194835  0.01156914410246938  0.02366108622283620  0.03550236548979532
  0.04684386818911247  0.05808379539893607  0.06812288349884901  0.07778043279169849
  0.08780057615345097  0.09766111728745878  0.10732941575666391  0.11672832699472627
  0.12638841381210095  0.13673586848149014  0.14717204819107024  0.15794162837582051
  0.16869757593381685  0.17892519798103287  0.18920450318519266  0.19843591784844286
  0.20788428155361469  0.21735095060827994  0.22722813102893244  0.23755027322571634
  0.24857605118617626  0.25957108118835936  0.27089175872208410  0.28233131047830279
  0.29395415147175485  0.30614757658951636  0.31806200637748405  0.32928720207764006
  0.34065733371586715  0.35147091304174022  0.36150375198558932  0.37152296895935472
  0.38238606682331722  0.39334117064830149  0.40320785162751954  0.41211295225418076
  0.42140547265180289  0.43128780520830351  0.44185632614226794  0.45257346569970019
  0.46274322128976120  0.47235517256217763  0.48173361178323637  0.49098915981489588
  0.50029308903131753  0.51001179587013845  0.52051578355962780  0.53188421526636298
  0.54329482526789796  0.55489443720807574  0.56578409989244072  0.57512565261535764
  0.58456941930395712  0.59367655711066558  0.60258355708404554  0.61162702914472722
  0.62098346495420631  0.63130108671567897  0.64249361893629908  0.65369937664984590
  0.66466066118418965  0.67586798054989961  0.68717617566296030  0.69822843112697341
  0.70846242735724918  0.71811465358195081  0.72769685436168663  0.73754519679329267
  0.74732533928965106  0.75659431826475576  0.76565953852972668  0.77516466297497355
  0.78526838478952399  0.79559054182659406  0.80653951933399515  0.81788092104793886
  0.82927511160681389  0.84029891130249579  0.85159260736096987  0.86364210047836387
  0.87600907050747479  0.88771314567738091  0.89911846285520292  0.91047840588934459
  0.92173090756990472  0.93298082729771714  0.94425361752999570  0.95544995140929589
  0.96718642164560475  0.97869623675562667  0.98933609720375526  1.00000000000000000
 -0.00293854078756738  0.01251664454708122  0.02572371444965853  0.03883825552740374
  0.05278629871798587  0.06716008679775363  0.08163256458270957  0.09419975775567506
  0.10643863170776940  0.11734621339017931  0.12758756643910349  0.13761852571920444
  0.14776034203818245  0.15870641874223476  0.16907776780993136  0.17902744950427862
  0.18858799844368990  0.19806820270701481  0.20741274421883485  0.21686921967377648
  0.22644940223098223  0.23592502721854516  0.24545888551150855  0.25559704022802526
  0.26643125472252943  0.27709843558819436  0.28758318724095089  0.29832355301251418
  0.30948910107558891  0.32053073777237084  0.33132145444346223  0.34194642617313331
  0.35256267327422014  0.36384796146786330  0.37575525983545438  0.38759626652388962
  0.39863927499648200  0.40848114842120592  0.41830262837840904  0.42824295196106871
  0.43833145834505188  0.44827762716388508  0.45807123708935421  0.46845444610120673
  0.47899966214806006  0.48944904569084452  0.50012603660031074  0.51097226846050614
  0.52186456683947446  0.53291637214928933  0.54422173618938041  0.55576606599096401
  0.56716743986663576  0.57839600871892138  0.58994845894223591  0.60204413228260900
  0.61360862857863507  0.62462173918713315  0.63584585205083821  0.64662247714519949
  0.65699573376248388  0.66697940899012054  0.67697639703955315  0.68724869941070088
  0.69710716268778783  0.70655696405520596  0.71539010366178701  0.72404535669697878
  0.73299655708499700  0.74220657550363411  0.75203030487556388  0.76236243577180451
  0.77275346469201256  0.78314175850644185  0.79369722091805572  0.80508616983851300
  0.81647971611889503  0.82738459443122536  0.83784110641327125  0.84813800238836856
  0.85845390407830258  0.86832311585121646  0.87801668631941532  0.88778912195050097
  0.89710679231474333  0.90573461468985350  0.91458078582649172  0.92328783006113735
  0.93199616753785097  0.94078827862785397  0.94970848122661233  0.95828196627763018
  0.96816440327309161  0.97907049230961318  0.98948904712761698  1.00000000000000000
 -0.00220805732949691  0.00941834705930452  0.01941455330510037  0.02944438044373292
  0.03932471501004748  0.04860158257613154  0.05792475700600565  0.06765883051416688
  0.07801768075541327  0.08938479245007455  0.10147162475304505  0.11330799987647006
  0.12453437309237531  0.13557030017083926  0.14674190148263275  0.15780579223944097
  0.16972394362865084  0.18403174475426959  0.19764009889526127  0.20993729199843969
  0.22211099916756449  0.23394571569929656  0.24555087501880807  0.25643137128692206
  0.26666655333217071  0.27705073180266532  0.28813466091517148  0.30056608720950356
  0.31335889704059772  0.32481227122573253  0.33576744864878566  0.34656603247929485
  0.35695559845645242  0.36707469073490778  0.37780370355283344  0.39015117024707197
  0.40157674810825772  0.41129330034477551  0.42088772118137502  0.42964594853713556
  0.43909729126167679  0.44844199601288609  0.45783582808247048  0.46733031174338646
  0.47651747327760396  0.48590662137967494  0.49547183485269303  0.50532303706759185
  0.51545666297830839  0.52518639086912466  0.53507691713055849  0.54507921515415625
  0.55530513798304137  0.56530182937068985  0.57474621551950145  0.58427894228746469
  0.59403412955466373  0.60406066351223486  0.61411778452229093  0.62415317438957962
  0.63415120187916085  0.64438185941438575  0.65430471766609954  0.66451258262035229
  0.67499079460813993  0.68506194510936391  0.69527052172727677  0.70570401486906531
  0.71652569660850141  0.72785436269852333  0.73899729627163602  0.75018809431902078
  0.76103904891719221  0.77137494835554621  0.78138548795455909  0.79173566318607824
  0.80288266004535658  0.81445632685256486  0.82533545813181530  0.83608044543072646
  0.84581597168956013  0.85548343512273894  0.86576282699106788  0.87641515991708452
  0.88740210611813031  0.89793133397592162  0.90835090845922062  0.91886957348035614
  0.92857633900614778  0.93814024003126417  0.94719786138536344  0.95663833716053293
  0.96780436365192302  0.97923251521083476  0.98972968056091870  1.00000000000000000
 -0.00142900486568063  0.00481662468330005  0.01110384289074414  0.01756965597526754
  0.02474812589317446  0.03222837689346410  0.03963791439918882  0.04672199314712151
  0.05378366937926782  0.06083798556699506  0.06875178913724503  0.07647667549452457
  0.08441890650103716  0.09274557288164341  0.10161250338741541  0.11063535226425467
  0.11984355490142320  0.12916308703184498  0.13842398329749758  0.14746942946191705
  0.15635737049244403  0.16534887844326057  0.17450393734906733  0.18368730226713079
  0.19312206312712732  0.20312388954551597  0.21374141553370976  0.22509884925596407
  0.23505431936217244  0.24482658287508940  0.25502874384928120  0.26495946966427614
  0.27510428707273860  0.28554767755749239  0.29640343135021108  0.30912938978441645
  0.32163855301199612  0.33425914710158894  0.34645631096949775  0.35772481210051449
  0.36881622429474503  0.37983520914838220  0.39077168924943578  0.40162556808499422
  0.41302745991848328  0.42432374188131750  0.43556368722777050  0.44615778129078087
  0.45692042316366771  0.46772702890767004  0.47858006170319922  0.49022866654861880
  0.50275880318052613  0.51453076294173727  0.52603112913516259  0.53722405592428890
  0.54926318854692890  0.56154892982801863  0.57449586159746668  0.58905916860399143
  0.60413854468484873  0.61900439755410652  0.63334996056071768  0.64766154056406822
  0.66016569885554399  0.67202858424425804  0.68337409012820516  0.69489244714122722
  0.70647297273873366  0.71747982741015814  0.72865691499532126  0.74037744164692476
  0.75173198603739155  0.76213105044523566  0.77260257051374481  0.78393605402433797
  0.79581711510949693  0.80754139657314095  0.81892153477666929  0.82999075936736799
  0.84115145671182834  0.85211398618171663  0.86243983472873986  0.87222861097337190
  0.88342142321443451  0.89511964621773277  0.90648374540002008  0.91774932185906155
  0.92834863835495507  0.93845864151967928  0.94819131508668786  0.95778227840127272
  0.96775712669159919  0.97794231841236723  0.98866367357913043  1.00000000000000000
 -0.00241681058675816  0.00955524527185407  0.01903975807923778  0.02890474968767224
  0.03911044892634506  0.04992380655994679  0.06128521641130467  0.07375821597978384
  0.08567477224909344  0.09619340860032491  0.10643980306218655  0.11745632114322213
  0.12810741167015460  0.13857144837489244  0.14930482299769696  0.16014244699795813
  0.17104179996183017  0.18233668536063191  0.19419569423030975  0.20590580860713054
  0.21719102358390915  0.22835612283789353  0.23823397316726369  0.24790409292023485
  0.25752092563387580  0.26729966954713130  0.27759933878648790  0.28792266861853977
  0.29787645082420833  0.30810148120332209  0.31721620520550492  0.32635905767863693
  0.33538988447972706  0.34475702967754340  0.35392940130442513  0.36414714334899267
  0.37476092859628513  0.38653110136228930  0.39738851872807551  0.40692098690598705
  0.41637976539763616  0.42631269732552374  0.43659610252997305  0.44690644525514511
  0.45682839418477844  0.46721292366607953  0.47815691552931422  0.48920243693066301
  0.50019788015923750  0.51048984450644397  0.52054949987467658  0.53088033805899038
  0.54178335985755743  0.55280179517047456  0.56404022434063417  0.57575600451497311
  0.58724415038813749  0.59819534531549245  0.60943641725802855  0.62077810176114168
  0.63225833912231777  0.64463377828660928  0.65845850488480484  0.67195309620494492
  0.68350379427000252  0.69407877166301879  0.70461505575073524  0.71444029083272520
  0.72408266340290828  0.73397462073580655  0.74412998876244796  0.75439220641281834
  0.76509815310321072  0.77564904605910867  0.78630482806830970  0.79668072833483217
  0.80684923489380866  0.81692958119173120  0.82696157197974318  0.83734951815232805
  0.84774924797489348  0.85776586980129488  0.86783356127720535  0.87804920212266779
  0.88880227931020994  0.89971051965079063  0.91012694804017436  0.92037144752632438
  0.93025149019766917  0.94017463169812809  0.94955770132929551  0.95874599275139361
  0.96902287830159284  0.97928879767325927  0.98968075697926305  1.00000000000000000
   2.2342874166872736E-022  -1.0000000000000000     
 T F F F T F F F T F F F T F F F F F F F F F F F F F F F F F F F F F F F F F F F F F F F F F F F T F F F T F F F T F F F T F F F F F F F F F F F F F F F F F F F F F F F F F F F F F F F F F F F F F F F F F F F F F F F F F F F F F F F F F F F F F F F F F F F
  <DiscreteSampler_grid>
  grouped_processes
  1 # 1 for a reference and 2 for a running grid.
  10 # Attribute 'min_bin_probing_points' of the grid.
  1 # Attribute 'grid_mode' of the grid. 1=='default',2=='initialization'
  0.0000000000000000 # Attribute 'small_contrib_threshold' of the grid.
  0.5000000000000000 # Attribute 'damping_power' of the grid.
 # binID   n_entries weight   weight_sqr   abs_weight
    10   10   1.806531499537279E-015   2.071009191599939E-029   1.806531499537279E-015
  </DiscreteSampler_grid>
