 -0.00000001004251017  0.00001251437318377  0.00010029086696154  0.00028446350558079
  0.00053929040629871  0.00088451013987382  0.00133568173342420  0.00186173568885187
  0.00246613716138566  0.00312613154942213  0.00381485623520726  0.00456983721155306
  0.00541530666218859  0.00627075190581460  0.00713189503100094  0.00799776533232252
  0.00900620301097613  0.01011425674721174  0.01120562755137309  0.01227792693286810
  0.01331822127279313  0.01438444738840429  0.01554461992909764  0.01683109748549211
  0.01808046980051671  0.01938562712660048  0.02067180205465377  0.02195040234785590
  0.02316750704443621  0.02433382405838603  0.02550648029196528  0.02679111778194997
  0.02823022174464536  0.02973900619066740  0.03118274619097995  0.03250324689672545
  0.03373901429511843  0.03509746752710955  0.03650681442944783  0.03789672027579632
  0.03933054907908046  0.04082483533809143  0.04240525673258040  0.04404145405335427
  0.04566840758402620  0.04729333636107017  0.04893197083530193  0.05058009069879213
  0.05222228060508313  0.05382369621523116  0.05535575676882731  0.05681498966134277
  0.05823920100061270  0.05970245317059799  0.06132047362901077  0.06302872189632083
  0.06472364806147528  0.06638363382966897  0.06803433709110926  0.06971892439716065
  0.07147046249625706  0.07324233663336510  0.07499836455886354  0.07672804907560153
  0.07846096597604098  0.08022790245605665  0.08203293511637787  0.08393200962356277
  0.08581065641503073  0.08771288526736502  0.08953707547754665  0.09133220261336855
  0.09309526897746390  0.09486015820937047  0.09675434655843637  0.09875216095155115
  0.10083500766716082  0.10299780736328577  0.10525026521850060  0.10780177063621768
  0.11085347124349385  0.11382178782555724  0.11674710802610135  0.11990263366773295
  0.12330398264533235  0.12692478819041927  0.13083649199634606  0.13492385234158039
  0.13964353523724563  0.14514820609843229  0.15139781004747740  0.15837514984330991
  0.16669807347214086  0.17784271910518035  0.19558800420931646  1.00000000000000000
  0.00913488927084839  0.01716300649991638  0.02798843074778676  0.03906812197272506
  0.05079662479766404  0.06122300088213700  0.07183919939958061  0.08189090845144326
  0.09216270171295561  0.10457784757439638  0.11508594601773572  0.12742621299427964
  0.13988034545494399  0.14999279146971159  0.15902969937768274  0.16777655689878321
  0.17727781095985051  0.18668631777443156  0.19704133139224675  0.20733984495776356
  0.21731077570348156  0.22625634247703413  0.23552089001389115  0.24471971999376421
  0.25622256969370072  0.26777292207133074  0.27799457033954927  0.28795052340304095
  0.29794775057675649  0.30721783656281754  0.31595409942606467  0.32473215840290987
  0.33492700042102846  0.34780727749030405  0.36011970791247344  0.37217572684275829
  0.38298237066369156  0.39398125471338535  0.40547882943087082  0.41693275966974958
  0.42933836595643088  0.44269784067990930  0.45584897776579458  0.46822889303349491
  0.47938623107890022  0.48958877547412455  0.49950346634063314  0.50884137601789148
  0.51774760798725539  0.52697256432024031  0.53654196856456216  0.54620799870666692
  0.55572436557611538  0.56505805586411317  0.57611306908420024  0.58760551891405999
  0.59931919412668899  0.61114416451034792  0.62305461784311233  0.63499420293347353
  0.64700565266158072  0.65938210615978610  0.67133316273962562  0.68221659617359021
  0.69266991279155032  0.70232322829760296  0.71153999988493222  0.72055867701116538
  0.72988241027415779  0.73967341739461301  0.75001208906396954  0.76115332760620091
  0.77228536762373035  0.78349096859165301  0.79473160997811365  0.80585372471212557
  0.81684938390854844  0.82594244109334691  0.83540711992158556  0.84437197739770864
  0.85275900282165995  0.86068918491216528  0.86880676521865507  0.87616508295020645
  0.88469982665942959  0.89302129926537488  0.90182516550590008  0.91058443410041301
  0.92012512268368496  0.93250374753265219  0.94406733399945619  0.95536346505566860
  0.96620895189162193  0.97700399093034440  0.98809906250296142  1.00000000000000000
 -0.00001683082520780  0.00017661921347547  0.00044098490534899  0.00085994162119022
  0.00133956698931211  0.00192985055114135  0.00258575111460460  0.00343114721143084
  0.00436912540283532  0.00540387094207600  0.00654944473794399  0.00787378926075270
  0.00925441825728789  0.01066164668386191  0.01215178672967815  0.01364898134502443
  0.01507810350030436  0.01664262206180081  0.01836938639848831  0.02017080737951322
  0.02194220444251069  0.02387991731511563  0.02604624351170450  0.02808656288477798
  0.03006755191316682  0.03222598747826313  0.03457236424054362  0.03681741320140089
  0.03905900142297112  0.04134246131023198  0.04367518537438736  0.04592372860810162
  0.04805029054548967  0.05066394794855281  0.05360013015018535  0.05645223502302717
  0.05929973424986847  0.06253372383632896  0.06640841990529597  0.07114553934909376
  0.07565972129038839  0.07919126363384743  0.08226972166150075  0.08540185993058495
  0.08859803940630545  0.09184844994745747  0.09519531535016736  0.09840370059836805
  0.10165174795353846  0.10495738117808510  0.10884384411408549  0.11291337809797673
  0.11694047434822358  0.12103872238347854  0.12528545209209777  0.12980281858335002
  0.13462629040796703  0.13974462904664658  0.14487856436659932  0.15025923877923897
  0.15579521066842708  0.16126320546578080  0.16668674220129598  0.17225814733543734
  0.17786017192980955  0.18397441303745954  0.19046235090007213  0.19731227001734677
  0.20391685983539745  0.21015441658659181  0.21653581873360581  0.22328475363246247
  0.23037411544660047  0.23810191299682071  0.24561969087556396  0.25378402953426443
  0.26211937821500253  0.27109793972408452  0.28154688143577755  0.29341935452185275
  0.30601989086604309  0.31914917662122300  0.33362119163012877  0.35058949110820814
  0.37045864719093929  0.39192584438591871  0.41385353215474108  0.43630104283437565
  0.46011012270398816  0.48691611056748474  0.51741060221187407  0.55519876951619596
  0.60637646731884665  0.68878180454711146  0.83369675003858879  1.00000000000000000
 -0.00499763767799007  0.01836813677726072  0.02990978164111490  0.04026382385696096
  0.04950071847268326  0.05821626202955352  0.06591089817589700  0.07251259091084802
  0.07957849446329732  0.08712592857513098  0.09515690048914703  0.10326056856625714
  0.11186499356837135  0.12047640952269806  0.13015706401818250  0.14215177390730160
  0.15278379216975110  0.16288065070463698  0.17407479872334164  0.18546180175695415
  0.19638470939702499  0.20693198012385983  0.21720765025052424  0.22676725376556217
  0.23664784938072694  0.24553899253964126  0.25522161019515816  0.26526907313204667
  0.27660182679276724  0.28899090597227262  0.30192575628887353  0.31392668489966924
  0.32426509041025531  0.33443863746620478  0.34460800900688460  0.35527816309105509
  0.36564004246650000  0.37600552338282711  0.38680039565395213  0.39655661611652793
  0.40604989184284035  0.41523253903223217  0.42436349335263635  0.43310554727023293
  0.44177977914939093  0.45084491443544084  0.46068794403293895  0.47070607765860972
  0.48109347674893060  0.49201044888702344  0.50294081587977080  0.51389304313232453
  0.52586729246569464  0.54008393567485202  0.55617132608879438  0.57209426484712322
  0.58629187546092021  0.60069857102081659  0.61142609325459385  0.62215074672990889
  0.63309986529164797  0.64320965232344141  0.65210314208390707  0.66042853773557164
  0.66950453523289644  0.67939519410268001  0.68884991724806299  0.69717323425949385
  0.70539608106787399  0.71428594607376339  0.72313966488498038  0.73186934872981491
  0.74080154541084997  0.75008663229391370  0.76282802733183186  0.77514628259698326
  0.78795986585076128  0.80118172560664858  0.81381610661506520  0.82515552700165995
  0.83710097828571228  0.84935358328262534  0.86139625786322882  0.87258082892995581
  0.88326484394608351  0.89378401834596188  0.90405389209928666  0.91419174117614665
  0.92442254082129138  0.93465053546524623  0.94436484406498300  0.95372072650543116
  0.96314350382129466  0.97293812019265047  0.98504615044755239  1.00000000000000000
 -0.00347693602777374  0.01249093314514288  0.02436763004596430  0.03560512223985737
  0.04652961240567664  0.05736411308746579  0.06759999554342244  0.07748555353032041
  0.08764315019892287  0.09850454505633909  0.10945404241732827  0.12041309856748765
  0.13112160008426008  0.14120521001356418  0.15096397511679668  0.16043247778500522
  0.17015258711315989  0.18143525883418921  0.19435652327071121  0.20831135054208738
  0.22045489899871720  0.23209152220667401  0.24314603579615626  0.25327376949594549
  0.26174554028111113  0.27100463736964059  0.28324748927983184  0.29484597766632981
  0.30453982522889539  0.31401917968486737  0.32177437550308269  0.33077769578960126
  0.34031319698704521  0.35025274262323763  0.35851099126741953  0.36594073985407910
  0.37367199893131248  0.38270675102903190  0.39220746301579346  0.40199511877547034
  0.41243281685117561  0.42432793575127919  0.43659445645698225  0.44907898236638744
  0.46171876875872964  0.47408486084125523  0.48514082364715028  0.49513774130704957
  0.50524979177694129  0.51656117347719521  0.52806624999644103  0.53896461616630620
  0.54972944387687028  0.56120724965363744  0.57167133940196169  0.58270901389250829
  0.59402645875523352  0.60755602919342133  0.62164650576291114  0.63412700711017500
  0.64562034324660866  0.65597718774356606  0.66578338299807904  0.67568799643886934
  0.68571509453686996  0.69640166316403240  0.70745582054323786  0.71946677787546465
  0.73039849064643658  0.74052214264636507  0.75035836401140721  0.76101066393460248
  0.77125623552480316  0.78128939413233489  0.79136059774242506  0.80217655162291135
  0.81365051595006233  0.82552779976418700  0.83660022152562696  0.84686681889537885
  0.85723258751084774  0.86925079307681119  0.88149545414732722  0.89318035667338269
  0.90245629449860210  0.91063132962616666  0.91889987183655220  0.92776884947022864
  0.93688355478480045  0.94520768517909548  0.95302521052532629  0.96188743918809028
  0.97184095200473730  0.98140616018022564  0.99055486438545715  1.00000000000000000
 -0.00395946336452524  0.01159663079621204  0.02594136742940399  0.03952443482600355
  0.05251069996693450  0.06496435733612774  0.07713530198892843  0.08789591259023011
  0.09796649271726850  0.10875131302874845  0.11968129132002550  0.12996871384854639
  0.14142696125427809  0.15490428040069804  0.16937921012991242  0.18196697286609112
  0.19269179489656377  0.20259216568749674  0.21204865507419876  0.22162688791115467
  0.23178212900903855  0.24145602825106455  0.25077567208604412  0.26036013473049996
  0.27006110163048913  0.27908706305433517  0.28756004397708068  0.29580252268709906
  0.30391859516477637  0.31241468982392701  0.32099287490143497  0.32992127157208173
  0.33997972663789583  0.35211977476427181  0.36221989896457596  0.37159917375464885
  0.38049014672675596  0.38951202348522140  0.39900822307726563  0.40758405969824296
  0.41611958029208718  0.42485903707866207  0.43422205608090864  0.44404208421864921
  0.45413295414525517  0.46563978794093197  0.47662259166462773  0.48718124787060280
  0.49741320359589392  0.50998220434361385  0.52151777916259701  0.53202626202331316
  0.54243651023878237  0.55378070337308383  0.56361172086822153  0.57188544338552372
  0.58056679744787998  0.58998498106698172  0.59988867959554426  0.60957880880124249
  0.61959363489889274  0.63054215229942279  0.64387737942713374  0.65701673740589539
  0.67065169745111097  0.68380481838475371  0.69462511004226291  0.70375695226498269
  0.71291892686286173  0.72191818149909637  0.73052751158723850  0.73843789343009503
  0.74632276514388329  0.75517012230957425  0.76530756791685595  0.77607726575605596
  0.78687208759320948  0.79960610012459421  0.81303769105165502  0.82697754196823792
  0.83930570745552102  0.85110450207193955  0.86268529602521027  0.87389878682281374
  0.88428882442654755  0.89389316074940284  0.90446199685284867  0.91556482523146598
  0.92720690779533632  0.93954131092406479  0.95245059042552171  0.96406456668940277
  0.97293936414397320  0.98176635031271531  0.99046144982660056  1.00000000000000000
 -0.00249804751169804  0.01010760650795667  0.02034853204188855  0.03043907618986862
  0.03981205715838317  0.04827786584403352  0.05634884243810877  0.06500062860804962
  0.07400220975606776  0.08391484676429302  0.09375735919568505  0.10337112495161906
  0.11345300082288641  0.12446964882471730  0.13750377045604092  0.15003442053088711
  0.16174878542873522  0.17270140582817570  0.18253616664608852  0.19180845121045528
  0.20090225171567169  0.21026604907102764  0.22015435634592706  0.23037001279402239
  0.24150069135191615  0.25333730425034667  0.26539817877918015  0.27711410746402720
  0.28731595605263494  0.29721028130646698  0.30693188575848374  0.31700018061323942
  0.32924320189817485  0.34225880672632325  0.35800206889618258  0.36973689748842303
  0.38155531482755767  0.39377982287265628  0.40459903198333530  0.41540577629823244
  0.42704633166085543  0.43903748953783300  0.45083338522452310  0.46223417918168491
  0.47326001142692514  0.48347053249086958  0.49154837882820951  0.50167087949428402
  0.51190386297552004  0.52150684876920750  0.53101963617256431  0.54108877495421237
  0.55304526077904270  0.56544107237678021  0.57761126491853942  0.58723667045047068
  0.59593612668179952  0.60433090590958150  0.61280208731289942  0.62163656921425781
  0.63070174043741833  0.63969903372707448  0.64924506855327446  0.65939921965619508
  0.67081241868751607  0.68435703324953023  0.69856910241256320  0.71259123497105659
  0.72640730688389732  0.74048836495391746  0.75370453405250937  0.76424904843523700
  0.77411687224334658  0.78443932824581841  0.79472078065683038  0.80357841057168100
  0.81218588493756050  0.82003110149240688  0.82740594753402685  0.83509621092173114
  0.84336456121675218  0.85200447183957828  0.86041432557279496  0.86870993525888507
  0.87832733436211108  0.89017123906108164  0.90408787013052538  0.91585989542774271
  0.92570619221381523  0.93359702171693248  0.94201894706761424  0.95166152468705578
  0.96145341486483726  0.97092957977627903  0.98184739086787398  1.00000000000000000
 -0.00186928001165639  0.00923663923220662  0.01796299196746228  0.02750997146410445
  0.03683093318620002  0.04615887914529707  0.05520661923578429  0.06519404054113691
  0.07639746389300522  0.08837579630770072  0.10076309666906245  0.11356914007433390
  0.12771441161281596  0.14167173732611510  0.15493516435013965  0.16738605806699233
  0.17968681414974863  0.19130792119771650  0.20270235817861973  0.21461277654751254
  0.22699629287697165  0.23994392508141066  0.25308856415689179  0.26497076451466367
  0.27657137789943259  0.28809514329435415  0.29818573948610971  0.30790346896268950
  0.31794198379424721  0.32814906309915037  0.33726781680651324  0.34514579868594170
  0.35325862465311680  0.36149344180274284  0.36991451961161026  0.37870570920499746
  0.38756388219861276  0.39653863051292115  0.40708388837352139  0.41676653329769986
  0.42563017778044809  0.43374594668181837  0.44281530259392077  0.45239752896394891
  0.46283136729568003  0.47329487763531275  0.48342303656518648  0.49380705893958216
  0.50420440517319065  0.51557110262636363  0.52589616609215561  0.53523641161643143
  0.54445612037837976  0.55354482482623668  0.56294093656066213  0.57293401831305202
  0.58349139211306122  0.59555996604943739  0.60981250935850240  0.62470785558942132
  0.63980420985610886  0.65446834378215035  0.66737908852729078  0.67730044864595940
  0.68682265004762333  0.69661645227133429  0.70655270314126850  0.71557723371936910
  0.72426529425422237  0.73305239995424953  0.74254787254429755  0.75221510017475757
  0.76173584202709532  0.77080206570272713  0.78011720362127746  0.79006654848365832
  0.80077938838600915  0.81203909633437044  0.82331712824058167  0.83414840601010010
  0.84513917402094063  0.85599817396205502  0.86701864828419883  0.87734694061244456
  0.88756874253069429  0.89869901308070477  0.91046392044478297  0.92156920306092127
  0.93179760885064611  0.94230259295185392  0.95270322042220956  0.96228867984612165
  0.97117052435002238  0.98105067512467348  0.99087443291119093  1.00000000000000000
   1.1764911834048269E-011  -1.0000000000000000     
 T F T F T F T F F F F F F F F F F F F F F F F F F F F F F F F F F F F F F F F F F F F F F F F F T F T F T F T F F F F F F F F F F F F F F F F F F F F F F F F F F F F F F F F F F F F F F F F F F F F F F F F F F F F F F F F F F F F F F F F F F F F F F F F F
  <DiscreteSampler_grid>
  grouped_processes
  1 # 1 for a reference and 2 for a running grid.
  10 # Attribute 'min_bin_probing_points' of the grid.
  1 # Attribute 'grid_mode' of the grid. 1=='default',2=='initialization'
  0.0000000000000000 # Attribute 'small_contrib_threshold' of the grid.
  0.5000000000000000 # Attribute 'damping_power' of the grid.
 # binID   n_entries weight   weight_sqr   abs_weight
    25   10   1.921759957967373E-003   6.419352072756468E-006   1.921759957967373E-003
    43   10   2.106430864482796E-003   7.297795380663155E-006   2.106430864482796E-003
  </DiscreteSampler_grid>
