 -0.00000001031674844  0.00001293190360435  0.00009715310071662  0.00028096959226655
  0.00056581144020820  0.00094431613623303  0.00140281387203385  0.00193121707385078
  0.00251539340729953  0.00317213419202535  0.00386563867661533  0.00461451037537188
  0.00540440242150107  0.00622997357426205  0.00710928550113233  0.00798484418495729
  0.00888261662708193  0.00984231146297333  0.01078542429415687  0.01180249193407544
  0.01286028938169360  0.01391570469088776  0.01500390896211868  0.01615059921340172
  0.01731573797387658  0.01847166636096541  0.01964555829460967  0.02085108402011060
  0.02208588571497552  0.02331494393730356  0.02454260752086329  0.02579225984447088
  0.02709227220969223  0.02844963373968178  0.02980709318529576  0.03113716331780278
  0.03243020363977502  0.03372264328208475  0.03505314961080951  0.03643426093682745
  0.03783854483034112  0.03923462853949308  0.04063119883901323  0.04203698873407298
  0.04346452962522517  0.04495538593887034  0.04647875775285170  0.04805189431094627
  0.04965300603802184  0.05123907164192695  0.05282545509531999  0.05441990440624497
  0.05601464905869903  0.05762575883716532  0.05925143177620105  0.06089804724553652
  0.06258729987179910  0.06429778479680594  0.06599101820835855  0.06769469751534186
  0.06942596617808616  0.07117161846183941  0.07290879126879615  0.07465832311807094
  0.07638928066957471  0.07817832846484550  0.07998174697927662  0.08187409184875975
  0.08395254309312554  0.08604712096678618  0.08816452960617127  0.09031582754504208
  0.09249078216651925  0.09467973780794088  0.09687693857985306  0.09906860309532232
  0.10128287056246531  0.10360507887128213  0.10601624446063515  0.10868950987768870
  0.11168453130134692  0.11463129449198708  0.11760323709825235  0.12069030720224729
  0.12390651718292225  0.12726171764945426  0.13079867426920461  0.13426658686204013
  0.13782612681002368  0.14312190976148570  0.14953117545584527  0.15684348681576377
  0.16621926098194820  0.18019885538510733  0.19406336921494913  1.00000000000000000
  0.00960704205623535  0.01554827823650556  0.02453344841953033  0.03545453660994725
  0.04597397597306917  0.05682972539662538  0.06815783945449413  0.08002602575424235
  0.09215600560333689  0.10414012844342239  0.11475019212964066  0.12525163460547198
  0.13592201041526994  0.14618836751144099  0.15562812749503716  0.16510958017590402
  0.17539419882493296  0.18547484046162968  0.19553992841571863  0.20556289175686090
  0.21620815020789494  0.22716722575813192  0.23796966930627469  0.24851581529418157
  0.25889866020650926  0.26925784856201879  0.28010931569776498  0.29088853707550516
  0.30154901795982120  0.31236114405768806  0.32364546851687415  0.33524839594147726
  0.34632056748727524  0.35706120416921999  0.36694892593145445  0.37719689206724394
  0.38717022588615668  0.39679332714455051  0.40614395111943002  0.41543587079952160
  0.42521181781456574  0.43483930802585402  0.44498947141324835  0.45500970171243427
  0.46563791891483225  0.47630194078787730  0.48654848360073760  0.49666022664652609
  0.50718526852031987  0.51792913943155727  0.52865008294970295  0.53891424663727350
  0.54891378500107413  0.55917666193721338  0.57000774511097685  0.58080904659923660
  0.59103601935480654  0.60094304620228767  0.61176310270217582  0.62248428094608688
  0.63290977740903231  0.64307064400814928  0.65322009221156763  0.66365923857878917
  0.67417706357321827  0.68485296727002321  0.69565989415396690  0.70703838067976188
  0.71853307893426022  0.72962867118001518  0.74016360295654660  0.75057062961051646
  0.76088909524043780  0.77054435446702352  0.78009552928509573  0.78957974063145175
  0.79968547716477678  0.81022379412886547  0.82041413350020054  0.83031575757493103
  0.84019660394560047  0.85022174973253251  0.86010752129495316  0.87011304765455733
  0.88018266733719097  0.89042522019816528  0.90059352623898126  0.91047821228904946
  0.92044753116074673  0.93069947290102351  0.94117867220414975  0.95228439215542049
  0.96378735628853029  0.97599442701987438  0.98814653796447938  1.00000000000000000
 -0.00275429921581262  0.01016270574692027  0.02084169039988367  0.03078047914142201
  0.04073889794743178  0.05042970017481615  0.06034644319095318  0.07018309380493656
  0.08001763156889791  0.09071301786167291  0.10208105747919209  0.11297402758910824
  0.12344352493520477  0.13338736002799573  0.14361743172727481  0.15433496480765926
  0.16481429487908594  0.17585859425317707  0.18713405398127786  0.19845947792950339
  0.20966830347018880  0.22019622791101887  0.23051022260751100  0.24031874298163217
  0.25006511853053720  0.26005390851308474  0.27037689337605186  0.28136980243846599
  0.29225834191279698  0.30289347167820585  0.31353133429464497  0.32463430468047572
  0.33573970912679252  0.34596754247548539  0.35550148270244603  0.36468305348373309
  0.37406997474277481  0.38399164008025510  0.39424331029206766  0.40474609339385242
  0.41542754552416705  0.42636714475880771  0.43735086112473492  0.44848288676370329
  0.45989249465867843  0.47153279848574758  0.48340144638316856  0.49508764307356484
  0.50620636133871566  0.51667692420975286  0.52742045645666069  0.53836023084433848
  0.54902338851426868  0.55930267216248286  0.56897254644002881  0.57832399381408750
  0.58777569008321751  0.59721244140442253  0.60710497611917069  0.61710317898790967
  0.62726061954914991  0.63794281604435388  0.64863784209492936  0.65930340919973607
  0.66982822664712138  0.68022490319347551  0.69059462801558302  0.70089452292938081
  0.71102601474660843  0.72103758373259030  0.73120334700828249  0.74176523091486846
  0.75220591388290781  0.76199137981364806  0.77157850550071427  0.78151961433583472
  0.79181342594112969  0.80225482894726696  0.81306507666277794  0.82438885828527264
  0.83563589123082460  0.84619188871442474  0.85675121175396030  0.86725290460333571
  0.87767876023720581  0.88816230603876678  0.89879419453024956  0.90959661221217480
  0.92045187809472606  0.93154828335709616  0.94290302100739909  0.95467717290223131
  0.96614118707386509  0.97760967313946479  0.98877948182570030  1.00000000000000000
 -0.00257435310834319  0.00959244181738136  0.02068398235211676  0.03204689320414248
  0.04313886569453925  0.05375818898168139  0.06407313949058460  0.07448497441419227
  0.08505375277917210  0.09570738154597559  0.10641964517318056  0.11696438153645333
  0.12729178648258227  0.13771158066230804  0.14782166485331485  0.15792324651334591
  0.16776433055451728  0.17806760748964956  0.18848299628323609  0.20005635199127783
  0.21165288585236453  0.22310084594701377  0.23388944387468255  0.24441604032083047
  0.25464915087793411  0.26483125632767118  0.27581381151851930  0.28737164602697896
  0.29900975242161754  0.31018412582934146  0.32092000257808567  0.33192612810286259
  0.34197780969050778  0.35295024662031871  0.36380743346708483  0.37461667470855470
  0.38457948712001633  0.39418555339912892  0.40433972002984553  0.41503646513242465
  0.42572719730649450  0.43626359249450131  0.44696997026470020  0.45783597566213907
  0.46862197121703669  0.47898217276026506  0.48923919534187210  0.49946850145384664
  0.50976204010713733  0.51974843830700601  0.52971377891343707  0.53993341255168747
  0.55052695506440841  0.56163418042494440  0.57257935463475806  0.58321986164014739
  0.59342271319987128  0.60339122588563743  0.61322049329534689  0.62290043928797478
  0.63264118596691510  0.64241249499043551  0.65226164334771808  0.66210321676496453
  0.67212149103875340  0.68236822161676058  0.69288751492939060  0.70358118662776958
  0.71420023721514969  0.72472009617051525  0.73533069967183395  0.74597175143832506
  0.75643325162408293  0.76660755117759016  0.77695667608890906  0.78748360344298729
  0.79833910185663937  0.80959337851075674  0.82131729573344103  0.83303531753484394
  0.84387196277369148  0.85397379537539475  0.86364691938734206  0.87325246231972520
  0.88297125813854049  0.89261045951004503  0.90247823039955122  0.91269893299009230
  0.92315586021497287  0.93437241956591022  0.94604783788637359  0.95781443102858754
  0.96864748490359098  0.97882400786957324  0.98954036530334244  1.00000000000000000
 -0.00213367996727035  0.00895752514476860  0.01866797643415661  0.02941322110364162
  0.04028277285277228  0.05154675159906885  0.06263017765353775  0.07270723613740002
  0.08318136656439117  0.09366228403084059  0.10426035133199613  0.11581104773112776
  0.12752051899022784  0.14000623051701547  0.15214901932718355  0.16377623999284643
  0.17491557267375088  0.18589785231990399  0.19661068604890145  0.20715117408627562
  0.21748541548084727  0.22773116316992018  0.23801537329013137  0.24851126336977417
  0.25938010450051097  0.27064179720740744  0.28204069793038827  0.29328314460220090
  0.30425579802418307  0.31501677097615383  0.32558894083822720  0.33602316967455248
  0.34631637387224595  0.35643480745211548  0.36665017342889966  0.37740439030852191
  0.38879768268696319  0.39992565005238401  0.41017345088887086  0.42002511787848296
  0.42981432256739127  0.43939819098934996  0.44872763483979450  0.45859963098120654
  0.46933953706834342  0.47994975788596594  0.49014076490702935  0.50038102813048302
  0.51098598596113043  0.52129164812926165  0.53116820314181645  0.54106920024627214
  0.55132138637756167  0.56162732721436170  0.57220835880148713  0.58278081190378461
  0.59329186715546911  0.60385508864516568  0.61469253436131477  0.62550210181040700
  0.63578143164949730  0.64601158459179719  0.65626845951197277  0.66656143656291889
  0.67689466023680367  0.68755905090130875  0.69863876168336980  0.70957911154243158
  0.71994973918429739  0.73014105076516511  0.74034230071689833  0.75054188380426978
  0.76022303341760988  0.76983636906567421  0.77985320688715343  0.79013329008758737
  0.80008204310548559  0.80969803655058958  0.81980569485307031  0.83004229196689217
  0.83999062237797739  0.84985722320341428  0.86003767833738176  0.87041930956356417
  0.88110456278000160  0.89203244482495414  0.90269322543918384  0.91314819082942245
  0.92374869494118939  0.93427648331782309  0.94475317926871916  0.95482058208966825
  0.96548540510076331  0.97674938307666304  0.98830276856233890  1.00000000000000000
 -0.00267936000484704  0.00975768240071340  0.02054402808534148  0.03082557341264421
  0.04125433576364816  0.05133056982991058  0.06130642602837518  0.07098369994793602
  0.08049295337861403  0.09044695641734068  0.10066190880881239  0.11114928826657010
  0.12193497145408928  0.13268653800238461  0.14346834696749178  0.15392859881909229
  0.16386880336713802  0.17355530516513326  0.18312983665009785  0.19345257263864743
  0.20407444804490674  0.21483093615865026  0.22475487377004841  0.23503652703744413
  0.24543474580833838  0.25607007730184600  0.26716079745130861  0.27899992940053214
  0.29153979427077303  0.30362223158445711  0.31515833592135717  0.32566743133493881
  0.33649429110886547  0.34725297974755714  0.35786813558146008  0.36814134260650494
  0.37871120830304134  0.38958516259388787  0.40037047202096609  0.41049588274803495
  0.42006643618131800  0.42939223775456337  0.43901749822541269  0.44890160009802155
  0.45873133521883946  0.46860777892790306  0.47877591542278580  0.48938413822320775
  0.50021338032168272  0.51127459009450660  0.52246731591282780  0.53351843027269852
  0.54443006715046061  0.55570990506829931  0.56722583069545374  0.57833849445181262
  0.58942370997286686  0.60022155128432297  0.61077510557093095  0.62058136988206480
  0.63041637299986852  0.64030225191353618  0.65108555110806088  0.66236671585676943
  0.67320374404097827  0.68400700950264426  0.69389150943759448  0.70412602357569309
  0.71435018830897223  0.72481403648140874  0.73555415622320841  0.74611887133981980
  0.75699123514080857  0.76793373547178878  0.77832298263919530  0.78866885669431464
  0.79826969263186975  0.80813005192019383  0.81829197031283285  0.82851984899543474
  0.83837866887056245  0.84843377900773620  0.85922439792928085  0.87101412395972888
  0.88244213486274425  0.89388362852401371  0.90441247065735497  0.91506902925811084
  0.92547002272521428  0.93578611074204543  0.94619174314937760  0.95669335435944780
  0.96786473716692512  0.97855564673089312  0.98936764970607638  1.00000000000000000
 -0.00219407835521855  0.00808090426997374  0.01640855921084998  0.02449238227613129
  0.03260673039860105  0.04115831090654098  0.05034570157805246  0.05964246073871169
  0.06880971316059996  0.07802231699355876  0.08749313502982622  0.09722658831466549
  0.10650174655010274  0.11578284691485874  0.12549880599381183  0.13536613406978310
  0.14511135222685645  0.15512128414277024  0.16571718451612893  0.17689624390849840
  0.18807298272861786  0.19912477210636598  0.20994572766893349  0.22026834432292966
  0.23066476065421046  0.24136967165111939  0.25258365388389836  0.26366156237836630
  0.27441375888952979  0.28516238023753626  0.29642648868716770  0.30833256814992582
  0.31997136627472161  0.33154299098680107  0.34306826543979502  0.35443328281786246
  0.36595647936941400  0.37781450701586383  0.39007301233099717  0.40253385954940474
  0.41443483345023435  0.42632472463960697  0.43810451072754836  0.45065730637538032
  0.46318660841153075  0.47595787736286121  0.48816202481983051  0.50066883394637784
  0.51240643766884331  0.52466537105212441  0.53645375704948284  0.54888938517613006
  0.56139913377136019  0.57524625826797338  0.58827666608495954  0.60058586728700836
  0.61259546652620134  0.62458894171499257  0.63646800511946533  0.64807523853592242
  0.65940146236166741  0.67039040319685084  0.68121311389707828  0.69224204614249196
  0.70345867817466179  0.71475512941450869  0.72603196969978590  0.73714546471235509
  0.74853756269214045  0.75847699328491214  0.76819182961991528  0.77793232541117219
  0.78788067284765306  0.79800443436564072  0.80775116505803313  0.81792240245927783
  0.82839183363770186  0.83865447421575934  0.84863139330797077  0.85841104668121537
  0.86798095727470115  0.87743472649623322  0.88673588427624161  0.89597293363973218
  0.90509853960108166  0.91416032966506811  0.92293931441346855  0.93123099180603708
  0.93951031148743303  0.94815961148035421  0.95664756667447359  0.96524087786305934
  0.97354854608079111  0.98187081211100746  0.99077198478678119  1.00000000000000000
 -0.00242662513292074  0.00969627255838263  0.01984315783619399  0.03027281492428974
  0.04048282413717834  0.05031441482756756  0.06012749833849541  0.07005376419717436
  0.08039377211547201  0.09082116393927732  0.10142132109198262  0.11264033184617507
  0.12429488817923534  0.13614683581170833  0.14738880686494615  0.15777881921299625
  0.16824860680052803  0.17934898468864074  0.19026596069062737  0.20162305708512887
  0.21274772799198033  0.22368712223784037  0.23402000155967193  0.24401524934559923
  0.25423446032016639  0.26444177570920752  0.27480664145053513  0.28522818484342061
  0.29555052833967232  0.30606820732498680  0.31681705227272750  0.32753090438482890
  0.33800325808741538  0.34803836431718799  0.35793529935484864  0.36762066599030946
  0.37778295699684927  0.38795249927846520  0.39815048129777519  0.40842543697417516
  0.41892367733387770  0.43019123899385214  0.44172907123163874  0.45353622152425083
  0.46527941987266208  0.47677357080248067  0.48772300535106011  0.49818167632952087
  0.50829970722688711  0.51841051212079370  0.52897990247729543  0.53947108085823292
  0.54994297889876131  0.56034514947735459  0.57054027279803043  0.58073488241339843
  0.59088462462618230  0.60087439710294954  0.61089789987176590  0.62127629482031743
  0.63200427663337599  0.64292460414725794  0.65334417579426807  0.66341030776491927
  0.67325075927780331  0.68297177487946392  0.69308707448627715  0.70348730520528546
  0.71410790143756520  0.72483693550889217  0.73565268110513848  0.74614907849837986
  0.75694612491501945  0.76740779302572215  0.77767025956521296  0.78761564949334983
  0.79790566680342712  0.80798087399846685  0.81815132904403554  0.82836969953579520
  0.83905023412345658  0.84993604101913678  0.86050129587028246  0.87105678022057997
  0.88191061098129453  0.89303041855566989  0.90388428714755986  0.91455391863666424
  0.92525778605352171  0.93606355467452806  0.94695447408684219  0.95737042635909342
  0.96788425053652183  0.97808287121006154  0.98907237470684528  1.00000000000000000
   1.4349457792697117E-009  -1.0000000000000000     
 T F T F T F T F F F F F F F F F F F F F F F F F F F F F F F F F F F F F F F F F F F F F F F F F T F T F T F T F F F F F F F F F F F F F F F F F F F F F F F F F F F F F F F F F F F F F F F F F F F F F F F F F F F F F F F F F F F F F F F F F F F F F F F F F
  <DiscreteSampler_grid>
  grouped_processes
  1 # 1 for a reference and 2 for a running grid.
  10 # Attribute 'min_bin_probing_points' of the grid.
  1 # Attribute 'grid_mode' of the grid. 1=='default',2=='initialization'
  0.0000000000000000 # Attribute 'small_contrib_threshold' of the grid.
  0.5000000000000000 # Attribute 'damping_power' of the grid.
 # binID   n_entries weight   weight_sqr   abs_weight
    19   10   8.166040520166101E-002   1.305312680984167E-002   8.166040520166101E-002
    25   10   9.247407636234610E-002   2.569415091848335E-002   9.247407636234610E-002
    37   10   7.569869886984264E-002   1.581446675895270E-002   7.569869886984264E-002
    43   10   8.618046691185070E-002   1.448001867214355E-002   8.618046691185070E-002
  </DiscreteSampler_grid>
