 -0.00000000568231745  0.00000308259849018  0.00002272755417993  0.00006213914765025
  0.00011837476011281  0.00018991588359770  0.00027745096992746  0.00038257302760729
  0.00049973705398308  0.00062976979931796  0.00077955311187497  0.00094628764211640
  0.00112427733959836  0.00130132746465266  0.00148009639792421  0.00165590389011183
  0.00184182354906462  0.00204172315889767  0.00224827855970870  0.00245678624431818
  0.00266430067750047  0.00287770018931932  0.00310392946828911  0.00334455242296036
  0.00358758763727485  0.00383056766398819  0.00408205919022926  0.00432892529792304
  0.00457468893965536  0.00482656536144074  0.00509375625614354  0.00537670414082244
  0.00566645223036531  0.00595634594626237  0.00624399607053044  0.00653488479004979
  0.00684264409268414  0.00715969441956439  0.00746215457245149  0.00776403525241290
  0.00806601454702606  0.00836619758656716  0.00868491025440500  0.00902383785087719
  0.00935798831748038  0.00968075407630724  0.00999740587098040  0.01030825253349749
  0.01061825919561005  0.01094978773140949  0.01130655223737016  0.01168676838188549
  0.01207582017378890  0.01246198394601815  0.01284149234018622  0.01321066323206939
  0.01358763417377359  0.01395646736497768  0.01434716166082099  0.01475730661717549
  0.01519930891576253  0.01566922912538811  0.01613696842920346  0.01658973741897171
  0.01703416467095415  0.01747547451916933  0.01791026748434441  0.01835112301860922
  0.01884501806989607  0.01936576196672499  0.01992671941450213  0.02049722145248767
  0.02106276978135478  0.02162636416507452  0.02218591487622477  0.02275987931495092
  0.02334133897345786  0.02391393563890208  0.02450881400911818  0.02518759894323595
  0.02593449896917838  0.02668158387497370  0.02746543192775277  0.02830157952407709
  0.02917247243579608  0.03005698746033828  0.03097628898270088  0.03207744095986018
  0.03341212840920536  0.03488542581316813  0.03646733591589648  0.03822405893299274
  0.04051150774876186  0.04471134114856938  0.04848984499915883  1.00000000000000000
  0.00963212594187110  0.01601060461497102  0.02593994150644976  0.03828684911671677
  0.04959011928063251  0.06169703225833309  0.07243927173923459  0.08410085828749485
  0.09472190626728558  0.10596362178868721  0.11870954869269761  0.13068741232806985
  0.14174688456989615  0.15203440953542063  0.16187285573753260  0.17180520366545782
  0.18176338598781422  0.19166949634562427  0.20175915036150521  0.21241520220297133
  0.22398363876858718  0.23534638949738085  0.24672830304988716  0.25780514718448183
  0.26875096360829209  0.28067364715368898  0.29202000338175532  0.30266475614827132
  0.31332482924842914  0.32491025296851450  0.33644489381164155  0.34800203281369335
  0.36035324029513077  0.37331126073519999  0.38549495878928719  0.39670094003648021
  0.40741512980893485  0.41783986289825581  0.42854551993290446  0.43985459982655906
  0.45142482726126260  0.46273945583290088  0.47284488733122160  0.48381655209688068
  0.49352556956508337  0.50254483962534446  0.51147310992999684  0.52071200918609761
  0.53029992182158614  0.53954669859185267  0.54891309724061044  0.55894705685630053
  0.56927156350796848  0.57880536681718475  0.58782224692889329  0.59685565119889794
  0.60640050839547044  0.61596645755835888  0.62513940849637784  0.63454409651686838
  0.64410172041867164  0.65354913353734401  0.66283510249466449  0.67341752624394280
  0.68629262755306786  0.69968349494636162  0.71135789833403862  0.72024619519336264
  0.72929061867647371  0.73848676984215167  0.74807168367420374  0.75729272087214639
  0.76627642697445764  0.77610865961081110  0.78850303019140655  0.80082505235049928
  0.81197792087739618  0.82427652293477827  0.83548558436491682  0.84664629142529924
  0.85738459118310872  0.86764571889970243  0.87811489640419449  0.88869004779801553
  0.89835298356439319  0.90702033756814371  0.91536524720940671  0.92446894384440992
  0.93388626127802299  0.94290113215424776  0.95230382134367142  0.96186035573555162
  0.97258459865494451  0.98262678189121544  0.99097005204832034  1.00000000000000000
 -0.00001508474118937  0.00016875204737254  0.00043675200765816  0.00083208279258718
  0.00133833291105200  0.00193034931536479  0.00274847855504287  0.00366444759782173
  0.00460751130616943  0.00563945071312544  0.00673763409751212  0.00811544677234001
  0.00979474442595708  0.01110483333145361  0.01261912201478770  0.01423934294498434
  0.01591989144313681  0.01758780264502985  0.01944923028028169  0.02154382430248521
  0.02387163101933943  0.02636385861041877  0.02888480141073816  0.03143940944921368
  0.03394172049632969  0.03633980986987227  0.03926474535958038  0.04185120632158027
  0.04430560240062603  0.04681392083866093  0.04939830197107035  0.05221017843925098
  0.05512014601694909  0.05809950870718104  0.06127657013097940  0.06468311740177914
  0.06813140324319887  0.07131662115118223  0.07419602655771113  0.07727398761943143
  0.08066226964784408  0.08408532508639130  0.08793539325723973  0.09169286725299697
  0.09561746909993646  0.09980043382701277  0.10407439625558282  0.10863044118614280
  0.11338944686867750  0.11767819412826670  0.12183045431515045  0.12592921352637096
  0.13006849951781829  0.13486963467107593  0.13992558039336589  0.14498635697901538
  0.15017945974943814  0.15560460937525289  0.16112051548653394  0.16732074059455349
  0.17349993167696803  0.17972829619875844  0.18670590281538760  0.19432380328753435
  0.20218298294033410  0.21012951723593423  0.21772344538405536  0.22612555186299663
  0.23489670056172110  0.24370434095914204  0.25243951988595886  0.26095149652477273
  0.26965057569248596  0.27914259605700548  0.28895918860526909  0.29887831255812258
  0.30902329788457372  0.31963287381327965  0.33045648605662115  0.34264501788321083
  0.35521568637609996  0.36862409324223977  0.38283914168180982  0.39844210446705958
  0.41520493797207331  0.43346939174744897  0.45263041474146432  0.47368949392598636
  0.49739378195774731  0.52467650831833101  0.55648102007682398  0.59528476695851373
  0.64373677690843301  0.70540108805186386  0.79699208681663902  1.00000000000000000
 -0.00189656980159311  0.00837325170172702  0.01718467486450847  0.02644911917750381
  0.03625583026483724  0.04625021593001736  0.05634928811334478  0.06575219817204501
  0.07399079643412093  0.08237467720204561  0.09042842141927487  0.09825235011717376
  0.10610589151516295  0.11426245738982516  0.12291347519933488  0.13258954562214467
  0.14264882227908782  0.15297858384712704  0.16310536256617919  0.17252548270630580
  0.18171379271506022  0.19135565522281409  0.20111184753261610  0.21022440907451018
  0.21815528166543532  0.22666899523246789  0.23637034066754681  0.24619066846440807
  0.25575605873662810  0.26514277497076844  0.27414537414816836  0.28331385712286106
  0.29241459787927815  0.30164766283156075  0.31161402987256620  0.32348211841748681
  0.33670714744426022  0.35062035269921321  0.36575164379797748  0.38048026498409987
  0.39452294347174688  0.40803232366467374  0.42147485021713132  0.43439401058026655
  0.44609003013823889  0.45721943330609494  0.46766248876365080  0.47822289456822792
  0.48799420642228142  0.49794096513569686  0.50799141328597419  0.51800749568108173
  0.52782036559942269  0.53720623284911262  0.54877140957501302  0.56214849521508126
  0.57220009113120585  0.58211357923480211  0.59083177613053450  0.59973922944121028
  0.60909370875519309  0.61906273390129740  0.62988660304117106  0.64088990896091069
  0.65145304448932684  0.66373215383642059  0.67696693475974934  0.69152421151681076
  0.70658510058356006  0.72043150247514420  0.73373111005914649  0.74632907223636757
  0.75841384986089366  0.76991335564680685  0.78030993310160390  0.78997583546284522
  0.79970782530584628  0.81019103266473014  0.82203506076303101  0.83439975173767522
  0.84673635573053085  0.85892964084399448  0.87056707112012244  0.88170801741165261
  0.89275284890525086  0.90234015193225048  0.91177459383105297  0.92105730320571733
  0.93037952843587346  0.93926311408938346  0.94825335358436447  0.95745417455345427
  0.96753227727620572  0.97840419134537260  0.98891231264232626  1.00000000000000000
 -0.00237994707536261  0.00866643685782295  0.01903180835195603  0.02780580823458851
  0.03679367559041120  0.04524009779566322  0.05352028929820815  0.06164703646394670
  0.06990452391658315  0.07867440789346881  0.08787671751339333  0.09789403611057179
  0.10783038083656750  0.12023395934147321  0.13178349130836720  0.14301198681953281
  0.15396688436120368  0.16454368191861529  0.17523091414080158  0.18651040122256077
  0.19803781606544504  0.20951565039362127  0.21985820965184699  0.23005349865179869
  0.23998329992709366  0.24984113308242520  0.25947805781157102  0.26881215394116670
  0.27857083012268075  0.28853077063042326  0.29794383855211948  0.30706995668382442
  0.31682446783082541  0.32759102624241315  0.33784931874937491  0.34754816936782806
  0.35766850088257496  0.36802434057282529  0.37788559173773062  0.38720025673359365
  0.39675462042074849  0.40710260820268107  0.41741170014057294  0.42701886502770564
  0.43708916015379962  0.44797955528226996  0.45938698483663276  0.47011193384982952
  0.48083006472055378  0.49203629600333432  0.50368295731462653  0.51569544800641809
  0.52805938977771549  0.53995923255222389  0.55003435250823229  0.55982676382173857
  0.57087488041186063  0.58237549157275159  0.59313923581752315  0.60383998877299871
  0.61587482649376801  0.62846001035235510  0.64043990110865290  0.65170360738646582
  0.66180192263017268  0.67143440884468475  0.68075800980475532  0.69033291462375146
  0.70032625452504538  0.71100412303435445  0.72176232981478350  0.73307007283773595
  0.74508277446927451  0.75699053550498163  0.76823774580864923  0.78100552053206695
  0.79283685532639114  0.80319990318651280  0.81332448538895641  0.82349611283442392
  0.83342424388646030  0.84272558486887938  0.85184957996785682  0.86201413982160324
  0.87284468571671470  0.88349679928730818  0.89401479982963017  0.90461570058487073
  0.91540542937458347  0.92642346837451583  0.93768698186787236  0.94914386904396841
  0.96084954178011261  0.97325710804556997  0.98630273600163010  1.00000000000000000
 -0.00229831705374411  0.01005251541065124  0.02117746618767642  0.03302067607967420
  0.04480770819245879  0.05584733219158633  0.06787599878343713  0.08121630853457976
  0.09478071296372595  0.10782888016866964  0.12114817498685400  0.13414171994929699
  0.14638326311528108  0.15811544068914013  0.16950898557332816  0.18095618145267370
  0.19316012125887647  0.20604934897659605  0.21852110707926298  0.23044737898646855
  0.24254809162035595  0.25441533928709836  0.26563841762337237  0.27577911245831588
  0.28541330030996004  0.29531096475614654  0.30515849042288146  0.31474698304941895
  0.32413745244142683  0.33340065769598864  0.34334927873666055  0.35380057461085490
  0.36428973819023391  0.37424587038190743  0.38513918478801862  0.39637027301349559
  0.40624552683050735  0.41608674756403857  0.42624501254913011  0.43695874024504650
  0.44697693347545692  0.45676387511420752  0.46689772586155504  0.47733332375207965
  0.48739146601554550  0.49761827062852720  0.50853712970976916  0.51951580041182466
  0.52958471086438619  0.53861542296167975  0.54761956965419500  0.55683571615737870
  0.56644913640212213  0.57595951309641624  0.58513044430082728  0.59464368591921823
  0.60421270747202571  0.61352951490852348  0.62309844232586598  0.63323387862647440
  0.64397392675086029  0.65388826037175407  0.66319243577852394  0.67239532565674776
  0.68166210605734245  0.69081568078304156  0.70001993767840820  0.70948427444280926
  0.71943286651418914  0.72936209984262712  0.73887063368848649  0.74842321429438829
  0.75915374452259310  0.77128254300569932  0.78281306467075196  0.79414172801824245
  0.80497964298551761  0.81651422867307832  0.82726538218927748  0.83783007501469831
  0.84841557073819418  0.86004078608661483  0.87203262464978215  0.88308141234574100
  0.89318329108361094  0.90274377890792235  0.91176339096410364  0.92028482346454765
  0.92845451912780630  0.93699623420358613  0.94609719548408833  0.95559690707003964
  0.96535973423345256  0.97546988008957525  0.98666917417290401  1.00000000000000000
 -0.00248130298895751  0.00908893703054502  0.01912953486786562  0.03050621268891664
  0.04183849305890817  0.05267368609632200  0.06385872405709520  0.07567807470301739
  0.08752484918440263  0.09842980429836931  0.10827324739809313  0.11722650502441687
  0.12585692381077401  0.13394201966437280  0.14225340444589124  0.15182501479464885
  0.16145441143857500  0.17258105926830741  0.18476637510384758  0.19715485556288584
  0.20842560356860262  0.21833297284158257  0.22773067536966909  0.23760366392248938
  0.24757636671146419  0.25797711974166831  0.26825815223161514  0.27910202723163074
  0.28953126497865761  0.29903703612505966  0.30801237367631901  0.31833883334472052
  0.32998117019279749  0.34185047881141872  0.35347960637124676  0.36482628249100896
  0.37612142480270300  0.38743254682537165  0.39876467220587392  0.40960454189135437
  0.42025731472208300  0.43099416795966206  0.44199415880450371  0.45333117010158230
  0.46320480230286487  0.47219337140548306  0.48114159677206042  0.48984064037765951
  0.49908559394137553  0.50879328794328016  0.51770530962736472  0.52651575180316124
  0.53472251821747474  0.54388967992617299  0.55392913501403418  0.56506465757339541
  0.57963519555870480  0.58999200249167927  0.60053973535387462  0.61099744108401055
  0.62076706229479306  0.63113709530775230  0.64019097567867111  0.65210592634558362
  0.66771860287250928  0.68295922766783590  0.69583809675224761  0.70657063322176705
  0.71680198489191094  0.72727761190889317  0.73837882104390995  0.75000015585640256
  0.76283912378650509  0.77486886187298087  0.78654792794792050  0.79718577242715605
  0.80699875899142548  0.81644680711980999  0.82649004195672093  0.83675426191088553
  0.84736065532904381  0.85822757498533919  0.87089273499861153  0.88181168233385943
  0.89132777697910270  0.90118064516419782  0.91153151839538604  0.92208202184911570
  0.93220120508650961  0.94193007153376951  0.95102531650186317  0.95986628968212251
  0.96897264067994981  0.97868996304402422  0.98909854281951726  1.00000000000000000
 -0.00205276401044122  0.00858239950979388  0.01776229952448018  0.02802850284324190
  0.03853603945466172  0.04801027345078807  0.05641086252736800  0.06497357734849124
  0.07446232809904180  0.08435569527417437  0.09425594490715765  0.10450829961625753
  0.11729982427315595  0.13022356959122239  0.14260042544241794  0.15354706598514845
  0.16381623524572644  0.17419400080318878  0.18444326048430346  0.19456133136723161
  0.20483505006131106  0.21563279640284030  0.22768589213633789  0.23784807639411110
  0.24887983347564516  0.26013259087947976  0.27111579404670638  0.28188127476883568
  0.29284388209954215  0.30516652422923013  0.31742210368538443  0.32970138739227323
  0.34194100179715559  0.35361694485420414  0.36439193716425083  0.37476052432826484
  0.38558510048194528  0.39675882197946449  0.40831715729644452  0.41999936655351100
  0.43101575788620672  0.44087695376599095  0.45008905867990151  0.45949737175549699
  0.46929314952875145  0.47902060484790654  0.48821888758720566  0.49783120051530977
  0.50745236559716422  0.51674208705375657  0.52576060835433702  0.53508716352297725
  0.54604603895478998  0.55901394556911888  0.57056086970378039  0.58054061257030365
  0.59005533679375755  0.60014666026996943  0.61095146534343170  0.62260194610720365
  0.63440026151145901  0.64623780435203171  0.65853609478681885  0.67002063515009747
  0.67972022826637035  0.68904972565922995  0.69890492630700685  0.70880723486758823
  0.71903118804089883  0.72924927292289021  0.74153434121054562  0.75339364202202785
  0.76464727075133576  0.77433069092424234  0.78293910631005026  0.79200500594535639
  0.80038241061588711  0.80891660299125434  0.81732570596333687  0.82549445960757539
  0.83439450700682305  0.84473712889279085  0.85562147587083925  0.86619748166990584
  0.87724945226428930  0.88858466357115895  0.90003558488665503  0.91152071649146327
  0.92300268246143125  0.93428316360319930  0.94521553325652174  0.95598717176122694
  0.96678425656911926  0.97803701604326343  0.98877267443316064  1.00000000000000000
   2.0968960808077541E-012  -1.0000000000000000     
 T F F F T F F F T F F F T F F F F F F F F F F F F F F F F F F F F F F F F F F F F F F F F F F F T F F F T F F F T F F F T F F F F F F F F F F F F F F F F F F F F F F F F F F F F F F F F F F F F F F F F F F F F F F F F F F F F F F F F F F F F F F F F F F F
  <DiscreteSampler_grid>
  grouped_processes
  1 # 1 for a reference and 2 for a running grid.
  10 # Attribute 'min_bin_probing_points' of the grid.
  1 # Attribute 'grid_mode' of the grid. 1=='default',2=='initialization'
  0.0000000000000000 # Attribute 'small_contrib_threshold' of the grid.
  0.5000000000000000 # Attribute 'damping_power' of the grid.
 # binID   n_entries weight   weight_sqr   abs_weight
    10   10   3.216280373572413E-004   2.106912962359486E-007   3.216280373572413E-004
  </DiscreteSampler_grid>
