 -0.00000001043092144  0.00001277835982255  0.00009869521333220  0.00028610412350420
  0.00058111613240049  0.00097355436362172  0.00144931070662667  0.00200304412466878
  0.00261576387349077  0.00326929987609871  0.00397647283717046  0.00473181509968087
  0.00553603113145750  0.00636095123957720  0.00727404138414984  0.00817102599048297
  0.00916025083841102  0.01014758278311229  0.01114299018644540  0.01218656131448082
  0.01326004809740931  0.01433030623639487  0.01544344157402510  0.01660062044719430
  0.01775525681538103  0.01891053689160071  0.02008283984755618  0.02130833374231489
  0.02250033750198760  0.02368757067559069  0.02484660409922075  0.02611037824847971
  0.02743867016190979  0.02880360095196488  0.03016399537838962  0.03151439063542411
  0.03287213517811221  0.03425323484488974  0.03566773746911753  0.03712359171420317
  0.03856989556765732  0.04000171138193741  0.04142774446799286  0.04286377173328415
  0.04431547306796276  0.04581349764867188  0.04735188250033136  0.04890263402286165
  0.05044509281182097  0.05195260045493252  0.05345781580585297  0.05498247729633526
  0.05650950118367114  0.05804714020603745  0.05958988752584952  0.06116301359763425
  0.06287159260134874  0.06458234405423037  0.06631509039310632  0.06804010450238472
  0.06976479267267853  0.07151543567671804  0.07330451283586527  0.07506749939321902
  0.07682737559179346  0.07860634216119607  0.08048468695052205  0.08249722727956792
  0.08455177131465107  0.08663124719989994  0.08869339768053039  0.09076648767857683
  0.09287388300599841  0.09502212542863425  0.09717380178697518  0.09940881015319923
  0.10164919969964636  0.10389408438335136  0.10642221024024490  0.10950336597023955
  0.11249786375057329  0.11550260569492268  0.11857501807366051  0.12174340349647093
  0.12503188565414078  0.12848053118511713  0.13209537354061007  0.13567653797581347
  0.14035916463380513  0.14574473098003740  0.15200384748100809  0.15930751138743712
  0.16816312887822477  0.18151015757728678  0.19363729078813491  1.00000000000000000
  0.00952513249800363  0.01565163164629411  0.02511029177978489  0.03649499822601771
  0.04763808575817855  0.05888089480172261  0.07006623559515598  0.08138550095726310
  0.09243124489910506  0.10349116343859260  0.11486239739902980  0.12632466480284993
  0.13755008621958223  0.14852411835153748  0.15924739263328486  0.16955035158178428
  0.17948612774941064  0.18949353333493077  0.19989429988319990  0.21040296787702437
  0.22068393186596405  0.23106404732430438  0.24165199090647174  0.25215567746674666
  0.26256001482524138  0.27323068578999082  0.28434730463992186  0.29539005880027414
  0.30590373800741089  0.31628728439347165  0.32633955323977754  0.33648786406749376
  0.34655095716912204  0.35677849637688380  0.36713231185509737  0.37728109830175849
  0.38744648212038824  0.39748837875928000  0.40752965089201315  0.41768370039666630
  0.42780380792049671  0.43792906200575721  0.44815900369541933  0.45846610492712331
  0.46888597965000561  0.47936691187602054  0.48972912686090131  0.50004785872061241
  0.51034661199170650  0.52076056228128653  0.53134491412409035  0.54177037958440744
  0.55185395498152257  0.56195780681041596  0.57223146002677683  0.58224022045676360
  0.59185897807499310  0.60142437800120152  0.61139331625329796  0.62165238013530466
  0.63169443360802491  0.64153872060445893  0.65136205431893790  0.66127685185015683
  0.67148694544232224  0.68226278029526699  0.69348911685949288  0.70482475040250059
  0.71580226552839166  0.72635552810749826  0.73669535056907953  0.74692979810719351
  0.75747715790196102  0.76805312356922073  0.77870777489820675  0.78918641688046420
  0.79937726378370400  0.80958280270909233  0.82023893988220031  0.83098481272098534
  0.84147241908467618  0.85177584933415695  0.86227920162725158  0.87275432422087007
  0.88287447417602061  0.89270546329401179  0.90268151555533627  0.91289854310207119
  0.92312118170362356  0.93280403935676870  0.94218604623996971  0.95149713240986866
  0.96101025022495379  0.97092561823241552  0.98067791311361996  1.00000000000000000
 -0.00262124501159898  0.01023447962303301  0.02030838289014392  0.03064598907394073
  0.04087734613470747  0.05127830987113779  0.06160853816510871  0.07218389127334784
  0.08273802188835434  0.09266657698553445  0.10280506158127919  0.11262618352846432
  0.12210614099345768  0.13189064605133652  0.14144870865259782  0.15127741003312745
  0.16088484596039190  0.17073542747598677  0.18118229757684012  0.19218654414262903
  0.20348304950132609  0.21457840034908923  0.22563785048908350  0.23683546669789954
  0.24834648005999052  0.25996989374583512  0.27144016379224162  0.28270756457926349
  0.29374040491072395  0.30494802346637023  0.31598536995616561  0.32667244126563638
  0.33773490841832926  0.34953206502119916  0.36077952690724863  0.37178280288170490
  0.38260811911676296  0.39380275485471911  0.40516553969882957  0.41622230077282829
  0.42670802298649307  0.43698110088124414  0.44751470029312213  0.45794035232318753
  0.46823224127472707  0.47845200615234262  0.48914231657287049  0.49962794419675832
  0.50969619834574220  0.51954458460657316  0.52967549860732854  0.53993994156922187
  0.55028339625228972  0.56052387628833789  0.57103211543294174  0.58120009585785604
  0.59211805065652523  0.60279987274500813  0.61450314961151531  0.62586381917771361
  0.63696975432628966  0.64779354281273083  0.65817410173606650  0.66839038483610158
  0.67874593340424449  0.68910902932667428  0.69912866857310296  0.70882129175023056
  0.71834313098571345  0.72818084148180950  0.73803799780311574  0.74771469628896181
  0.75768039698018486  0.76764718962225309  0.77809259773495909  0.78869777537935670
  0.79936833013729658  0.80999682251130767  0.82068465958558212  0.83142339217557626
  0.84197075512203834  0.85243362132986888  0.86262600530846878  0.87294738366873292
  0.88302338385631318  0.89304466513042768  0.90366213175172494  0.91442728938673323
  0.92518056172851437  0.93582075937112030  0.94651837238001757  0.95696233046693446
  0.96712898855319862  0.97775010740267942  0.98871136337794907  1.00000000000000000
 -0.00263835321966857  0.00982449519835889  0.02063431970557462  0.03099613018330913
  0.04131223474014582  0.05102722215962705  0.06028065566803323  0.07004616643865164
  0.07990212229032732  0.09127510428129038  0.10278268751167270  0.11480850307462548
  0.12667337944128881  0.13828086148350222  0.14998708933600968  0.16127843450668641
  0.17203936827514849  0.18268692462052283  0.19351775773447502  0.20439828395446730
  0.21524552740549519  0.22593442848603743  0.23647535533182584  0.24723106679981674
  0.25793946494441383  0.26820747285686719  0.27792615868171677  0.28756517420903954
  0.29744870199446100  0.30760401250446601  0.31754517540367971  0.32748469518413081
  0.33746859676184088  0.34750435652832562  0.35739786253659767  0.36717956223956055
  0.37738816196873015  0.38810568278970609  0.39901292097445373  0.41017828113909999
  0.42094084958339695  0.43189870792048651  0.44257567436192630  0.45307029159612794
  0.46348035059983456  0.47385898925382230  0.48445194206733466  0.49507577288407117
  0.50595926891240839  0.51705430889180048  0.52791348678302097  0.53862334838157633
  0.54930616355938533  0.56016892660702100  0.57080938428023009  0.58120261511629812
  0.59082479552214962  0.60027249903938673  0.60962811079395252  0.61868145560771937
  0.62784854767339704  0.63732877349070927  0.64682746726025175  0.65675970436034969
  0.66667904847895432  0.67688628513213023  0.68706557006633617  0.69699036918442114
  0.70707318413832443  0.71707713396045114  0.72693681875829608  0.73702743412563976
  0.74739494668020112  0.75831248849063160  0.76915453766541830  0.78053067109327712
  0.79163504030679721  0.80255865492735479  0.81340635287043717  0.82357365955821149
  0.83436999539954859  0.84448201991479854  0.85481562912739184  0.86475224069518930
  0.87493533131315582  0.88529635896256031  0.89567403959754477  0.90696837670238073
  0.91836531724429871  0.93089400128800837  0.94355163039628287  0.95681990930767702
  0.96821016943960458  0.97913775324241026  0.98951853997194472  1.00000000000000000
 -0.00235874133145283  0.01006436505065516  0.02048396921176591  0.03189510297686603
  0.04273589015111868  0.05277930661841717  0.06253035932702919  0.07353414737596715
  0.08467073448121389  0.09550638473084812  0.10614783025060237  0.11745031003345206
  0.12859812170860088  0.14001443830698601  0.15148874399313197  0.16301217594340145
  0.17330520892563320  0.18340863415878864  0.19401184378357331  0.20450143613383934
  0.21481683106068306  0.22503592841724132  0.23552698488781773  0.24615680971734499
  0.25668997685030082  0.26719362129820612  0.27814029624573300  0.28957782485000738
  0.30098520361257014  0.31261115875822065  0.32395311186772369  0.33519894901031327
  0.34531373534245013  0.35579057308523931  0.36606777447652439  0.37612867082229434
  0.38594815230535223  0.39616779049176459  0.40673419204858052  0.41726196119317782
  0.42751112338075692  0.43742255403823865  0.44744874722140793  0.45770606647905038
  0.46837290764924194  0.47920967582743762  0.48995330314359181  0.50079891135555388
  0.51116855109600379  0.52147281321797656  0.53120759234360682  0.54115157791923474
  0.55139772961529698  0.56135204364896407  0.57155825462075982  0.58199064991792060
  0.59229200336998999  0.60254782448514110  0.61253090600377358  0.62223766041107609
  0.63243186412987662  0.64292645601420795  0.65422731749964080  0.66585513512378758
  0.67775970960323917  0.68975593319807749  0.70123086926327349  0.71176464107296156
  0.72136388100104409  0.73065087201250378  0.73997226214927925  0.74951423516932503
  0.75949209477057411  0.76954707338050665  0.77972554072523459  0.78971398088218314
  0.80080196934418901  0.81196845776340443  0.82241318877712355  0.83238627154217693
  0.84276276857274091  0.85331315414975428  0.86402708051181643  0.87479386764372391
  0.88499230347568492  0.89509623044927389  0.90525652636460974  0.91572330992857698
  0.92563611649687405  0.93519913282098788  0.94545736900023170  0.95640842408450299
  0.96711616264187572  0.97809231340828084  0.98912084914657483  1.00000000000000000
 -0.00238998779806790  0.00863675855391189  0.01803006680885839  0.02826046848259554
  0.03893319913660796  0.04919779377625087  0.05934484385758050  0.06927041667225055
  0.07947660737851467  0.08972719768383455  0.10014165293114254  0.11124173571291018
  0.12248525576814270  0.13366583332571305  0.14472072732640076  0.15612825915578013
  0.16744089201828438  0.17865145567907689  0.18987866351314506  0.20104418932085769
  0.21182309996524504  0.22220214976615801  0.23272162441832844  0.24376844460747013
  0.25556097703359404  0.26798094366522557  0.28031759306378612  0.29272065692855836
  0.30467845641621571  0.31655748468343620  0.32785411522598329  0.33893143309436075
  0.34985143063208746  0.36019833770186110  0.37004389127953519  0.37997940821882470
  0.38987323789377598  0.40020066006148841  0.41095877354292698  0.42220187838137868
  0.43364659275676815  0.44468025745595102  0.45515703748592590  0.46548353781212315
  0.47573792804751008  0.48651314456546257  0.49813025965233604  0.50954066234858675
  0.52085745712572074  0.53160617252718023  0.54217416705689991  0.55267702972865218
  0.56319393072157964  0.57379228205389643  0.58440826728616280  0.59514234170724689
  0.60549445218117570  0.61545977866307355  0.62529252636289956  0.63552667893797143
  0.64585682436211667  0.65650258282302509  0.66735280824628984  0.67810647105893307
  0.68878116445462700  0.69908726351445571  0.70901796932412953  0.71890691484744085
  0.72876320613291490  0.73845789276368068  0.74797770245260842  0.75747520598946727
  0.76706302426103978  0.77680733140745872  0.78660865588739615  0.79683945034108716
  0.80738799087498569  0.81819984509642285  0.82924018881520156  0.83945161752067932
  0.84913009446673382  0.85848210726409291  0.86794854172756553  0.87752796039929015
  0.88763767078231803  0.89816832311204697  0.90924975516969497  0.92070604536382106
  0.93254792224020033  0.94341541670085993  0.95363217045705340  0.96300556593015230
  0.97228309037554361  0.98169289227389367  0.99095790344942347  1.00000000000000000
 -0.00214394768997701  0.00794048125934047  0.01666406848596720  0.02556390974648788
  0.03414571612329296  0.04277754535679323  0.05166230482425897  0.06099911016799046
  0.07090360111295413  0.08095721258455116  0.09081545065652349  0.10050992362998937
  0.11029499582268144  0.12016147825152110  0.12998458810514268  0.13994742121323017
  0.15004601430296360  0.16009349951849072  0.16997330241199282  0.17978694365688475
  0.18965607617309843  0.19970009596497615  0.21036073331720281  0.22178058686738761
  0.23321896979027829  0.24426744376773440  0.25490166384523022  0.26539335054429308
  0.27619888768514411  0.28729846927224628  0.29834024655997576  0.30927134984263888
  0.32089370382177201  0.33304464663572819  0.34527519117198119  0.35783851834244829
  0.37056494166413506  0.38313441646485619  0.39518345791365272  0.40640777400517031
  0.41714658075418620  0.42779851867919644  0.43843202744658843  0.44897709010052406
  0.45977100198734611  0.47097984069968540  0.48264039719024493  0.49470543135054568
  0.50681554246324922  0.51919866448706431  0.53180827995807944  0.54464942566979946
  0.55736321294033886  0.57029072658503677  0.58304382544168865  0.59522730921094680
  0.60675191893957103  0.61772937351600776  0.62866472737878487  0.63961164778910762
  0.65051631902747598  0.66123204858884810  0.67194181574013634  0.68249867153919197
  0.69306383105014868  0.70374922467900081  0.71457707137194659  0.72558974489850547
  0.73669256604323641  0.74743504199977617  0.75750174886822075  0.76793403650932024
  0.77838879288671203  0.78902675517806697  0.79998816798608929  0.81134168510913984
  0.82197837973497589  0.83185014802120327  0.84220223534433691  0.85230747192029310
  0.86203809431412826  0.87133393244393764  0.88073535576428086  0.89037802036334102
  0.90001823259972713  0.90940013226500027  0.91853183465290000  0.92752764657840214
  0.93634188484528236  0.94502440809664490  0.95358248616625030  0.96227832497653376
  0.97144910023074815  0.98070492313980895  0.99027648442560945  1.00000000000000000
 -0.00268054320637130  0.00984974404472322  0.02088694909528562  0.03242958360475966
  0.04420848426700807  0.05594809107720856  0.06721658324185487  0.07813341873572263
  0.08878228141399269  0.09936853154966874  0.11022492635796025  0.12094069891149509
  0.13181276091991426  0.14271210971784384  0.15361966366703467  0.16459992181291086
  0.17538662849796743  0.18622927715577517  0.19727243288034776  0.20824508805009304
  0.21911548213306881  0.23000823726489628  0.24107239370929021  0.25222357968101566
  0.26338312905164440  0.27443508682245038  0.28512504929596455  0.29548356882484883
  0.30579466402432215  0.31631184487771213  0.32675822840333840  0.33728783608673074
  0.34764443198277151  0.35815580120049367  0.36910148820630334  0.38019032454831980
  0.39117502887788269  0.40162414064435270  0.41157796393539176  0.42158397002197590
  0.43162863169522803  0.44189813404273509  0.45225101492990827  0.46314640594294371
  0.47415090720650999  0.48422916136888317  0.49344097506023515  0.50287076778912820
  0.51226315334065853  0.52161183954167245  0.53088369851399797  0.54023444467510606
  0.55056192914320667  0.56099039180238208  0.57121146698338898  0.58162241886316368
  0.59175575173412809  0.60185315176665810  0.61187332307618159  0.62202178640786543
  0.63186043925693369  0.64150861881500665  0.65163022443270024  0.66213646987195651
  0.67260576371134440  0.68295686977870629  0.69332142663698515  0.70358510126824469
  0.71404260353631643  0.72475408518637918  0.73508737604501728  0.74495143353654103
  0.75482790706930436  0.76497051306939168  0.77526006495337918  0.78590735064136652
  0.79659353518528297  0.80748269151611363  0.81806335384441886  0.82877576099441985
  0.83919078506647538  0.84953891336550591  0.86025553541619348  0.87118738235036408
  0.88231101667070455  0.89320715993784605  0.90448783531216603  0.91556564767352866
  0.92637918796207730  0.93675123333088506  0.94717762862656774  0.95777355681281773
  0.96840030778142283  0.97921323587853404  0.98967359655107323  1.00000000000000000
   1.4379752166386507E-009  -1.0000000000000000     
 T F T F T F T F F F F F F F F F F F F F F F F F F F F F F F F F F F F F F F F F F F F F F F F F T F T F T F T F F F F F F F F F F F F F F F F F F F F F F F F F F F F F F F F F F F F F F F F F F F F F F F F F F F F F F F F F F F F F F F F F F F F F F F F F
  <DiscreteSampler_grid>
  grouped_processes
  1 # 1 for a reference and 2 for a running grid.
  10 # Attribute 'min_bin_probing_points' of the grid.
  1 # Attribute 'grid_mode' of the grid. 1=='default',2=='initialization'
  0.0000000000000000 # Attribute 'small_contrib_threshold' of the grid.
  0.5000000000000000 # Attribute 'damping_power' of the grid.
 # binID   n_entries weight   weight_sqr   abs_weight
    19   10   1.187947161493243E-001   2.542348473886797E-002   1.187947161493243E-001
    25   10   1.855654853152811E-001   8.991898236819069E-002   1.855654853152811E-001
    37   10   1.788560831571810E-001   6.821141552110757E-002   1.788560831571810E-001
    43   10   1.386155065734327E-001   3.652892433930043E-002   1.386155065734327E-001
  </DiscreteSampler_grid>
