 -0.00000001064151265  0.00001274231074892  0.00010078225963704  0.00029159794079282
  0.00058591235257153  0.00096885908772457  0.00143018586643272  0.00195878833170513
  0.00255505557625485  0.00321400655353948  0.00393151117090845  0.00469329287589019
  0.00549467477653242  0.00630781294870201  0.00722752357787476  0.00813421643336759
  0.00911189457453708  0.01010213724028671  0.01109023343840427  0.01215022793443274
  0.01320680970955592  0.01423984917907276  0.01532315599883136  0.01649594459264603
  0.01766168997476745  0.01881284149521453  0.01998814551855769  0.02120208723513012
  0.02239274155621795  0.02358759497948206  0.02477096799537170  0.02594868463570013
  0.02726557424061459  0.02855075446621765  0.02983443998068487  0.03111243817753172
  0.03236977871605396  0.03364420035804676  0.03495401463328947  0.03630956790246013
  0.03770314054347400  0.03909718310703408  0.04049660670787598  0.04189384967707013
  0.04330094007480344  0.04472888707211134  0.04624806022569760  0.04779936263983795
  0.04934239898528542  0.05088312948762351  0.05241784697803801  0.05394241152745798
  0.05547841290357824  0.05702252821609075  0.05859641855641427  0.06019669714181736
  0.06184458867915195  0.06360119148757232  0.06533424994286111  0.06706938856660323
  0.06883672371804628  0.07064774900620481  0.07249452481639243  0.07434139624866185
  0.07611286897675477  0.07790737711451354  0.07974553946500679  0.08169712743380235
  0.08374994497968086  0.08584220091293412  0.08796781121421299  0.09009649787428009
  0.09223288692594581  0.09436797689698677  0.09650598485144792  0.09864425645256758
  0.10074277103008220  0.10286271210718247  0.10513991745427072  0.10762347721999224
  0.11034116615173933  0.11328143504898479  0.11628685285050297  0.11936810647535256
  0.12264565865627464  0.12609705933277648  0.12966809695500173  0.13345038051221247
  0.13757769933453312  0.14277072871158816  0.14940105945168067  0.15718065670907541
  0.16668176023155970  0.18106129761937328  0.19370086432928832  1.00000000000000000
  0.00990585261789396  0.01479654586610653  0.02364593255762995  0.03405586689116198
  0.04456037079019078  0.05526135214099595  0.06596893285882480  0.07680618358344900
  0.08785019169292753  0.09850681557132668  0.10877555488807500  0.11860865663816635
  0.12838257748835985  0.13797397040691370  0.14745461781327965  0.15693519485534735
  0.16636981089497707  0.17574761938336406  0.18527412743649638  0.19524071106856886
  0.20544781462501313  0.21567876349303933  0.22588306616659454  0.23601733521825710
  0.24630329153371916  0.25694029853171346  0.26777386327737879  0.27846594718434897
  0.28924811302699327  0.30074802603422485  0.31241557075378140  0.32344081412636666
  0.33423351249593242  0.34535903696523668  0.35674921642937157  0.36805503264892242
  0.37922468181712798  0.39015819981420846  0.40104838963612821  0.41193803487298203
  0.42271549072881109  0.43322584319357271  0.44372870698190869  0.45425975036514610
  0.46471389014636050  0.47516011226462379  0.48567913181594441  0.49603271644850866
  0.50599846318108843  0.51558943478554697  0.52540679258836076  0.53561562015117525
  0.54638603074004444  0.55739238056045337  0.56833396886383369  0.57929920037043126
  0.59059247528798176  0.60200285087928562  0.61297549591646483  0.62361960030565511
  0.63464167268574578  0.64577304763598931  0.65653931580275748  0.66706376585370819
  0.67794264958213757  0.68906838817353466  0.70025997314838284  0.71101839472441941
  0.72092091154188787  0.73112340967722433  0.74115066751898206  0.75138233377779295
  0.76109612518177649  0.77098427857373542  0.78096682817632390  0.79106706958782969
  0.80105221844325292  0.81090254785299154  0.82108341061359491  0.83137846328018661
  0.84150101918053832  0.85164204507401031  0.86225767913750107  0.87316066365199396
  0.88345752789948973  0.89345584469193040  0.90362671599649980  0.91401134741346246
  0.92446782447443243  0.93505792465455351  0.94601821492837657  0.95731369496995256
  0.96847979923110683  0.97945528514475122  0.98987258160855152  1.00000000000000000
 -0.00286195488120707  0.01107255564220004  0.02240094790048353  0.03327011329310309
  0.04466042073057256  0.05657345717908459  0.06804638246817737  0.07908132472095881
  0.08995481873276158  0.10066395733217287  0.11124527468254727  0.12201936061278582
  0.13284253633495302  0.14367788165622059  0.15396456473317824  0.16426655467677709
  0.17455847773637406  0.18513533322008779  0.19591484111530422  0.20648781469818922
  0.21651588799828581  0.22637915849446072  0.23617472884312038  0.24627999522012795
  0.25641201181837292  0.26671586581044959  0.27720989520615086  0.28808831903719040
  0.29885732878185167  0.30944011939400823  0.32008340067526370  0.33091316733041215
  0.34168732946761560  0.35240374660299317  0.36434368694977420  0.37601176705156547
  0.38785729116935058  0.39957177948949113  0.41157510380808920  0.42352134162828392
  0.43495472170691263  0.44613531667372819  0.45699767063931385  0.46752720245563689
  0.47783243965917505  0.48800660822845932  0.49822053478546924  0.50828333598974162
  0.51816241092309201  0.52819042557472629  0.53834219321436394  0.54855583906162897
  0.55887824314038281  0.56926189869401278  0.57966721314500613  0.58984114587394398
  0.59994761626656434  0.61018533349785176  0.62079764813877458  0.63143687549944094
  0.64182103364832688  0.65202222381569597  0.66190279203731250  0.67199297431468574
  0.68185124148305254  0.69187214001243935  0.70193680775383593  0.71249155967416811
  0.72330904072713020  0.73410483428596418  0.74476160382340129  0.75589887234286046
  0.76728126536253538  0.77784397182991394  0.78814906524968031  0.79854176484725303
  0.80929297347881257  0.81908460158690233  0.82859347939830352  0.83799391564791781
  0.84755696016746040  0.85748761275835794  0.86752880242782759  0.87753994536411706
  0.88745985736003596  0.89735188711665403  0.90738527166381266  0.91710148736520569
  0.92719443346141284  0.93771207742494223  0.94867138373432580  0.95901026053702065
  0.96943258112580200  0.97990278015360943  0.98994886102940194  1.00000000000000000
 -0.00238272973403439  0.00958114934806578  0.01921721866469690  0.02933609237589548
  0.03964597635110835  0.04997946771235123  0.06000857335375002  0.07042674793348226
  0.08106067717468722  0.09236234402497175  0.10380302602082550  0.11525221611152711
  0.12679185005955462  0.13805130984810191  0.14928241787602400  0.16059488828331919
  0.17197937684754971  0.18324646322576638  0.19423680144517205  0.20545198083869509
  0.21696327096750545  0.22812332962921078  0.23876982958091153  0.24899376001425833
  0.25919961284643234  0.26954042369773895  0.27964162186206548  0.28966550723681722
  0.29983778662479321  0.31037321271723800  0.32120535448183524  0.33211614436380521
  0.34317570157598770  0.35428881943898644  0.36541573174074465  0.37602099825464419
  0.38582716314708104  0.39543752497824053  0.40505411982491141  0.41474935792919471
  0.42472116046146896  0.43512075952558976  0.44644797078654663  0.45776307617664919
  0.46843633010447788  0.47872528006595100  0.48908016212056499  0.49934617700626260
  0.50937832628750312  0.51943513849815237  0.52959225246483776  0.54005154013752288
  0.55059285364137522  0.56106972045180681  0.57098045708126233  0.58100858551618517
  0.59099237251589576  0.60144143926053772  0.61206614783820013  0.62262942112747133
  0.63326775799931756  0.64373494530369668  0.65413156747683698  0.66448582363141040
  0.67489513787898125  0.68535784788340759  0.69555477197829518  0.70571176968409055
  0.71612875851858437  0.72667943310517091  0.73719007953005544  0.74737813805822395
  0.75791043692260307  0.76876943214412830  0.78037034961689067  0.79203778533296587
  0.80322188373171932  0.81433397817552278  0.82542012728551228  0.83587919652829035
  0.84578572038501942  0.85571674739914494  0.86617878840465312  0.87640905932786872
  0.88645405041103387  0.89620393111616026  0.90639774685250696  0.91696183834229805
  0.92810328339225467  0.93931001545371084  0.95045965187799819  0.96100762455736066
  0.97083386258001625  0.98055816277145236  0.99020655695265580  1.00000000000000000
 -0.00267436555082205  0.00961051288585028  0.02046368343369720  0.03120721915639627
  0.04220059151142772  0.05266212960640269  0.06330757414092529  0.07384224615660792
  0.08452328586449287  0.09547807441123730  0.10623470248119725  0.11668771212365710
  0.12689864112100521  0.13703886975358062  0.14714414225971201  0.15729670926080869
  0.16744236677251115  0.17769978650882179  0.18809410724310360  0.19864933696204903
  0.20959521955408034  0.22064255454873966  0.23153671692957423  0.24186645076768853
  0.25238977644551747  0.26310130368068491  0.27407269170711046  0.28477338962071003
  0.29565281253295800  0.30685778121452850  0.31788148810457678  0.32861230866318686
  0.33914187072724150  0.34960140010939073  0.36037354592035925  0.37144725576893256
  0.38279974108038756  0.39394355738195314  0.40457851027034814  0.41498589780920780
  0.42561084852255449  0.43658483089839034  0.44762197142930554  0.45855552914144349
  0.46928396641136511  0.47957195162919636  0.48922153795487672  0.49904081353590968
  0.50928911784385145  0.51945556746584198  0.52910625481792029  0.53837922981799469
  0.54804081587914277  0.55769238056523984  0.56720662826202173  0.57611540235075098
  0.58525858285315213  0.59507969038561737  0.60487057269132227  0.61519308799317829
  0.62577156772451537  0.63594080228498540  0.64594879526566318  0.65611660986639497
  0.66616836607388530  0.67627838381671490  0.68638220491741830  0.69704435181459834
  0.70785927582969344  0.71860078182361198  0.72926810790652719  0.73983327902620644
  0.75048431318958797  0.76125162247398737  0.77236264195241733  0.78341552072022835
  0.79449364118883192  0.80614619766977014  0.81756270553033517  0.82892460084545982
  0.84027374840732461  0.85179574218840248  0.86260950823491289  0.87285625797263688
  0.88304458230517857  0.89339551183088906  0.90378738846955398  0.91418821227257774
  0.92515748254798658  0.93612149582110316  0.94650180179656107  0.95644904626811222
  0.96672030430350997  0.97761645474718373  0.98886610358998550  1.00000000000000000
 -0.00255734822338528  0.00970025976117818  0.01980078251769005  0.03067171287809975
  0.04192908172328558  0.05231703329614929  0.06234319810965513  0.07273643117680005
  0.08309004163972919  0.09311350213782800  0.10272971670563555  0.11300039690665856
  0.12333887690313787  0.13366426924804281  0.14405973047706849  0.15498853106424990
  0.16613328439786373  0.17754599960395362  0.18883473350999105  0.20036411892646316
  0.21134015565955638  0.22212027866487760  0.23300534686668170  0.24393758500223894
  0.25427358618770318  0.26404269579188144  0.27442862845243904  0.28545726352817663
  0.29639331741236274  0.30693012568893069  0.31794365996700585  0.32942547626910940
  0.34086140913202279  0.35212066578021839  0.36308174497081130  0.37391621357274807
  0.38487282931865874  0.39594256014213253  0.40688776811053634  0.41761646160993415
  0.42832351004047692  0.43893543709702393  0.44950697312954557  0.46004278657573894
  0.47104709182629434  0.48224633572422093  0.49348671393723709  0.50502422621439058
  0.51628855238831883  0.52752347050882742  0.53854954702744873  0.54925078125251259
  0.55976033661724300  0.57025646170703337  0.58087339310135955  0.59116221127787727
  0.60108101738265207  0.61072001443295620  0.62051484878519259  0.63044115106751664
  0.63993885448440935  0.64922430985895296  0.65850272029827372  0.66805008023903234
  0.67816339612219190  0.68864512853726545  0.69934929088900799  0.71011745463118225
  0.72071852318612339  0.73126673474771253  0.74171950483811955  0.75227732747080078
  0.76256451544254533  0.77258610411364759  0.78265138257439271  0.79310958520435437
  0.80392528620933545  0.81487374782299615  0.82593061495040676  0.83689150712509419
  0.84727104329421665  0.85730532216633981  0.86735551562810653  0.87739994721744241
  0.88677924686537168  0.89597342846576267  0.90546323999930256  0.91514546015926457
  0.92565573634864995  0.93589134666139195  0.94710395160163185  0.95771427647624496
  0.96844977506364927  0.97882253785024109  0.98954874696616968  1.00000000000000000
 -0.00178750743055383  0.00718191814700898  0.01491436503956915  0.02303830317127002
  0.03175924147734905  0.04002060588133730  0.04811387228775917  0.05618682564072185
  0.06478884546435093  0.07472559769338200  0.08459867745413362  0.09393089084250292
  0.10306786006852688  0.11215934238013786  0.12152303950673342  0.13147027731431199
  0.14158276623577581  0.15201276847108885  0.16294995149856853  0.17390350613031008
  0.18495953660802192  0.19566629104950986  0.20645167696045399  0.21783646308488636
  0.22907428169119676  0.24017062371225001  0.25107287810477474  0.26224242404152737
  0.27353533691861920  0.28485900372573547  0.29631248968730051  0.30838117656800079
  0.31991975284846375  0.33129128341064007  0.34275360420962447  0.35474246468556919
  0.36637656985840722  0.37806892646805434  0.39013782015917975  0.40182599951623038
  0.41336464176118648  0.42546205868183212  0.43794041608099932  0.45013976909131637
  0.46226804292152374  0.47477525637513546  0.48674952769715857  0.49811837698452593
  0.50940676581737798  0.52053256642594969  0.53156124310473696  0.54282193980240512
  0.55466358388146952  0.56663873278855115  0.57858029752484463  0.59056136432683271
  0.60285145669172946  0.61506577953392982  0.62722499895023964  0.63843880179845558
  0.64954988019716253  0.66075355622709964  0.67186516688730058  0.68245731157711598
  0.69378303576116107  0.70521745713087858  0.71651353258992689  0.72736471068011843
  0.73815150700231702  0.74886536928202774  0.75970159926593095  0.77078129073094037
  0.78173979275913241  0.79267705999880023  0.80348239750826522  0.81390761980043880
  0.82382703812061642  0.83360470409400400  0.84356688195523366  0.85351221403539834
  0.86346336010172753  0.87354776297220404  0.88332924433754700  0.89260702194850916
  0.90154149890396629  0.91021132756045398  0.91886074666543693  0.92733204400738256
  0.93593513537150175  0.94496370534715890  0.95451149629167176  0.96370841272014884
  0.97259372161395963  0.98138957538423921  0.99061694308812254  1.00000000000000000
 -0.00249650292363131  0.00918445668297278  0.01964472315552582  0.03018098576325421
  0.04089206399087895  0.05137683702973549  0.06162792414888651  0.07193644824463302
  0.08227722202798424  0.09280141791284750  0.10311302888695452  0.11365897016298787
  0.12419334464197183  0.13502327295679153  0.14584293297950987  0.15655538771065045
  0.16701528073563987  0.17725016629295515  0.18711356500753382  0.19656689217526649
  0.20626244761361021  0.21672102528840326  0.22764869967094856  0.23865522530939920
  0.24987945211200777  0.26119148719371110  0.27191046113282691  0.28179867238789635
  0.29151892772026511  0.30141983805123712  0.31140042025415759  0.32145257020366208
  0.33152236517387834  0.34194606951571288  0.35271867930971645  0.36382482977670089
  0.37498482427793178  0.38556247312318137  0.39580695405160571  0.40619831963626163
  0.41666191455760210  0.42674295138099727  0.43656897836024611  0.44642259939593570
  0.45615129604256927  0.46564737381555288  0.47507575918131911  0.48475655844405563
  0.49475943436516301  0.50497082854261943  0.51524037360494546  0.52517511647487625
  0.53462109560510718  0.54416878814031366  0.55391031213591335  0.56341938061369568
  0.57267430333011493  0.58211623860901396  0.59243986013698169  0.60376856869515216
  0.61544292465753914  0.62725038485765783  0.63911856137119294  0.65033984493459640
  0.66094288469195939  0.67131806197035970  0.68174403219616508  0.69218662180762247
  0.70250373203362793  0.71278746670784177  0.72314502796495916  0.73335990989440358
  0.74364689176338272  0.75414738640546430  0.76507769135269921  0.77588707944831403
  0.78647346172456489  0.79733335535338901  0.80865560571548900  0.82005382295041951
  0.83136902228334097  0.84277319318194288  0.85379634323941178  0.86421755512003473
  0.87457595836036861  0.88529777965543799  0.89648352597098258  0.90808673768130743
  0.91978633282716316  0.93127386545932489  0.94285106364806492  0.95477756389519175
  0.96610011863568790  0.97718741190301228  0.98827736363145935  1.00000000000000000
   1.4177396253282902E-009  -1.0000000000000000     
 T F T F T F T F F F F F F F F F F F F F F F F F F F F F F F F F F F F F F F F F F F F F F F F F T F T F T F T F F F F F F F F F F F F F F F F F F F F F F F F F F F F F F F F F F F F F F F F F F F F F F F F F F F F F F F F F F F F F F F F F F F F F F F F F
  <DiscreteSampler_grid>
  grouped_processes
  1 # 1 for a reference and 2 for a running grid.
  10 # Attribute 'min_bin_probing_points' of the grid.
  1 # Attribute 'grid_mode' of the grid. 1=='default',2=='initialization'
  0.0000000000000000 # Attribute 'small_contrib_threshold' of the grid.
  0.5000000000000000 # Attribute 'damping_power' of the grid.
 # binID   n_entries weight   weight_sqr   abs_weight
    19   10   1.465246842791692E-001   3.680419270712861E-002   1.465246842791692E-001
    25   10   1.312652546549552E-001   4.046493621472678E-002   1.312652546549552E-001
    37   10   1.226294183668530E-001   3.015719304563790E-002   1.226294183668530E-001
    43   10   1.465901315669393E-001   3.644706278707777E-002   1.465901315669393E-001
  </DiscreteSampler_grid>
