 -0.00000000494492001  0.00000333543729327  0.00002407504885464  0.00006706842719136
  0.00012841247146370  0.00021169510806229  0.00030746670285496  0.00042057428681889
  0.00055985943629929  0.00070128912937576  0.00084684321852820  0.00099451949207427
  0.00116205733505601  0.00134752855733664  0.00153817158505340  0.00173589737456375
  0.00192565186882773  0.00211206931268324  0.00231445838918670  0.00251710259180046
  0.00272231912210895  0.00297482523488039  0.00321824292878904  0.00345144374929289
  0.00369325009608244  0.00396510310046633  0.00424304870286477  0.00454239042439373
  0.00485411338729561  0.00516776907493242  0.00547780767370197  0.00576928580310562
  0.00603737309750925  0.00630800406202575  0.00658467985909620  0.00685607714015952
  0.00712166493109700  0.00738665355622421  0.00765269997752503  0.00791416614861816
  0.00818882130056428  0.00847199002314189  0.00877991647120768  0.00907866108185912
  0.00937903847070476  0.00967467232031327  0.00997811839060543  0.01029842709058698
  0.01061980825767967  0.01094198079801997  0.01130141392243499  0.01165602161796360
  0.01202848254234846  0.01241707934207301  0.01282018977698397  0.01322016587385636
  0.01361068946234529  0.01399824839603240  0.01439284697894370  0.01482788248219020
  0.01528968537314623  0.01575717695768356  0.01621814187307431  0.01667233988218718
  0.01712429305635898  0.01758723823857736  0.01807557141212001  0.01857128261352603
  0.01905695054060959  0.01953814045973915  0.02011257639544879  0.02065803903897331
  0.02118272970073960  0.02170078344380772  0.02223205962623648  0.02278580447420978
  0.02332341082461955  0.02387311544676095  0.02444839565506016  0.02507192612001989
  0.02576024132827969  0.02650801853058184  0.02734616215278848  0.02822777001084206
  0.02912460975758181  0.03004125809018943  0.03096433132179238  0.03188823457459215
  0.03285085619627137  0.03403143305409310  0.03556103401018576  0.03765225542369439
  0.04025002712295565  0.04363516215035749  0.04905876139189815  1.00000000000000000
  0.00980523612637391  0.01545084676289712  0.02349772699804890  0.03335917265341251
  0.04381674567624320  0.05383463337990117  0.06374547163169911  0.07500054948006389
  0.08601854897652332  0.09626566124672697  0.10713945695876112  0.11878256527650546
  0.13013881514923573  0.14047550584642415  0.15145642309834853  0.16329210460549240
  0.17571132551054555  0.18765367542740538  0.19848807659491297  0.20895326085391003
  0.21917473784918640  0.22944015731133596  0.23963370179494206  0.25039301568929506
  0.26265784051323549  0.27385426502944149  0.28410759486695930  0.29382526591081515
  0.30413954899571832  0.31427133113021954  0.32373114520332125  0.33341304027922225
  0.34311178983699903  0.35296426560217986  0.36325923223337075  0.37367243247662124
  0.38406858460235460  0.39499622771024229  0.40853044802314464  0.42197408289713662
  0.43457922630810858  0.44525376481366991  0.45593712730980640  0.46639115446823237
  0.47694952975452609  0.48767162904494704  0.49875103410669880  0.51030352476160945
  0.52153730001535381  0.53196703336885487  0.54207446302857354  0.55244010267509513
  0.56313377535490816  0.57294135097696375  0.58149117524742922  0.58963101063314349
  0.59844226365357711  0.60904935494843249  0.61956552148326760  0.62952838291879087
  0.63919789775897717  0.64883242056125712  0.66000363856504429  0.67077817620070990
  0.68206958397109474  0.69268301122236642  0.70340505514970342  0.71453991518206195
  0.72542654428847719  0.73440932244038437  0.74271789119088061  0.75145968953957321
  0.76093448341687786  0.77094169750194463  0.78087308266938793  0.79062772717146312
  0.80255666112340462  0.81618608795318237  0.83291708241589413  0.84361585333712763
  0.85340909755407879  0.86244633315917818  0.87115134301123842  0.87976111935349111
  0.88871420667363499  0.89798293933051132  0.91039927625630168  0.92197050800828195
  0.93362773197965665  0.94356402903092973  0.95253945127436535  0.96145225552706359
  0.97162098601235902  0.98239523906831483  0.99095965153060273  1.00000000000000000
 -0.00001793952398850  0.00017479528703965  0.00046053105318407  0.00091490020195710
  0.00144798346539958  0.00210722992852301  0.00291855266391466  0.00386171211682129
  0.00485982031179823  0.00589339496138872  0.00694540519551902  0.00801092436720676
  0.00926709105182075  0.01064134837639483  0.01206538132034620  0.01363995125362978
  0.01544810152385148  0.01735970370823542  0.01934550810940387  0.02132246357108882
  0.02338834737935596  0.02561264281244371  0.02804269443168624  0.03056347733603897
  0.03302546283499868  0.03540051692838778  0.03774337869497642  0.04007873253877735
  0.04225119179898071  0.04439924785351806  0.04674912746590829  0.04930635099128409
  0.05191948671882957  0.05456773912970146  0.05720202786638777  0.06007003369428976
  0.06307766185118747  0.06616897168377574  0.06966307262649214  0.07407188229215041
  0.07844809273033748  0.08290580352214522  0.08746854236706725  0.09204512823979882
  0.09639057613944128  0.10025636998181051  0.10407856273682459  0.10810164580910803
  0.11231588683910231  0.11660694655304378  0.12099026176098084  0.12556830253778306
  0.13045721446380112  0.13574551034227816  0.14130199701192872  0.14670116688185275
  0.15187040420980569  0.15694451252549632  0.16230147027511030  0.16807456225562181
  0.17405149578919424  0.18030603507714682  0.18680986913356259  0.19332016829200774
  0.20032848723582361  0.20894686478557933  0.21744964729315147  0.22569281774261726
  0.23384268123415791  0.24197351962922536  0.25004240252423621  0.25817797050020658
  0.26711526217906240  0.27642878594936748  0.28644251599159753  0.29693953798489231
  0.30807938755211045  0.31981970015923317  0.33154431004567331  0.34386228929846369
  0.35628709184787627  0.36949505728811827  0.38355631890679959  0.39867014575135384
  0.41453770533653267  0.43180204455187898  0.45086029157645713  0.46997045243451313
  0.49154770846087359  0.51538954622715349  0.54366105228162298  0.57856545123322756
  0.62309635207373115  0.68650394505309364  0.79240154540541663  1.00000000000000000
 -0.00290799374886249  0.01436029781218000  0.02948786309041668  0.04537940030210323
  0.06214872501271774  0.08039857672685520  0.09650047873589593  0.11030618885971842
  0.12323868042959309  0.13587575719592218  0.14817982997921250  0.16192667972755193
  0.17584233650984954  0.19083128667745947  0.20759767869863122  0.22330187178296557
  0.23787052287920976  0.25090553058591214  0.26184734604445659  0.27342588209853258
  0.28488626561255670  0.29542026603898142  0.30640870447904256  0.31865909346323229
  0.33118518424007637  0.34314388473108504  0.35458631304625876  0.36652047553641348
  0.37910302237765009  0.39122667811088979  0.40263417426565579  0.41437414194640304
  0.42690096515781023  0.43957677411068991  0.45129583277656171  0.46219890835299060
  0.47271961465665291  0.48227433453992347  0.49212679274901833  0.50378805941758653
  0.51622973948942963  0.52733137797894702  0.53706175951574442  0.54665777919087466
  0.55595598629681364  0.56467320467661009  0.57312255166566517  0.58171647497234125
  0.59079761243629714  0.60021966752823652  0.61014929031050524  0.62026724554775814
  0.63107688826366282  0.64283335548811915  0.65562965457501998  0.66795114150644963
  0.67994888330968994  0.69053102443533720  0.69933165621597082  0.70805044836421882
  0.71720525665751844  0.72613502036481636  0.73496749575527553  0.74341198574108036
  0.75268933389955994  0.76311068320086028  0.77339129024862785  0.78335154798180429
  0.79290095964410234  0.80177578684951856  0.81004835366855565  0.81831311790816841
  0.82629209372031298  0.83518623837514749  0.84446626668165758  0.85386405482916894
  0.86333752751259774  0.87271361833053129  0.88213257982030968  0.89119759999889725
  0.89997881737031915  0.90823677911074419  0.91714495099738169  0.92647804722524552
  0.93504361339091557  0.94205227529284052  0.94822283034992783  0.95448458591539387
  0.96064796221184989  0.96662620202021776  0.97283298391705531  0.97891415716185115
  0.98436133575629359  0.98966046212013459  0.99487766818465062  1.00000000000000000
 -0.00220914879181430  0.01040071010986511  0.02034657475537043  0.03033571345724681
  0.04047082412723983  0.05028860447401475  0.06028753588029004  0.06987231350996141
  0.07993873152280416  0.09041319679603625  0.10135327511379602  0.11267004044810852
  0.12443368279837366  0.13937644036395955  0.15423555587138707  0.16724959564112729
  0.18064353845264863  0.19236263359599562  0.20269880692524747  0.21194327871299409
  0.22077369421145915  0.22939911070661900  0.23783514682746904  0.24622303469209192
  0.25527369289008622  0.26516210792689970  0.27553171365155132  0.28558551463991760
  0.29497748506396471  0.30421881169984083  0.31355962124797176  0.32334518373444965
  0.33326283839459775  0.34418971192751791  0.35643986854610926  0.36931462678248445
  0.38257771268837071  0.39536286261256026  0.40705866112402789  0.41890490741037356
  0.43097038895328743  0.44241285250767887  0.45314242212538869  0.46400161281206109
  0.47544565435011643  0.48700122040530569  0.49883123808524388  0.51113499017772557
  0.52359148598504546  0.53507707336893884  0.54622774976820732  0.55688519943416104
  0.56664973605997071  0.57562456615797908  0.58477999352379895  0.59331442501431619
  0.60164112597448716  0.60987539650396227  0.61799021298336765  0.62637811236565366
  0.63565188354140856  0.64554031399867440  0.65611259090558993  0.66636923146566174
  0.67712656075588318  0.68871615341512427  0.69994554458797886  0.71076603576228403
  0.72116430309744806  0.73125153318936209  0.74110775783501903  0.75066148358630425
  0.76149765926231894  0.77227524557130045  0.78184745355990815  0.79114435360144686
  0.79974438697786032  0.80812558416196167  0.81672739787221960  0.82580365728844818
  0.83528160416220976  0.84533823684847897  0.85608998859151897  0.86793874513853708
  0.88070240470145422  0.89277260726334939  0.90494847183275196  0.91694821079041733
  0.92847504450883245  0.93956239474950454  0.95029871765984075  0.96115911341710303
  0.97142820052641343  0.98143845193355361  0.99053734814693384  1.00000000000000000
 -0.00184287190899305  0.00729932523471005  0.01642450927225768  0.02599132402056402
  0.03636953977882745  0.04712733358470106  0.05812135097388483  0.06980275593587014
  0.08191037235859737  0.09382934614643394  0.10550706741952663  0.11835428914566018
  0.13025016121094427  0.14068133889511228  0.15050770339931704  0.15980843220617524
  0.16908972195376515  0.17845155860870918  0.18791825579320467  0.19715546058495514
  0.20605420480446612  0.21426546951978021  0.22233784517663788  0.23039261346871490
  0.23842475615401215  0.24638514960900937  0.25527474512774123  0.26378728048270017
  0.27194753328848653  0.28012835533373820  0.28947624968164010  0.29920950875589764
  0.30890089749239741  0.31857776521997960  0.32804436880929694  0.33762423014477444
  0.34749499094411768  0.35733389395056081  0.36712272398787360  0.37692380748861870
  0.38621978121965306  0.39497744864643186  0.40423000993517011  0.41330638635207206
  0.42576731868263101  0.43863422301023353  0.45100752556934520  0.46260374222339495
  0.47430189155856617  0.48375144868641234  0.49235937476871644  0.50121503764568998
  0.51031431360302582  0.51919031722043074  0.52765424369053626  0.53611360929069429
  0.54495336748324619  0.55489729320895964  0.56486223302192429  0.57463225463078726
  0.58389210821810111  0.59273978374668290  0.60154210143684772  0.61074702920402757
  0.61964478816395252  0.62867297531185728  0.63851461456385128  0.64996542162087534
  0.66257425323103658  0.67385534348406084  0.68482314697827551  0.69682955789011691
  0.70840454169721911  0.71772445402553320  0.72680502456112916  0.73665858179336519
  0.74706612204648226  0.75685027561433549  0.76681152670406294  0.77952288863386221
  0.79684772407426585  0.81449056749108850  0.83099968915276290  0.84586764589691765
  0.85706444373220847  0.86755742812034464  0.87881546165012248  0.88978677623948965
  0.90118643737869353  0.91247778485192133  0.92627357314057379  0.94607879424756414
  0.96016768175276479  0.97343354832271600  0.98658527098028059  1.00000000000000000
 -0.00246838053354668  0.01094291331919628  0.02091200204069176  0.03084652600188670
  0.04101023215102331  0.05159498936924584  0.06205189663036428  0.07223312182261876
  0.08265594880847291  0.09354945688038156  0.10392074875562433  0.11347408058799496
  0.12281975687056984  0.13294884878524127  0.14383214027605778  0.15422746760008949
  0.16505187161163112  0.17687033680270303  0.18907223772986811  0.20155089158498790
  0.21400801218668500  0.22641395945459414  0.23891752505453764  0.25043657858836338
  0.26015224735722103  0.26992846328680015  0.28063682360851927  0.29128710296261023
  0.30066382961023486  0.31018593467714312  0.32074181781951933  0.33064400428768492
  0.33989174956555102  0.34883309322641554  0.35864619021335908  0.36788931117711127
  0.37673088670538180  0.38554726179774279  0.39520898529859905  0.40553714567776017
  0.41614671542549825  0.42801949845336773  0.44023729508740328  0.45160698029889740
  0.46354024441942948  0.47564348368696768  0.48766104547375400  0.49849035794103330
  0.50909306342714422  0.52023775939070327  0.53215904300797057  0.54463776472676928
  0.55698632036888207  0.56964694525818271  0.58285960911489298  0.59700396478666884
  0.60952299150257216  0.62024256730129856  0.62983398042398453  0.63905758161243609
  0.64857952220798687  0.65843961160923214  0.66899526851480118  0.68030830476464821
  0.69098006317704641  0.70090711299994823  0.71028045184391320  0.71951666830935945
  0.72885108771194129  0.73819287296155944  0.74789317086929885  0.75782676034310670
  0.76788331980193703  0.77733011471369651  0.78630445978669572  0.79537545136033017
  0.80383495162724061  0.81307396360000106  0.82221790916355619  0.83131371026625944
  0.84012842651843611  0.84908302445081363  0.85809969519698770  0.86668727771058773
  0.87506626095028361  0.88362964824748824  0.89284188464800884  0.90274542286644466
  0.91352196437385691  0.92614988949571497  0.94012639875553428  0.95413550218121246
  0.96672851456125497  0.97789530491987731  0.98896423400138889  1.00000000000000000
 -0.00218755489675354  0.00835343795722455  0.01650230405840166  0.02429390887336066
  0.03144115306739371  0.03887726628382109  0.04659674972731171  0.05488980190293916
  0.06348520041977221  0.07252961705678433  0.08240612465261234  0.09304214714950917
  0.10302993592311709  0.11234962768855448  0.12163325519619939  0.13168575814371108
  0.14237398653972461  0.15413893990022859  0.16724966254087439  0.18042936304327095
  0.19312122115083713  0.20563683964105633  0.21740092308063688  0.22783572576680375
  0.23690757827541720  0.24542977816759606  0.25460842803463607  0.26400587386324736
  0.27271344835943467  0.28111569261389252  0.29006867616882642  0.29920319116876343
  0.30839890713672213  0.31809318152597565  0.32831515128620453  0.34061025986984400
  0.35316902638407521  0.36548203148058600  0.37709286305915318  0.38883918422971431
  0.40007386683061352  0.41024429260009515  0.42000744940974027  0.42912974950450206
  0.43861482337562430  0.44814601937130155  0.45778237713511044  0.46764852118708861
  0.47724513383321948  0.48635643243440285  0.49557899654027610  0.50574466478154145
  0.51509298104437451  0.52645864517724472  0.53986783843474662  0.55269839144333099
  0.56585329799896744  0.57846533563446512  0.59047464759832113  0.60201634517539859
  0.61550360515750890  0.62783889012108274  0.63782453646224790  0.64776643056651428
  0.65784427489995423  0.66841752268936971  0.67930837008842471  0.69096625737321027
  0.70301530719141347  0.71391766450154404  0.72376481570878859  0.73315922501154596
  0.74238439550624424  0.75190192024736757  0.76132907195640320  0.77033279653444120
  0.77986678073332316  0.79011156376964753  0.80074924729088492  0.81168224895520058
  0.82347963264562862  0.83569293912472653  0.84754599608206416  0.85972915387348670
  0.87147023929091194  0.88310567904666037  0.89439675730271839  0.90628456388133849
  0.91845765954014780  0.92998032830186095  0.94133703690128157  0.95267678916375076
  0.96415551609392425  0.97595054056019181  0.98789668230512750  1.00000000000000000
   1.5143433449311290E-011  -1.0000000000000000     
 T F F F T F F F T F F F T F F F F F F F F F F F F F F F F F F F F F F F F F F F F F F F F F F F T F F F T F F F T F F F T F F F F F F F F F F F F F F F F F F F F F F F F F F F F F F F F F F F F F F F F F F F F F F F F F F F F F F F F F F F F F F F F F F F
  <DiscreteSampler_grid>
  grouped_processes
  1 # 1 for a reference and 2 for a running grid.
  10 # Attribute 'min_bin_probing_points' of the grid.
  1 # Attribute 'grid_mode' of the grid. 1=='default',2=='initialization'
  0.0000000000000000 # Attribute 'small_contrib_threshold' of the grid.
  0.5000000000000000 # Attribute 'damping_power' of the grid.
 # binID   n_entries weight   weight_sqr   abs_weight
    10   10   2.146197573146889E-003   9.556560046480049E-006   2.146197573146889E-003
  </DiscreteSampler_grid>
