  0.02657028729701513  0.02657750488589367  0.02658487358751482  0.02659240464071520
  0.02660016723500085  0.02660795493401952  0.02661566924776200  0.02662323440430758
  0.02663078959286432  0.02663833371551495  0.02664587902577101  0.02665350651898540
  0.02666121897103247  0.02666900614615276  0.02667687416490078  0.02668489819069706
  0.02669294161512163  0.02670097975360242  0.02670898826041013  0.02671738778562930
  0.02672571436185964  0.02673404634617094  0.02674259941308936  0.02675116195357420
  0.02675975883753712  0.02676835949319905  0.02677686492893675  0.02678551201984565
  0.02679426892631092  0.02680314259877787  0.02681215138032192  0.02682141945538993
  0.02683080233385816  0.02684037545993446  0.02685008635486153  0.02685983644337872
  0.02687009407275646  0.02688001423001976  0.02688988512712273  0.02689982942875652
  0.02691000962925682  0.02692036907278641  0.02693079226901720  0.02694129149531325
  0.02695188041027670  0.02696251787285580  0.02697317265790970  0.02698384268861631
  0.02699454294307643  0.02700573961691646  0.02701826842665821  0.02703089435971116
  0.02704370150380841  0.02705655402651929  0.02706926693421676  0.02708177985003932
  0.02709417505456328  0.02710672863721076  0.02711959038667240  0.02713263175751375
  0.02714575064711970  0.02715943195927987  0.02717400179144199  0.02718870546458876
  0.02720401925356207  0.02721958037115712  0.02723514776834429  0.02725061086236131
  0.02726647959593545  0.02728269927276844  0.02729958851819621  0.02731766841978540
  0.02733657291965694  0.02735586218127770  0.02737540431879590  0.02739483339791948
  0.02741449190839981  0.02743453226647232  0.02745652677956575  0.02748073404736408
  0.02750558877253178  0.02753114338259547  0.02755758306499349  0.02758457371727331
  0.02761492098494894  0.02764855729752122  0.02768350799833515  0.02771991429269752
  0.02776167390857429  0.02780988638278311  0.02786236303821452  0.02792902066876541
  0.02801846498999445  0.02811652091991840  0.02812156270019400  1.00000000000000000
  0.00974788051249830  0.01621591816433927  0.02370467468390436  0.03245961233297136
  0.04121538619247012  0.05000032179851188  0.05903698329937732  0.06860865151914253
  0.07890784133618745  0.08957517048361026  0.10042559556915588  0.11132049809147547
  0.12209019596128091  0.13278453721218816  0.14369943218923156  0.15452821738907979
  0.16480008795280718  0.17460132796652983  0.18435638657240888  0.19452668563295858
  0.20478821726137614  0.21515448825919234  0.22561000417492585  0.23672569890697406
  0.24820372040542438  0.25964737533300658  0.27143406917449042  0.28351066330679525
  0.29539599525577492  0.30512525695796411  0.31443938297648460  0.32364918564866502
  0.33314630578886639  0.34301564783328164  0.35306470032825477  0.36290732794609520
  0.37252371199444140  0.38202479952935214  0.39131889612224174  0.40037105997302164
  0.40942314162649240  0.41907945365521732  0.42947291629292450  0.43985675747135256
  0.44991532963094094  0.46055923878433558  0.47193621930791424  0.48303193182268961
  0.49285620074704722  0.50279563231667379  0.51262949037574879  0.52229203971209204
  0.53147250913977861  0.54120548420453718  0.55157692421785098  0.56249677318927238
  0.57335803744538960  0.58413591674605558  0.59553035028329349  0.60713460986687851
  0.61871028295023511  0.63009797867454931  0.64205139876186024  0.65323845578187467
  0.66444734638246150  0.67481345022735806  0.68572648831220495  0.69623230546248527
  0.70641687133167885  0.71604051852719630  0.72519446599269799  0.73460735656214038
  0.74413948118668827  0.75456344847883294  0.76573373828370594  0.77737900029355733
  0.78932941747658913  0.80097365908945606  0.81215129576733247  0.82308200629678585
  0.83390854956703475  0.84510096043828109  0.85625233688318314  0.86638270226003755
  0.87591892453939435  0.88483840362820143  0.89421373192247311  0.90349335638498529
  0.91324631732477946  0.92357684160447340  0.93461230152696984  0.94538673625225877
  0.95628821830755517  0.96738252829702687  0.97963651071648250  1.00000000000000000
 -0.00267411039746995  0.01103004584144118  0.02253389091876921  0.03440422139380418
  0.04675655593983073  0.05927618259216665  0.07100417744802440  0.08268177567381306
  0.09398205887333674  0.10499681642611605  0.11555809977390062  0.12610214244710646
  0.13722589207390923  0.14866252275213573  0.15993063573276714  0.17084945876116267
  0.18163901242620720  0.19279527638305000  0.20417944238976277  0.21536251860022981
  0.22634146229066843  0.23714256854273177  0.24766295388015849  0.25840658124169141
  0.26956783926820088  0.28133546304181661  0.29289040748018724  0.30387562990014899
  0.31445930970589314  0.32465685524834398  0.33497453933800331  0.34533896877707349
  0.35588872650809994  0.36651046496572709  0.37707919493278452  0.38828034569995956
  0.40031121668831265  0.41297092159088300  0.42483967762134756  0.43581616752228558
  0.44640306530011886  0.45654756298575327  0.46681652039781507  0.47755243442609679
  0.48803107878597962  0.49833852692024483  0.50826965584375616  0.51780890060721585
  0.52692942900009343  0.53614569329628192  0.54595916475651962  0.55653986954501822
  0.56711991081375190  0.57761175170969115  0.58816018746189169  0.59924345652364108
  0.61070712328835552  0.62229112907912998  0.63324129107125005  0.64439368620290782
  0.65626767781030282  0.66815259343290212  0.67844135344719214  0.68813017644313390
  0.69803654747836874  0.70873675776341138  0.71929516854482289  0.72815511447990400
  0.73752170508431636  0.74647337952644865  0.75611028455583529  0.76619390320945835
  0.77702130789547785  0.78869933581192342  0.80023037584448464  0.81229250187002788
  0.82329066532530915  0.83384710576256971  0.84436472040577337  0.85492053992346573
  0.86516099413154701  0.87570235553727704  0.88645620231068867  0.89640652981467794
  0.90568916789274378  0.91492650407087983  0.92383175972668286  0.93217148380772241
  0.93998399187371495  0.94762953075908329  0.95533902767657908  0.96416612419542225
  0.97350048966301472  0.98234040732227801  0.99141822111197997  1.00000000000000000
  0.00762900200485689  0.01847737996693736  0.02938214198788888  0.04139923966511482
  0.05308164746875420  0.06428509423277315  0.07457274532613394  0.08457352604980484
  0.09381297853237058  0.10313146414589526  0.11256817964311039  0.12250620003208815
  0.13283904353751427  0.14311181058995559  0.15329278145120928  0.16349887875985011
  0.17318774269392215  0.18271096344691271  0.19240102982997917  0.20265259930180074
  0.21289353498345559  0.22293809447984853  0.23293512509341910  0.24348294455190000
  0.25431562359252557  0.26538716875775681  0.27644301299571761  0.28765252278600095
  0.29861354674012053  0.30910013638142853  0.31938534869978130  0.32939002841447235
  0.33972545748127431  0.35021773870837641  0.36064527879204017  0.37148965523725463
  0.38237401804731275  0.39371727630067321  0.40451568714391689  0.41590498117616881
  0.42758299673369443  0.43969157543265353  0.45088164973903777  0.46171518504238424
  0.47247039126233276  0.48284924636545351  0.49261512324456230  0.50247314815738875
  0.51252504349591288  0.52303345341463126  0.53354757431573996  0.54421293267542359
  0.55437516132976050  0.56424074548233183  0.57396887024887122  0.58395160196920626
  0.59482216949769462  0.60609496621842440  0.61817430773290338  0.62931820549382367
  0.64049840730163476  0.65046301929140349  0.66045074363234679  0.67038622607806542
  0.68045786657256657  0.69044427229034622  0.70052202218726700  0.71126018485358888
  0.72259002630446023  0.73342968047425783  0.74324593795219429  0.75262278951342376
  0.76158386447313120  0.77057563540176732  0.77994366070871013  0.78986278606954052
  0.80103304692257382  0.81272421457580235  0.82419702761569558  0.83560796014174443
  0.84695973489527709  0.85737243346897296  0.86664833315145495  0.87670755901490427
  0.88658745412488871  0.89580889254306095  0.90467879253885541  0.91382502060708637
  0.92353877408522245  0.93314674391890295  0.94288493272415252  0.95372307178272608
  0.96460999322422114  0.97623579002487237  0.98777847766497218  1.00000000000000000
 -0.00246029079696981  0.01079913260816228  0.02269350344354142  0.03503402339876753
  0.04770435398004740  0.06036421799673766  0.07292555825446558  0.08541111030187964
  0.09738562107487506  0.10858130478173469  0.11902745597465250  0.12903392667180294
  0.13893770007655259  0.14905546330575203  0.15982077115762117  0.17040571886964856
  0.18089642403890774  0.19096266716614607  0.20137884515999255  0.21136370614340547
  0.22110894273781839  0.23034362115835846  0.23965510624147388  0.24948885812866278
  0.25965457870652447  0.26966513646003537  0.27975989127215106  0.28994025740458201
  0.30051626955095773  0.31104221650515240  0.32247112006789658  0.33316356635284944
  0.34377879704561998  0.35435412683136253  0.36577027032375820  0.37696375250351782
  0.38795591203005281  0.39886714460047940  0.40992795089146189  0.42012231554764656
  0.42939555047292233  0.43842621940527654  0.44739710590922593  0.45632023184795867
  0.46526040160207077  0.47385905855229549  0.48339799549987583  0.49436598375096663
  0.50625444229535244  0.51800713311646551  0.52938836876012718  0.54028140914063028
  0.55059170088398912  0.56104679193495022  0.57157796419612472  0.58238234369141662
  0.59319451144735058  0.60430536330538842  0.61582385246365501  0.62645955568542688
  0.63577837028754225  0.64511055389231564  0.65533080112694808  0.66600853805972449
  0.67675680194146948  0.68792736518785635  0.69952787425714935  0.71105539299903320
  0.72119494720136845  0.73133256479312958  0.74096296333016010  0.75073568890501052
  0.76053947085847662  0.77061134554430444  0.78098628514397572  0.79224871016654341
  0.80328763781728330  0.81360213593265063  0.82323884453868157  0.83255482016901483
  0.84206812987935087  0.85228261653902271  0.86308657134630640  0.87385060763731615
  0.88428727506992288  0.89518122572077308  0.90625932368264106  0.91720611036980992
  0.92726317692123406  0.93709440879436312  0.94712683067711612  0.95724185154553054
  0.96789721617408564  0.97887995812455486  0.98979888407314554  1.00000000000000000
 -0.00059188737872756  0.01169879063777937  0.02114313063600237  0.03135043212693678
  0.04174770530675807  0.05202978591441786  0.06193076300800820  0.07206061737383550
  0.08236580262544706  0.09250995754013275  0.10277638395237680  0.11297993445145828
  0.12314938252839223  0.13330283788337866  0.14363080024258906  0.15423078071614368
  0.16483407760876867  0.17481966096316065  0.18524299734102109  0.19624596559527990
  0.20757699654683326  0.21794187565198639  0.22740787493141601  0.23703227336004687
  0.24661346449218433  0.25626571194482400  0.26536432805061089  0.27427094017560688
  0.28338197329333165  0.29291206036649930  0.30314220866743902  0.31372589186450839
  0.32482912034594269  0.33651039803856181  0.34819430293931158  0.35943177721706770
  0.37010261015110596  0.38089432908491155  0.39150986037129754  0.40163749423498052
  0.41157660040033434  0.42173762953932714  0.43206025975153606  0.44228141862029724
  0.45191561804480729  0.46157689387307760  0.47148467548675754  0.48161103388876031
  0.49240548487385682  0.50291532337226430  0.51319070928282762  0.52380798834896125
  0.53469058363415012  0.54596651013370212  0.55693890177655292  0.56788708863559656
  0.58057099660841127  0.59252182567664535  0.60596648923834717  0.61813652165377198
  0.63069192444870070  0.64213510623685377  0.65295788514061792  0.66334060317604271
  0.67363189196565376  0.68379734023368344  0.69368466679569585  0.70377413431101454
  0.71453308260512427  0.72551665178314639  0.73643382412531444  0.74715690679129210
  0.75753356578486641  0.76775435067274256  0.77805567285866184  0.78852556360334236
  0.79905996340949459  0.80919943470186884  0.81877429026872384  0.82823426546782297
  0.83806644112283246  0.84850804997829399  0.85909535901242007  0.86965484018684602
  0.88060018648491933  0.89197581791318581  0.90329685253852221  0.91429437898650090
  0.92486333501981755  0.93540788707129807  0.94577003437120255  0.95625149461464265
  0.96660714150730009  0.97743339996846501  0.98892266452601918  1.00000000000000000
 -0.00148402009783513  0.00641304561406602  0.01389526745736085  0.02146471068591984
  0.02930270707335064  0.03758472003916034  0.04592546841824382  0.05552465111315733
  0.06465432638990101  0.07341858842847340  0.08209480183911010  0.09065379741600496
  0.09963725509777147  0.10914180662519085  0.11920503000642127  0.12892954051881172
  0.13817783930178393  0.14768480490403679  0.15777655839597352  0.16810488229659831
  0.17867220845143372  0.18887160957996979  0.19921742014000515  0.20895092680889563
  0.21869812817086023  0.22858096796478258  0.23870104830707975  0.24867461044526365
  0.25882213648970809  0.26910526083393066  0.28069511961798366  0.29203648114981023
  0.30348502764407143  0.31419862241394891  0.32431358639958874  0.33443020922265482
  0.34471181216624652  0.35534052821852724  0.36593981879357917  0.37680514379557012
  0.38822972264352773  0.39985916969117391  0.41078640433067309  0.42129033503125751
  0.43194721395888636  0.44253555702475889  0.45343315987374488  0.46394375447144032
  0.47451071839744019  0.48528200464991339  0.49569190685373354  0.50572820255037565
  0.51567438228884666  0.52604515438260901  0.53766968696411888  0.54914530558993013
  0.56109547652766334  0.57254777702198045  0.58360400472823848  0.59457182875028647
  0.60555474364455131  0.61667016789319973  0.62803024864376600  0.64019476363697836
  0.65222545623830563  0.66360113098873530  0.67514709062006362  0.68674469409857242
  0.69747719354372006  0.70806286001917262  0.71862484368117463  0.72885017267141006
  0.73892414834267350  0.74963565338965921  0.76138061171169547  0.77342334462132534
  0.78502007253782047  0.79600064920624281  0.80709853799022191  0.81905352506396678
  0.83151433339474190  0.84408019276668178  0.85669894243091149  0.86915522323044703
  0.88093108872596615  0.89199188217631542  0.90378438154068186  0.91565093498065475
  0.92701946588066553  0.93784219037433281  0.94815697612160477  0.95875603915526908
  0.96878504278769806  0.97847470204078690  0.98889825840835299  1.00000000000000000
 -0.00208235418479668  0.01074311808656513  0.02058245181986765  0.03058704420257998
  0.04094850664357675  0.05147439044732424  0.06202803587600070  0.07289725495831252
  0.08401292047203821  0.09520319600973119  0.10661870397426126  0.11817498516546462
  0.12974557238439516  0.14048029137020293  0.15121058917522953  0.16180667950752353
  0.17255651701398578  0.18279164882309470  0.19293823573535987  0.20324475867336769
  0.21430345270769016  0.22591327681659179  0.23743921757306469  0.24880546779822488
  0.25986863750903644  0.27030391572198192  0.28045248101134279  0.29060077796302536
  0.30087368253002883  0.31146684478323783  0.32250261624021992  0.33471811080444880
  0.34566847824975683  0.35641695917694161  0.36699123264477884  0.37809268734711771
  0.38926652144227253  0.40064972729928028  0.41236601495729674  0.42422228759587161
  0.43564852276902288  0.44636879344150743  0.45655264507769044  0.46675879822513522
  0.47733640557624080  0.48812547856670585  0.49928054555757928  0.51044042125919087
  0.52195784624050889  0.53331215292454714  0.54435234390075726  0.55482827240175692
  0.56497396008061251  0.57451125557104477  0.58445877707278227  0.59463118312480068
  0.60443246704099696  0.61377890561599402  0.62324741133766903  0.63314404429172078
  0.64352043543098303  0.65384578025588680  0.66399684667734193  0.67382053886253723
  0.68351374574281609  0.69318951438694665  0.70355487031109110  0.71498199426204379
  0.72676730323589378  0.73784970437007991  0.74867123647662448  0.75841245329954454
  0.76845428944049254  0.77758638656972034  0.78607634676087113  0.79434359903139429
  0.80295306747489459  0.81205348107280428  0.82138687845399849  0.83074879223928011
  0.84072352874770651  0.85119207532345698  0.86141516701981624  0.87118091505433159
  0.88117391490240171  0.89235386566341646  0.90343849425504597  0.91510505170148237
  0.92692011601989999  0.93931643357386563  0.94947654723402353  0.96033413266728429
  0.97092809274111613  0.98123225796434710  0.99073397617360559  1.00000000000000000
   6.8061555042579966E-014  -1.0000000000000000     
 T F F F T F F F T F F F T F F F F F F F F F F F F F F F F F F F F F F F F F F F F F F F F F F F T F F F T F F F T F F F T F F F F F F F F F F F F F F F F F F F F F F F F F F F F F F F F F F F F F F F F F F F F F F F F F F F F F F F F F F F F F F F F F F F
  <DiscreteSampler_grid>
  grouped_processes
  1 # 1 for a reference and 2 for a running grid.
  10 # Attribute 'min_bin_probing_points' of the grid.
  1 # Attribute 'grid_mode' of the grid. 1=='default',2=='initialization'
  0.0000000000000000 # Attribute 'small_contrib_threshold' of the grid.
  0.5000000000000000 # Attribute 'damping_power' of the grid.
 # binID   n_entries weight   weight_sqr   abs_weight
    10   10   1.832253863125895E-002   5.295890241567944E-004   1.832253863125895E-002
  </DiscreteSampler_grid>
