 -0.00000000580490727  0.00000282309273966  0.00002011573399769  0.00005755306742755
  0.00011454765515934  0.00019316330541543  0.00028703527737472  0.00039406389856536
  0.00051525758700936  0.00064257885958843  0.00077786143979521  0.00092654252517816
  0.00108994121203730  0.00126051270765420  0.00143645105929782  0.00161590719261122
  0.00180805917719476  0.00200639133125882  0.00220373174093118  0.00240981056935273
  0.00262922459453356  0.00285366997576146  0.00310438051419860  0.00335965232620902
  0.00360393925442226  0.00384848933080489  0.00409994387147532  0.00435222066662017
  0.00459791979384261  0.00484790792932794  0.00509914274303506  0.00536953951411359
  0.00564372452543008  0.00592050639738276  0.00619312169883319  0.00646971567324765
  0.00675749610511142  0.00705466303282791  0.00735976691115060  0.00766646698110360
  0.00797043738438007  0.00827653961978039  0.00859166656584273  0.00893513096330580
  0.00928612667478863  0.00963602738890946  0.00998447125660487  0.01032760920267189
  0.01066352466294895  0.01100482883839197  0.01136215408837916  0.01173345532962284
  0.01210639213041215  0.01248505889531803  0.01286818989417272  0.01325076144166279
  0.01363392815486655  0.01401098664539206  0.01441520846583791  0.01483291988884112
  0.01526403930390694  0.01570241273396410  0.01614048646027024  0.01658052089209785
  0.01703008064178968  0.01747331611571058  0.01791342830276634  0.01834483851194120
  0.01878214866306454  0.01931035792178790  0.01983558640171215  0.02036408528938448
  0.02090562827458441  0.02146358094547879  0.02203559461871503  0.02264904568431720
  0.02326140884488623  0.02386548147505069  0.02453644455389387  0.02528136503564044
  0.02603958700483648  0.02683165612018818  0.02765109668725909  0.02848741226720489
  0.02934561041860520  0.03022492709622564  0.03111459443027857  0.03210916091891209
  0.03353603098337824  0.03504324514463272  0.03665274551275535  0.03845747421703698
  0.04081642102648793  0.04479327327022287  0.04847022789799070  1.00000000000000000
  0.00977148533108865  0.01491667052626273  0.02387334333030317  0.03515252799220809
  0.04694531150038100  0.05908857061125151  0.07039448658171607  0.08115078441019824
  0.09138353869587144  0.10148500255498435  0.11156685890668833  0.12181444395377565
  0.13184422923165773  0.14166260040753895  0.15158669540559463  0.16189821390221831
  0.17269739380240029  0.18371194784577227  0.19538240275377902  0.20749698451877727
  0.21904790846972122  0.23029294886159693  0.24115192687560247  0.25202198678293686
  0.26285653749615667  0.27308601564231261  0.28252752485038524  0.29177096244471945
  0.30134778616303964  0.31131811191816244  0.32108747813488175  0.33062861318641545
  0.34023993829205201  0.35005118911045807  0.35998251433821732  0.37031736796243458
  0.38130715622981992  0.39269723149586627  0.40385906393467863  0.41473208756078217
  0.42520809819127253  0.43546521325967880  0.44566412870968530  0.45620359716620362
  0.46725446022875022  0.47876765979982133  0.49039226510493528  0.50147457164503684
  0.51223743983740555  0.52327071984841700  0.53441542322434055  0.54587125191745078
  0.55668164130101661  0.56763570121668316  0.57854580026226254  0.58935218897873798
  0.60039321970990644  0.61100548507894015  0.62131400600000664  0.63076357555390150
  0.63997647742372321  0.64923649861103694  0.65841550918916902  0.66764055144357992
  0.67748286906930344  0.68693365737107548  0.69710475199196564  0.70751821520261371
  0.71827377118495195  0.72881635630396646  0.73950046877242193  0.75004778938749317
  0.76040313345303001  0.77029710931599782  0.78030663445911796  0.79063269564525829
  0.80041309601795463  0.81029566628301042  0.81998260986074845  0.82958439908866455
  0.83904024494898199  0.84842199275255048  0.85849675704396833  0.86883098488664356
  0.87891403617230179  0.88927553478093635  0.89923939249761020  0.90904641234596739
  0.91884816554059323  0.92887351311565669  0.93931282848140529  0.95005818280626619
  0.96141596289833275  0.97443007769216716  0.98731300461823346  1.00000000000000000
 -0.00266964831994549  0.00971057966344864  0.01996083476060079  0.03061671519071529
  0.04070778411075927  0.05068692670951377  0.06061583797201791  0.07078402516057355
  0.08081133594310896  0.09079272788104931  0.10130299454461272  0.11179658832454403
  0.12195183384323510  0.13252411397192584  0.14317443337075439  0.15369686036396149
  0.16380864586397981  0.17439233372356630  0.18489779521849722  0.19474528075539385
  0.20441706744297899  0.21472863978414281  0.22610591478923883  0.23693685096865680
  0.24737383988423003  0.25885856009544594  0.27052915316734505  0.28179574129757312
  0.29236246697805124  0.30271427978011595  0.31260545779968590  0.32256685580779187
  0.33228445587848998  0.34180299616927617  0.35124988607586888  0.36213227173158535
  0.37327771224643347  0.38520774520199619  0.39701438261908167  0.40964698754117496
  0.42122013761733379  0.43248801000289322  0.44398291654570748  0.45591329195420766
  0.46731694531947021  0.47826711243311953  0.48908923409250149  0.49986307051982448
  0.51028444761353031  0.52066627302145951  0.53077795191685972  0.54065731843051223
  0.55053103111769530  0.56044411065043753  0.57055632519503119  0.58072571239418802
  0.59137144058102920  0.60202252193759431  0.61436318231115039  0.62635942337111483
  0.63819515242146663  0.64946141890630460  0.66026254768057824  0.67069923794505870
  0.68043846798677388  0.69038572876090609  0.69991848347179353  0.70970413823571343
  0.71900427898683694  0.72804373874562944  0.73788273510735802  0.74813573956113144
  0.75916320627436951  0.77047412853564823  0.78159640646700812  0.79267206222218733
  0.80291623627420461  0.81351627707328356  0.82387042425144696  0.83435245261586810
  0.84504064324527395  0.85649969837276740  0.86860997111880667  0.87971029231678277
  0.89046668960156850  0.90076180234292968  0.91082999494663786  0.92104522597595562
  0.93118372077192868  0.94112002803950356  0.95048447561142135  0.96037664549553048
  0.97113184470253133  0.98133884837399221  0.99084172381429148  1.00000000000000000
 -0.00296945663375710  0.01085069361728058  0.02263743350870145  0.03386608277852478
  0.04459270967240880  0.05501695119314550  0.06536141946686733  0.07533600181213755
  0.08535692400908518  0.09539559586023416  0.10571413660386708  0.11534969361105550
  0.12488661624524587  0.13501512948329714  0.14596685146873062  0.15611133622125908
  0.16724893944555194  0.17768154420323895  0.18823537287391032  0.19845929699174777
  0.20896095375295617  0.21938217455768519  0.23017752383102019  0.24101892508792794
  0.25152816352689689  0.26121347471717843  0.27122291684698246  0.28164643871937534
  0.29171895466660613  0.30131044228838127  0.31093928292721901  0.32103300421817205
  0.33174225111969230  0.34317775451829813  0.35517852226990587  0.36680640422640109
  0.37911192337889510  0.39290076360394993  0.40446007516349014  0.41586483798148305
  0.42694772795381863  0.43830237051916582  0.44861805771942825  0.45893745985679274
  0.46936169156372082  0.47975713350703586  0.48998229632240226  0.50039171668025806
  0.51093807855214746  0.52093746077277747  0.53045435735530333  0.53982481606682842
  0.54936500261860510  0.55918668013505446  0.56923239289290894  0.57941012755436871
  0.58968803394219838  0.60081243137853979  0.61280458697526607  0.62536315248695495
  0.63732311972754885  0.64849244393874939  0.65898861619765425  0.66921770514119039
  0.67955761686270910  0.69010292950099994  0.70017705145742981  0.71043110313710500
  0.72108769990427235  0.73163119458862613  0.74126108602571028  0.75142870570520892
  0.76200279833725104  0.77233221932524687  0.78285187138480261  0.79301063089134272
  0.80358713889923916  0.81420503119226706  0.82515532159419303  0.83575993072647281
  0.84550637350954028  0.85485100190091801  0.86452027071391746  0.87441695871882819
  0.88472811440612276  0.89514533187487366  0.90475920665730436  0.91501381721171771
  0.92566672976851827  0.93648880049764183  0.94713282132749887  0.95749096123543409
  0.96819638045214007  0.97905340553963804  0.98942327021628529  1.00000000000000000
 -0.00240692570246137  0.00901318618592658  0.01901513467421809  0.02917411023297990
  0.03967678541884087  0.04905737442205656  0.05892036512430172  0.06933686557779321
  0.08045005234377270  0.09032076467774247  0.09943746028644633  0.10863795452016879
  0.11883287449770069  0.12871622048570475  0.13833498376992903  0.14784327772615558
  0.15714761354441414  0.16648688304772552  0.17599878684271644  0.18614668959764105
  0.19659970081741363  0.20754645370868668  0.21929115162059504  0.23114069456633105
  0.24301945423523466  0.25444129406771521  0.26493568938912160  0.27550076224493453
  0.28599824319960293  0.29596538423596119  0.30542978383483449  0.31505523827991738
  0.32492212425075023  0.33503544736308360  0.34507612366724089  0.35501073814166900
  0.36550587374103038  0.37675233580729006  0.38874365139208217  0.40072991892049808
  0.41189247172282178  0.42317902360815940  0.43419747097168793  0.44600964270003168
  0.45789800806673231  0.46912400756011163  0.47971464060080959  0.49020408390691816
  0.50063461103937668  0.51092226111836103  0.52110917173446691  0.53056340674929103
  0.53973115691157980  0.54913300911745677  0.55927275666931664  0.56985439412812355
  0.58013833422632799  0.59100580808279024  0.60172309581159633  0.61266917520608566
  0.62319743386715265  0.63365264867322180  0.64403020552329071  0.65443885174747995
  0.66487605961920027  0.67631643844771872  0.68849708521795927  0.70095127695943749
  0.71344172456753796  0.72533325127250237  0.73685394205127575  0.74771533056610673
  0.75828843057392503  0.76872796310780689  0.77894839415186623  0.78936382258853022
  0.80032512869609662  0.81136298695568632  0.82292702664076711  0.83425734206769742
  0.84608520365383710  0.85744841774593705  0.86861535124344724  0.87938185475943642
  0.89013863820199979  0.90002766190744143  0.90951194434061688  0.91886898248869353
  0.92818766048227275  0.93743841643129033  0.94666586088981908  0.95652272387350767
  0.96706792710934686  0.97804646104185045  0.98894797478346175  1.00000000000000000
 -0.00264175913126094  0.01005396049167045  0.02032617644713272  0.03047037543734934
  0.04080241628779725  0.05084555174549485  0.06092829201496236  0.07065498055152215
  0.08038936250910803  0.09043090693600089  0.10092686491926210  0.11210886721167077
  0.12339344218364104  0.13455999743759564  0.14579442405852822  0.15715023463718714
  0.16890453346623044  0.18064901422804269  0.19240294690061707  0.20404263161047867
  0.21551948511385283  0.22615712532994178  0.23644621393238630  0.24640116271868065
  0.25629572945663592  0.26581283058484928  0.27551931611366498  0.28586171932707982
  0.29681742790112703  0.30768694766031784  0.31808441734562004  0.32824509738731805
  0.33886825193296388  0.34938439966464391  0.35946183513261970  0.36926272581614400
  0.37937056629880567  0.38986641833579300  0.40053637069670950  0.41089090295969061
  0.42034896241282071  0.42953492398870685  0.43908817775043846  0.44982522621854665
  0.46069092164789466  0.47163081677427338  0.48237293568179279  0.49412743092622957
  0.50551015514452990  0.51716265129839267  0.52781299322494390  0.53802876327023985
  0.54824258629894662  0.55839685182251408  0.56875305344350646  0.57879904571868246
  0.58874991408144250  0.59862257452993817  0.60854100909997533  0.61921913461615918
  0.63038081328714601  0.64132243287510582  0.65217192854059614  0.66238267596051181
  0.67272828619091363  0.68211898221164513  0.69145826839334212  0.70057491406793226
  0.71012093558670564  0.72022522100294839  0.73020922428329327  0.74030166520846019
  0.75031856079388592  0.76119632979481355  0.77245184060580674  0.78408245929383136
  0.79499456495997056  0.80616242131367777  0.81702519209722457  0.82800724160787698
  0.83856912479902734  0.84896884304596054  0.85970430444785184  0.87078098249064628
  0.88175115565542350  0.89296245658153017  0.90502039465212458  0.91707064334706379
  0.92785416140324894  0.93817893089424476  0.94871445914364350  0.95936812017431705
  0.96956782070346959  0.97949662316159192  0.98974321379971131  1.00000000000000000
 -0.00234579094273850  0.00853786218284238  0.01821371489339513  0.02773328244471733
  0.03719927364246063  0.04663022922981812  0.05599793297033590  0.06543018239419898
  0.07502699886129421  0.08487724968390274  0.09491658993312996  0.10517476902103891
  0.11571677225434149  0.12622695822801944  0.13672354497745867  0.14734235699607731
  0.15795440324987084  0.16841140844267177  0.17870359991639365  0.18919482197554799
  0.20005840852851858  0.21110742590164400  0.22260867884143240  0.23444442654530345
  0.24598451224906995  0.25708419523441445  0.26888749522231314  0.28226988393818542
  0.29661008347186629  0.31018642727430162  0.32281770598062343  0.33515807767173839
  0.34746400307123049  0.36018311451359253  0.37293745666069372  0.38525786613056917
  0.39728552543530476  0.40960790146044629  0.42172613963636718  0.43316470202168361
  0.44436401682900623  0.45561872946745585  0.46682834861629563  0.47791518197418775
  0.48983087938345987  0.50292238297915415  0.51743915473413782  0.53147947550675168
  0.54525817919572961  0.55883933988942969  0.57097006289329344  0.58270801919038351
  0.59464942030228463  0.60744395569423248  0.61961284445195008  0.63116275669861688
  0.64252238375559656  0.65363544763116033  0.66455800773423390  0.67511535067825579
  0.68568485207514707  0.69778773414243722  0.71035054512439999  0.72218005075596015
  0.73369687658804461  0.74495411229473141  0.75555192257905035  0.76520163273127684
  0.77447159366635310  0.78350427976086812  0.79251997132723229  0.80124603747083278
  0.81001668133397331  0.81885163626567115  0.82768528607414626  0.83651956489789181
  0.84539368400178638  0.85433374669192785  0.86334717168006536  0.87222565014662845
  0.88118917564177168  0.89018557517997510  0.89919684344594186  0.90837326485782177
  0.91769415095487550  0.92695590521446081  0.93585838213016681  0.94389307585218596
  0.95181684860368720  0.95959977786760331  0.96674875130450444  0.97381539460294098
  0.98070966317915031  0.98720261986522739  0.99380237978685915  1.00000000000000000
 -0.00233520509698742  0.00926104077830714  0.02018692837024146  0.03140800343405904
  0.04339416234045370  0.05531090660809568  0.06646981581066315  0.07691154954913136
  0.08696782803347287  0.09652858607143133  0.10633869055369760  0.11597731244836770
  0.12542981828739547  0.13482706707879288  0.14481056805083597  0.15555730177357485
  0.16665127541216326  0.17757394246843347  0.18895681554448934  0.20047956606648751
  0.21152371416966312  0.22188410694169319  0.23202460014688384  0.24201164359004834
  0.25197388261471321  0.26198382190971620  0.27238657573753061  0.28328097250896717
  0.29403078859353299  0.30402173306268293  0.31346273048531281  0.32278125108685574
  0.33232715420112530  0.34192474561614633  0.35145936904331126  0.36129791566961017
  0.37150218000907714  0.38131109749430864  0.39088857473886207  0.40107359295748107
  0.41142783937963190  0.42125299172816233  0.43031964088869923  0.43984232963939301
  0.45041090008088935  0.46128220319544355  0.47182821342174269  0.48200381212624455
  0.49229594516653291  0.50270627499786436  0.51323190880623126  0.52349208466373431
  0.53352290907848121  0.54384145566360320  0.55491656467504868  0.56616760530371724
  0.57690373889405744  0.58713065167496625  0.59709238710368162  0.60710815779848482
  0.61725192969377585  0.62740921897196311  0.63740127143650571  0.64741004288585935
  0.65787603342329193  0.66878233375392304  0.67968311067988829  0.69008652535190662
  0.70030788455031456  0.71057604911859740  0.72114903642992645  0.73214702523090769
  0.74372846749778432  0.75567266945600287  0.76758036048894351  0.77933187729893949
  0.79115211485115733  0.80326423280030357  0.81553936568728391  0.82750996715593927
  0.83892330675493343  0.84967057399831913  0.86027372614794162  0.87079182036687741
  0.88131758783113789  0.89158536683157308  0.90226680056162190  0.91351239519978888
  0.92496574186303548  0.93624873873132453  0.94727962426657275  0.95852761515303686
  0.96928903538069910  0.97998631084070931  0.98969243490334990  1.00000000000000000
   5.4026624170712112E-010  -1.0000000000000000     
 T F F F T F F F T F F F T F F F F F F F F F F F F F F F F F F F F F F F F F F F F F F F F F F F T F F F T F F F T F F F T F F F F F F F F F F F F F F F F F F F F F F F F F F F F F F F F F F F F F F F F F F F F F F F F F F F F F F F F F F F F F F F F F F F
  <DiscreteSampler_grid>
  grouped_processes
  1 # 1 for a reference and 2 for a running grid.
  10 # Attribute 'min_bin_probing_points' of the grid.
  1 # Attribute 'grid_mode' of the grid. 1=='default',2=='initialization'
  0.0000000000000000 # Attribute 'small_contrib_threshold' of the grid.
  0.5000000000000000 # Attribute 'damping_power' of the grid.
 # binID   n_entries weight   weight_sqr   abs_weight
    10   10   1.175938262036699E-002   2.769489537157024E-004   1.175938262036699E-002
  </DiscreteSampler_grid>
