 -0.00186689200989939  0.00985813284388550  0.02019371017978717  0.03094683919035276
  0.04173572250446316  0.05258169685133898  0.06345452331556795  0.07438987249287272
  0.08535407070238757  0.09637024274007149  0.10741144356878091  0.11849840313699507
  0.12961265165140182  0.14076640996679682  0.15194929996106121  0.16316430708040616
  0.17440619217841752  0.18567443921188384  0.19696264000345037  0.20826071539905325
  0.21957884690441448  0.23091954547551752  0.24228861279727673  0.25366439989555756
  0.26504270351611076  0.27643000959968816  0.28782903904387874  0.29923715905750237
  0.31065238707748960  0.32207582191382456  0.33350417582674802  0.34492830157215637
  0.35634744292348525  0.36775581023213955  0.37914396349272367  0.39050915733560959
  0.40185598735482908  0.41319249683197096  0.42451805874150461  0.43582970700502399
  0.44712358752552761  0.45839549459666878  0.46964347548761393  0.48086616769130702
  0.49205812363147994  0.50321362832156935  0.51433737690374115  0.52543123841859074
  0.53649432028794941  0.54751486050747744  0.55849591388148534  0.56943329918956564
  0.58033109074973421  0.59118115215389211  0.60199098964163478  0.61275002146941515
  0.62346621374839717  0.63413067186276739  0.64475246290828003  0.65532531055404541
  0.66585888190533771  0.67633457288741972  0.68675894278321792  0.69711337310219712
  0.70742044773470725  0.71767409444101216  0.72788963191179501  0.73804518596883606
  0.74814348195175073  0.75817786165779077  0.76815804940910759  0.77807632498714108
  0.78794168271889620  0.79775738136702135  0.80753057125221062  0.81724863556924587
  0.82691029057775933  0.83651608345433515  0.84606060035641395  0.85554271692168071
  0.86496476286984125  0.87433627516415746  0.88365480383746420  0.89292231866083227
  0.90213694986662818  0.91130434556118656  0.92042045194948441  0.92947654866832241
  0.93848029325427906  0.94742485731170334  0.95631454667084603  0.96514185251233531
  0.97390552382887774  0.98263548081628771  0.99132013714078282  1.00000000000000000
 -0.00231254400649866  0.00970272707239896  0.01985969246072368  0.03040945849528637
  0.04094216493677288  0.05150877154418451  0.06209493156161480  0.07269074263623977
  0.08325362920325545  0.09383827981465497  0.10442575231468147  0.11499081368555469
  0.12550078248505822  0.13595819844627655  0.14643165049310630  0.15693886876404531
  0.16744270124780961  0.17796955134716608  0.18846313795906891  0.19902865262430408
  0.20958703666141834  0.22012746821783108  0.23062534716085273  0.24114293515352131
  0.25165375675256463  0.26217534219696520  0.27268059374335163  0.28320207535989905
  0.29370231549100212  0.30424382383062043  0.31479070227897699  0.32534755869297460
  0.33589813685531733  0.34642923157741506  0.35697336068285584  0.36749685722072523
  0.37802487446512612  0.38848334538589102  0.39892401714556341  0.40938925469210830
  0.41989689108233103  0.43039346396340983  0.44087962429233896  0.45143074036066788
  0.46202343541615631  0.47265445232777770  0.48323496040719860  0.49379206646910212
  0.50432652391070931  0.51485657710018540  0.52537894094493209  0.53589158702170880
  0.54645145612068058  0.55701220374563931  0.56758772024041915  0.57815348564977342
  0.58878665395544028  0.59941831699069759  0.61001603493729994  0.62058078048060838
  0.63109222967004397  0.64162629106788105  0.65215015251884845  0.66269163049666935
  0.67316946431826097  0.68366008201164896  0.69418334726993558  0.70472648026415929
  0.71527647527483718  0.72584220442877345  0.73643865783809914  0.74703488450337030
  0.75757824372590343  0.76813622154109451  0.77863080491002501  0.78913915559789127
  0.79967429886111219  0.81023234509668707  0.82082120188888730  0.83137347354952729
  0.84192665001926514  0.85248169892301018  0.86307729780448550  0.87367235502059581
  0.88425512362225356  0.89481960510227077  0.90536029634994120  0.91590575854061684
  0.92638371466184222  0.93688324878817197  0.94739163639493729  0.95792317625940349
  0.96841756084603270  0.97891943125693093  0.98945659558210797  1.00000000000000000
   2.1709153078130377E-008  -1.0000000000000000     
 T F T F F F F F F F F F T F T F F F F F F F F F F F F F F F F F
  <DiscreteSampler_grid>
  grouped_processes
  1 # 1 for a reference and 2 for a running grid.
  10 # Attribute 'min_bin_probing_points' of the grid.
  1 # Attribute 'grid_mode' of the grid. 1=='default',2=='initialization'
  0.0000000000000000 # Attribute 'small_contrib_threshold' of the grid.
  0.5000000000000000 # Attribute 'damping_power' of the grid.
 # binID   n_entries weight   weight_sqr   abs_weight
    10   10   8.746327571541864E+002   7.709790324994090E+005   8.746327571541864E+002
  </DiscreteSampler_grid>
