 -0.00000002072432319  0.00002316189817355  0.00017949893198877  0.00051717117872414
  0.00098767213473434  0.00166076291876260  0.00257260748407778  0.00381787008277078
  0.00521255713519876  0.00657925637846942  0.00804868834124600  0.00952591274956246
  0.01104663458017466  0.01276943053736834  0.01456209051404272  0.01628544292929415
  0.01799182665198441  0.01973042137407233  0.02147501828161010  0.02322557323592856
  0.02496741996120793  0.02687855837543192  0.02886213333435672  0.03074049788736891
  0.03254547288593540  0.03451597009503187  0.03674603344508903  0.03904154584213596
  0.04124047954144854  0.04334812255603151  0.04546760805161057  0.04768641474931205
  0.04994682592690187  0.05231426978165496  0.05460588096487785  0.05694051408603965
  0.05942685958200759  0.06197477058302273  0.06452068919009796  0.06710833800346011
  0.06977990447928949  0.07253607661857722  0.07512029796396584  0.07768581212967147
  0.08019403212822201  0.08280584229802723  0.08545875708888565  0.08806902561487184
  0.09064874613250194  0.09322955388039084  0.09592990379305417  0.09861456047393684
  0.10113465732458708  0.10352908679271462  0.10588863052216931  0.10833482108897950
  0.11085877334394495  0.11334354781882991  0.11583409444016377  0.11835612773111381
  0.12094008612867309  0.12375868420271779  0.12656765497544362  0.12944761590601997
  0.13219632691638156  0.13493348236812830  0.13770635453406432  0.14059481439866992
  0.14381976546390249  0.14715589434218071  0.15059685920151558  0.15409083385894565
  0.15762094645370162  0.16131047760388953  0.16520888095287434  0.16897301361988973
  0.17258439768048453  0.17613765148287228  0.17979671389709884  0.18358696185423473
  0.18745652295000154  0.19167660807102449  0.19649783732969567  0.20145145683696647
  0.20637042766749569  0.21154022639737904  0.21709621015374833  0.22279124614096843
  0.22876514840270840  0.23512139307114671  0.24256644539009303  0.25245200074388213
  0.26566585340176080  0.28542664131226497  0.30266801094293144  1.00000000000000000
  0.00944178756674613  0.01683941078105308  0.02336521356509278  0.03170659639858048
  0.03973000968444027  0.04738233898343941  0.05481827795941611  0.06275443396128215
  0.07380910807376076  0.08617060301275550  0.09933346370013696  0.11182245038904422
  0.12366736219152052  0.13566365218183488  0.14692005335900604  0.15665274665156623
  0.16601880534160079  0.17536645061756526  0.18474248081475245  0.19465971676301663
  0.20447619561395619  0.21461239892270412  0.22623869521460269  0.23846796326653369
  0.25097046009169688  0.26350419128318958  0.27607827567893645  0.28759207503956052
  0.29766428656712740  0.30746140590988613  0.31744283220310898  0.32662617912840158
  0.33496742178134575  0.34333828594040289  0.35230078331138209  0.36234378500631614
  0.37300226544232368  0.38507438838416957  0.39660276472808498  0.40614658510868307
  0.41544528657723501  0.42557040614823066  0.43559315688074440  0.44569718626150961
  0.45552389216893940  0.46611756679900446  0.47726493895102190  0.48770097979050619
  0.49863842410679932  0.51328317661470169  0.52537852412348196  0.53571233454600264
  0.54552223274121814  0.55524855609655110  0.56489212531988631  0.57464062707784347
  0.58596954364981602  0.59971332085685780  0.61370475113269574  0.62612697054218491
  0.63654760658381537  0.64616953092459373  0.65571010240982786  0.66533503623290946
  0.67555745854168026  0.68607046868526389  0.69611334443474293  0.70570002070317073
  0.71585131248639700  0.72576064745907243  0.73536004743108541  0.74415043005094639
  0.75536905399793686  0.76709160489466399  0.77830030133491068  0.78860169575134442
  0.79933867491457145  0.81026255618842657  0.82084876734384538  0.83178274355712800
  0.84410339029719128  0.85756620825078300  0.86958203289143987  0.88016527037954573
  0.88888771563119828  0.89828156797636871  0.90756826691024173  0.91682928610175463
  0.92496374638388679  0.93277175932322032  0.94195235907695907  0.95154224104984564
  0.96140310718708344  0.97092468779251950  0.98080776541733572  1.00000000000000000
 -0.00001746085158856  0.00016951595299720  0.00044882384707252  0.00081302508360339
  0.00132566970093570  0.00189892985842527  0.00267437038391255  0.00360348590279762
  0.00442849402217840  0.00533783825511759  0.00641569364889241  0.00754341728352787
  0.00882008694405282  0.01018935933529019  0.01155445043412767  0.01292614328200255
  0.01435575622729033  0.01587610077262320  0.01742194873575114  0.01914422662700095
  0.02094318660476778  0.02292990359029232  0.02490768383124448  0.02694415336199615
  0.02902138603374058  0.03109393119656420  0.03330009604564090  0.03577308575189780
  0.03802457951030241  0.04026097148849785  0.04248253746771207  0.04475565734592948
  0.04706254853345854  0.04951887660178959  0.05234686347328055  0.05537593778089128
  0.05836894696846850  0.06131861902923198  0.06563581145791522  0.07038501358042681
  0.07499239911479594  0.07868062642795719  0.08246634551548003  0.08666530732619251
  0.09090091547019430  0.09502342085682293  0.09895809183811551  0.10273781251004398
  0.10649360875446576  0.11026788624925225  0.11391999608670345  0.11764206716762877
  0.12113255490513518  0.12479190107688054  0.12866872049458825  0.13276338244963334
  0.13721299930788952  0.14162737232173025  0.14613882131179731  0.15073067230441278
  0.15526235768248273  0.15991837512728341  0.16505032946293399  0.17076527687997958
  0.17624756691058022  0.18186725630766970  0.18777125011701509  0.19365239114634203
  0.19958340572639433  0.20567457784149382  0.21188454236470877  0.21825335318312075
  0.22576929684643007  0.23399200348362265  0.24228137378266401  0.25065509981419137
  0.25886921124323414  0.26757699300956805  0.27759443216620833  0.28903961942475037
  0.30150882501209786  0.31339165860132684  0.32564890326000517  0.33875766293457998
  0.35287116224792781  0.36791537926289070  0.38401795832190877  0.40087565680865828
  0.41899326257387037  0.44057932550738321  0.46612554605891415  0.49753960800410219
  0.54204577527766340  0.62878137423427882  0.71248566188345464  1.00000000000000000
 -0.00209314173209640  0.00631600418401194  0.01443683795780086  0.02238297997457142
  0.03039007802939461  0.03853345775649375  0.04575603504328660  0.05188963359910582
  0.05811085519278303  0.06416530873305341  0.06987187058003810  0.07621661638350506
  0.08299457027487918  0.08985004768471887  0.09687317583228493  0.10419626466568799
  0.11156964422455179  0.11879677602080010  0.12724911173157682  0.13645365130191961
  0.14571516660204117  0.15418752763646928  0.16174915477602386  0.16967967483735649
  0.17750027550893566  0.18545868740279892  0.19257804891623234  0.19865470144158917
  0.20425782255676767  0.20971028253192978  0.21586336516700841  0.22260842468284656
  0.22997780130846179  0.23784280970189181  0.24624507133632556  0.25477201019092910
  0.26374721487707248  0.27280034830182620  0.28213616104502759  0.29207077773721435
  0.30130656691658475  0.30997588770585893  0.32230192132678309  0.33465274593477523
  0.34583566575665919  0.35540117728927395  0.36370871636783769  0.37226664449464031
  0.38111490965090311  0.39067180069601287  0.40134188458678188  0.41232843427380567
  0.42182678864634632  0.43007960728214695  0.43901503538914799  0.44743293819946323
  0.45585508811293052  0.46436341183095114  0.47374097705473633  0.48482144805777450
  0.49797773195559741  0.50959348181193442  0.52065382568815233  0.53128721902240461
  0.54186666795701388  0.55472583679915866  0.56797739839857464  0.58138639298913375
  0.59555597691002127  0.60875674857499584  0.62051988541210867  0.63297196688853363
  0.64392852987585403  0.65413666338116150  0.66420266073357492  0.67538825251108148
  0.68812603501523351  0.70156816179673409  0.71509163401254550  0.72839615467196661
  0.74488527230674006  0.76289765595225878  0.78013546049219529  0.79509243126913853
  0.80725251210551141  0.81945015020353640  0.83091960017935940  0.84356694002215804
  0.85855924933764149  0.87576335670390482  0.89696359586975083  0.91674746124688422
  0.93639275897166208  0.95656403978124405  0.97819877604391614  1.00000000000000000
 -0.00332337819178541  0.01125660909172319  0.02597951747284093  0.03854970081498196
  0.04837863442723923  0.05682604130480042  0.06515494018742186  0.07301294355106434
  0.08028441609537360  0.08772208337363745  0.09496824730958599  0.10230111853794552
  0.11005500601163082  0.11890979805877494  0.12867932714165223  0.14205760571805706
  0.15478140182866931  0.16688473297901518  0.17730408022648877  0.18612296820564572
  0.19477454325486326  0.20357620899654055  0.21226037095735323  0.22086810903883672
  0.23025873431448418  0.24190449614854220  0.25403349558221200  0.26506453151443582
  0.27618311210173085  0.28747515523746597  0.29834390460843774  0.30884369546270873
  0.31878886417875979  0.32836600751833234  0.33796423456217667  0.34759526469249480
  0.35817935263668094  0.37007638034062640  0.38238627215637000  0.39425524796671474
  0.40539667318818212  0.41601447611714343  0.42624024441326303  0.43591131332966221
  0.44497691698369013  0.45370102744766461  0.46295330417798131  0.47281234339020278
  0.48277892656249877  0.49286613571009813  0.50399027101659177  0.51650482072808235
  0.52886736609229479  0.54003616837155199  0.54899410975542340  0.55718468107274421
  0.56544524854042177  0.57415342260657121  0.58341922743989505  0.59282079967684309
  0.60281614784925575  0.61564724997673770  0.62908206295336633  0.64170319169940504
  0.65367100542919676  0.66668898251001874  0.68186572814175561  0.69633506725417460
  0.71031016328248187  0.72426706630317683  0.73594532767465715  0.74783397821666175
  0.75944708503862279  0.77128163393311500  0.78075327086921098  0.78996208434774562
  0.79802527425377690  0.80491318179864035  0.81175205868615552  0.81921625505209383
  0.82692042036799907  0.83590655606490460  0.84634589668263494  0.85655013760955345
  0.86880861510246721  0.88014921881851704  0.89096893030030599  0.90275497603312460
  0.91536777873147923  0.92796113396902935  0.94027034906260720  0.95229320794769745
  0.96416317134695317  0.97614584582372821  0.98809846926466138  1.00000000000000000
 -0.00159271602119660  0.00676269649638415  0.01414990983990268  0.02152951144424345
  0.02928452859554204  0.03759366340320529  0.04596505090957913  0.05458137908905145
  0.06286157823186199  0.07082064497631071  0.07897389459968687  0.08785931823353728
  0.09701137809156064  0.10634442934079841  0.11666089411839242  0.12669684052775984
  0.13595437284986403  0.14614319689147870  0.15642468732333428  0.16626934872652899
  0.17524937155700249  0.18400214543281543  0.19347857121869527  0.20321216818644383
  0.21280479331488303  0.22210138811698746  0.23164085189479353  0.24297309706848685
  0.25275977456529325  0.26101333663749449  0.26919484240501462  0.27760807954335892
  0.28668697997679538  0.29537642561537042  0.30325626074928563  0.31044509075518484
  0.31812155647491736  0.32696911959058139  0.33689538232689381  0.34686730639801072
  0.35659758773756911  0.36818467196280646  0.38158219826640166  0.39686283409656986
  0.41291077652977787  0.42498538952190124  0.43451704640308558  0.44381440048400461
  0.45342540522621039  0.46344226846829439  0.47357369208940836  0.48479418143842795
  0.49650777149989050  0.50798594118310580  0.51974301748414276  0.53146265405496773
  0.54460757638355894  0.55922980908333153  0.57477875052620653  0.58774530829439064
  0.59823336496517943  0.60761192995231750  0.61653385021775253  0.62550779546052782
  0.63417088760609031  0.64334331755772611  0.65410556356647376  0.66565341651266341
  0.67761203055647568  0.69022688777955510  0.70315766442411298  0.71560524639123546
  0.72662243488998346  0.73672126626879220  0.74682962327816860  0.75771748988567678
  0.76896570818106535  0.77978007188436849  0.79109899517488635  0.80385728158225445
  0.81707221467909452  0.82962468547060564  0.84199231602590729  0.85449545174701291
  0.86710054299373895  0.87995150833236002  0.89314730248003094  0.90697211268614386
  0.92020548698007298  0.93226473815287880  0.94335241511520374  0.95580448487642711
  0.96713082626241820  0.97794279949201679  0.98901683524221251  1.00000000000000000
 -0.00354632203195474  0.01256995723110604  0.02556103354247947  0.03710868161622005
  0.04788891507448347  0.05865065532388381  0.06981846289489853  0.08144895889516153
  0.09374668539455394  0.10572546069809946  0.11354352938753585  0.12185509730883660
  0.12923001996898748  0.13595997443716740  0.14290597308434885  0.15123927735684778
  0.16034009088670073  0.17026157516305340  0.18251563511179139  0.19299652154919039
  0.20179243321692764  0.21037758482938038  0.21883930594220471  0.22805870474697135
  0.23601328228162485  0.24379271025069149  0.25169928772793126  0.26069370952048371
  0.27045429990809483  0.28051501681660090  0.29020766003829285  0.29899913545541751
  0.30773591891994406  0.31706546538459152  0.32687017576683008  0.33709143554584720
  0.34641698333912657  0.35540755488533537  0.36775357362162608  0.37932131392907775
  0.39259369201966693  0.40629324777942866  0.42008021494233894  0.43404897525032349
  0.44693128852248848  0.45908590196436916  0.47114885739144036  0.48269346179892603
  0.49383865424063716  0.50513597002090649  0.51626636190321762  0.52621973055013826
  0.53527658850256887  0.54456617441414656  0.55415274454933561  0.56410807729698831
  0.57455708355560353  0.58542250993471889  0.59734783533321789  0.60847189165829074
  0.61964292112187314  0.63101023774926757  0.64269728701752338  0.65452148077739103
  0.66643898198854634  0.67863311643747581  0.69106127312253052  0.70280651170616715
  0.71281882009547837  0.72188580359326338  0.73081551068976980  0.74139380598411819
  0.75220351905668825  0.76254871786343126  0.77325924382414801  0.78301263452178937
  0.79203507606287826  0.80072322680084373  0.81013885449018563  0.82087165759907876
  0.83250312248182756  0.84441509370478052  0.85636467625335777  0.86842601800662100
  0.87955689513265711  0.89036863748341055  0.90111494121896929  0.91263475577502007
  0.92371883205526795  0.93478063940475964  0.94570267973369626  0.95623820372895152
  0.96612780175114821  0.97610905193677766  0.98703387842510848  1.00000000000000000
 -0.00217444316462977  0.01248618339485717  0.02379168167668704  0.03426720481513505
  0.04432967445653259  0.05436570479344127  0.06507447955650103  0.07707202776889856
  0.09038492778239375  0.10352065794681140  0.11881840100016945  0.13076964268231892
  0.13925728604439971  0.14894091583063498  0.15914125631404388  0.16984856926565362
  0.18047438361112636  0.19105759750208626  0.20259824251654621  0.21426534271022590
  0.22521327608900291  0.23564806520558418  0.24709227676200829  0.25917846614138224
  0.27095577700150214  0.28134262993770048  0.29085548518212034  0.30110591087262673
  0.31213085997720247  0.32173057002454447  0.33085441254343273  0.33977905751318521
  0.34916184884443469  0.35889574783976413  0.36776408278503042  0.37745452834468962
  0.38843326506540615  0.39919926145009699  0.40968292201808393  0.42075778079259790
  0.43186871860710829  0.44263358078906895  0.45293858998647107  0.46493300436564960
  0.47749862932067799  0.48858231132660640  0.49854499212196535  0.50817531728841359
  0.51750175598730630  0.52723952829449339  0.53657235008541038  0.54720159557069004
  0.55930905327741354  0.57263122381532039  0.58546834033414963  0.59779753783431044
  0.60967646458535851  0.62122099596136782  0.63216805942330712  0.64275258230476739
  0.65367864592013902  0.66518510754749283  0.67712396371174310  0.68870817894314118
  0.69961814454745286  0.71023119911048838  0.72108697958827361  0.73217557685708123
  0.74388085110946123  0.75623746993126706  0.76908232323472503  0.77878097268953284
  0.78752026662008379  0.79566171363802840  0.80444120354669213  0.81412108652033466
  0.82370785973345495  0.83204220744896484  0.83997869892164867  0.84812104340698569
  0.85632607558088281  0.86463218041572354  0.87301633574975346  0.88150360881862455
  0.89072640884711962  0.90079356584782133  0.91074072556858299  0.92115591541640995
  0.93214583036118426  0.94248379103533064  0.95258677874989217  0.96232054905975473
  0.97207443043225172  0.98127393413621977  0.99067411308373443  1.00000000000000000
   1.0363017227589152E-011  -1.0000000000000000     
 T F F F F F F F F F F F T F F F F F F F F F F F F F F F F F F F F F F F F F F F F F F F F F F F T F F F T F F F T F F F T F F F F F F F F F F F F F F F F F F F F F F F F F F F F F F F F F F F F F F F F F F F F F F F F F F F F F F F F F F F F F F F F F F F
  <DiscreteSampler_grid>
  grouped_processes
  1 # 1 for a reference and 2 for a running grid.
  10 # Attribute 'min_bin_probing_points' of the grid.
  1 # Attribute 'grid_mode' of the grid. 1=='default',2=='initialization'
  0.0000000000000000 # Attribute 'small_contrib_threshold' of the grid.
  0.5000000000000000 # Attribute 'damping_power' of the grid.
 # binID   n_entries weight   weight_sqr   abs_weight
    10   10   1.455102559891403E-003   5.082031956333403E-006   1.455102559891403E-003
  </DiscreteSampler_grid>
