 -0.00000001056300022  0.00001317023248244  0.00010014452464595  0.00028898202117475
  0.00057083754053299  0.00093882826406464  0.00138125672677584  0.00188507171581850
  0.00244788070981859  0.00307700165927760  0.00376434591177663  0.00450564809168302
  0.00528612495386552  0.00607683904679569  0.00696190554673177  0.00787142127652944
  0.00881561600150178  0.00981134558085854  0.01080780485552642  0.01186803462513816
  0.01297064373140588  0.01407663117869278  0.01519879994112752  0.01636750022252712
  0.01752522786619188  0.01868442671223850  0.01987536391881701  0.02110166623700372
  0.02232439262320044  0.02351758504880843  0.02470310667201521  0.02591490637399527
  0.02719925980480805  0.02848068458208637  0.02975398846248302  0.03103399534331635
  0.03231033679392434  0.03362828423006810  0.03499856703460893  0.03640051501710815
  0.03781113778583573  0.03921903952037563  0.04062072635795094  0.04201532589874277
  0.04339216871059207  0.04480771425297672  0.04626737582059127  0.04776226160734368
  0.04926232308058520  0.05076654177305442  0.05229159101318205  0.05383212275891309
  0.05536596900910506  0.05692248799803045  0.05845895559709398  0.06001402483036410
  0.06165796370150160  0.06336516070756490  0.06502871996183636  0.06668924967994436
  0.06833524490352533  0.06998909353095635  0.07168395096490418  0.07340405366722863
  0.07513048805345916  0.07688107726569202  0.07872245112328738  0.08060649873331695
  0.08272335087937295  0.08492084301239881  0.08712336404326095  0.08932256000788460
  0.09154414553370377  0.09374872542104659  0.09595918759619303  0.09819737907614839
  0.10046594763511475  0.10270850129647593  0.10530020047945315  0.10792570653544621
  0.11077345485428207  0.11382317292478197  0.11688618592330931  0.12011898491055842
  0.12344532085511638  0.12695304096475432  0.13060056036999729  0.13438470032492414
  0.13863362948364305  0.14380069444722363  0.15003054214044487  0.15721761759547095
  0.16591736742780958  0.17840534193577584  0.19453430937011032  1.00000000000000000
  0.00902444755272005  0.01692379090462606  0.02791549663834973  0.03951125488039996
  0.05002736247196224  0.06035097057943981  0.07089079002274630  0.08131496549429500
  0.09131717888504547  0.10082642476808311  0.11064302278351770  0.12070901518249576
  0.13091419347600178  0.14111810443417239  0.15173421582935967  0.16257529556478212
  0.17348784040113421  0.18459139099505512  0.19503681388137839  0.20519659301931573
  0.21552291080678426  0.22591157753987615  0.23653206566939142  0.24734811474945767
  0.25817200176361099  0.26918539929895308  0.28017059741767580  0.29081854855588624
  0.30084127257518045  0.31067875316737592  0.32094806403659004  0.33148877659407561
  0.34219029797560579  0.35294603208730213  0.36345238839651262  0.37384602926036842
  0.38452840198724364  0.39569550528792996  0.40693651026462502  0.41758715181992251
  0.42792046399648237  0.43811951534408722  0.44838716933041878  0.45879710331221973
  0.46870565976074002  0.47832304064548808  0.48785288989467956  0.49729292142587217
  0.50661066079391148  0.51589790007111436  0.52567726153883143  0.53581985878037430
  0.54600707193109477  0.55630603192711237  0.56663340723432731  0.57707375027126062
  0.58788972168576514  0.59883390759905464  0.60870715403193620  0.61772673072344608
  0.62694616692090432  0.63694768392983225  0.64713399192392740  0.65726128563108843
  0.66753179470048463  0.67895039261309065  0.69024049385069475  0.70096967148131972
  0.71130257711863809  0.72110601643458705  0.73080866581389958  0.74082641789660664
  0.75090850107684759  0.76082670581510337  0.77061223012769053  0.78036307893377521
  0.79008019320699285  0.79987995799458389  0.81015000966957995  0.82091401098369110
  0.83170857313955748  0.84210488894394075  0.85211376467120692  0.86208637600180948
  0.87217596070726611  0.88292738428889161  0.89402281408970996  0.90462767895228491
  0.91482679992239835  0.92546660248502888  0.93650950201482230  0.94775125050294717
  0.95874976674055845  0.96948812173414733  0.98035119868486453  1.00000000000000000
 -0.00230990131950420  0.00890815584122933  0.01818480042069921  0.02874432261963727
  0.03914246677023867  0.04929837199208828  0.05916611807113542  0.06934132905129031
  0.07974054876709420  0.09006919189646828  0.10051860036305918  0.11111798846559699
  0.12168203537674249  0.13182049178736899  0.14193965774715039  0.15216757283640434
  0.16249297847649266  0.17270900822298516  0.18283058835043009  0.19315724492171232
  0.20379649846585510  0.21426337229440942  0.22454104774890835  0.23486937706100650
  0.24515807371031836  0.25521846031706596  0.26524617582041776  0.27581255746721045
  0.28699679609670098  0.29864983180266491  0.31025953069931900  0.32132205062476143
  0.33217467884472818  0.34283354000793348  0.35366150501059190  0.36388091798028710
  0.37408186314140451  0.38444125459768436  0.39485241611138416  0.40538918656338124
  0.41610404720583205  0.42732735223735774  0.43872055194421072  0.44964166440679043
  0.46023144229733320  0.47042208394398050  0.48067054900998285  0.49109625634300219
  0.50176511628848186  0.51274132289980967  0.52379086098172223  0.53489715875202004
  0.54609315808983871  0.55741590834954746  0.56883188499168502  0.58047723395853335
  0.59187473232946353  0.60295476223524036  0.61366430883645740  0.62432513810691392
  0.63511922317766589  0.64591930356772609  0.65685217062472789  0.66759888014661761
  0.67836415557875784  0.68872866373474551  0.69871824287024331  0.70864419788191746
  0.71834249110713211  0.72832298570866838  0.73826703797347060  0.74837107471423581
  0.75916636109324864  0.77025007610188434  0.78146877243863799  0.79221448329933819
  0.80358558741425956  0.81456009851577882  0.82416291703636557  0.83372419092953287
  0.84362943039504124  0.85371851889740624  0.86375493792015634  0.87392260501052432
  0.88513265894824267  0.89664447686649373  0.90728719482359210  0.91732805215543178
  0.92713249260762531  0.93716036734447616  0.94757683413861016  0.95821780398803080
  0.96875076790978276  0.97928328012643018  0.98954673200026633  1.00000000000000000
 -0.00292595441663728  0.01042364453678115  0.02136792557622653  0.03200783967040912
  0.04231692520283658  0.05274004790473279  0.06318703610810518  0.07369922056687622
  0.08408892530625174  0.09457955804876993  0.10514436085106671  0.11585534664236941
  0.12649105267619259  0.13683396855596439  0.14744012439440754  0.15841006860466245
  0.16919626439471697  0.18005996743154787  0.19108213919293288  0.20238693823754492
  0.21347137794261331  0.22469481640084105  0.23529173546380139  0.24551354370879599
  0.25568742121257215  0.26606556904120121  0.27641824251355079  0.28674552355183813
  0.29728749891042705  0.30819467185528915  0.31851289593680920  0.32840662068667648
  0.33842277350089683  0.34851159173192087  0.35826726210373511  0.36762316664671629
  0.37722469934392316  0.38733870928355252  0.39761681970992468  0.40817495879809340
  0.41886702139896453  0.43008880852612391  0.44148969077850697  0.45231994550332305
  0.46243891407871263  0.47213592393354625  0.48228804869830305  0.49251821922159272
  0.50264359474323417  0.51276873497834041  0.52300292967771955  0.53353721438895252
  0.54447353974171497  0.55595357365821085  0.56743263377275444  0.57829541163632636
  0.58903741826270295  0.59985136484206991  0.61049795031267029  0.62068887012128227
  0.63088513296560844  0.64151064018927073  0.65178929711886813  0.66227249611854233
  0.67320874430752931  0.68447430160753708  0.69537408211885410  0.70628325440089468
  0.71734081778029180  0.72836987771780293  0.73863687196234762  0.74900957960073899
  0.75879148642930050  0.76841550016064486  0.77816103471835918  0.78805042820350546
  0.79830759295648734  0.80905640954359437  0.82022311135828652  0.83151838674769885
  0.84266860791097498  0.85390458392978386  0.86451268771664025  0.87514245450018291
  0.88584393261529593  0.89622069194978105  0.90632063440308608  0.91680778949408015
  0.92718491127325364  0.93795397530538394  0.94816728033106201  0.95835696980267771
  0.96856723070137163  0.97858368091439651  0.98934103386004224  1.00000000000000000
 -0.00218845681546617  0.00940538355342964  0.01930601515275027  0.02988084813136913
  0.04044048491752910  0.05096523196261850  0.06155945283112569  0.07170648703297600
  0.08148080716887847  0.09130485260808686  0.10097398947601313  0.11049178023988528
  0.12001622263423678  0.12995931286394902  0.14020015860398760  0.15050011327870413
  0.16117489225938658  0.17236130133938002  0.18380561574169049  0.19476938914998421
  0.20532870290696223  0.21547697183642514  0.22562738616569822  0.23610559708770384
  0.24670495788111452  0.25708748410788651  0.26763479991391131  0.27827675239744809
  0.28909145149190268  0.29923342270843067  0.30895062501834369  0.31861492914617112
  0.32860610573031457  0.33911768719121954  0.35026013166381675  0.36107327881867507
  0.37228023380516279  0.38356632434745924  0.39549434912017228  0.40717357567552692
  0.41865294421906146  0.42944592631179129  0.44034230878483394  0.45128733566300744
  0.46200377614275212  0.47241700982376106  0.48251503529513262  0.49243916469550869
  0.50234624824176388  0.51260112936963542  0.52321629207375331  0.53389797907543768
  0.54454613674425645  0.55527449393549555  0.56622201337303046  0.57722037080416588
  0.58813811891576639  0.59899697954180953  0.60957278484705868  0.62008698310404509
  0.63020676275447740  0.64042500859898965  0.65085942089720616  0.66126847744313455
  0.67173198434645387  0.68233686614965994  0.69348760058897740  0.70491576179243365
  0.71603518362041874  0.72681032625685449  0.73735387230009408  0.74780876144069486
  0.75827140184806463  0.76880866843472373  0.77928410915564394  0.78957873302351600
  0.79960630396383992  0.80954291962190139  0.81951222269289214  0.82960214783684727
  0.84000051037458512  0.85046538600540356  0.86114529118447380  0.87252356245854956
  0.88408531195427287  0.89527534434080980  0.90594629135642479  0.91645877749190430
  0.92673402488405776  0.93718909418896157  0.94768450139083327  0.95810608640849793
  0.96845912359938591  0.97866560348849274  0.98936956613194527  1.00000000000000000
 -0.00267352102486367  0.01016842539409700  0.02116266309052350  0.03245312527838781
  0.04381130230352773  0.05485247532256382  0.06537290532035767  0.07474294955694716
  0.08401369254306311  0.09405904767742915  0.10445558790908510  0.11541086577877196
  0.12584106240652690  0.13743377795700890  0.14822975457800153  0.15853602960961802
  0.16878185272009338  0.17939170653163700  0.19004296834365736  0.20070719414745675
  0.21101377868176266  0.22113013865856937  0.23144905085563514  0.24214538910337877
  0.25285540516027782  0.26328184559046447  0.27428013817264468  0.28631251402396130
  0.29721362220059205  0.30723790428793113  0.31700743480924759  0.32665426724791102
  0.33609436489865330  0.34536883289035020  0.35501368497955060  0.36529625963905621
  0.37570454257512764  0.38613909991486450  0.39630170838069917  0.40684061807630800
  0.41719897577431753  0.42798719091503745  0.43887542949989522  0.44938317041967618
  0.45979535257475462  0.47006385921784011  0.48051372210246018  0.49096447205601140
  0.50165693413263057  0.51281846963499134  0.52399160619620977  0.53475950396325489
  0.54559588455519537  0.55604483369478352  0.56701622617674285  0.57821010497178071
  0.58934849235934994  0.60005672682472766  0.61109351312078009  0.62199462416224371
  0.63264932747708502  0.64302013523030221  0.65393009960026527  0.66497705810763252
  0.67660455338963776  0.68839128534384264  0.70071292020089349  0.71291102643348625
  0.72486732395160358  0.73621131253830574  0.74706112795738566  0.75746237345572465
  0.76756681418470718  0.77704422976340315  0.78635182047111529  0.79569519592781057
  0.80511693009040275  0.81447891457533483  0.82424652910999419  0.83405805347336193
  0.84441653763523206  0.85466264401249481  0.86496534251155455  0.87518985533916294
  0.88507219742950827  0.89517231295031252  0.90567239485929341  0.91617984976600841
  0.92647500536028271  0.93682769375129338  0.94732121110164580  0.95766541860056020
  0.96798966881249304  0.97840927353554530  0.98915706241935586  1.00000000000000000
 -0.00182799453111593  0.00662212264291362  0.01394977069517981  0.02193828096490943
  0.02998331244504504  0.03809168323386742  0.04652893749123696  0.05510391190990224
  0.06373216467516275  0.07262563787785881  0.08157129066981389  0.09077043079238087
  0.10021690388977444  0.11012432780021565  0.12088677818372658  0.13174297965776591
  0.14216534154123051  0.15234568237908408  0.16241486421060933  0.17276420062763034
  0.18305289716824610  0.19385471486343370  0.20504137287687491  0.21682337999409512
  0.22867748240139518  0.24030240221824600  0.25166606723891155  0.26303950893469230
  0.27423382790949719  0.28515215103182168  0.29626368253091229  0.30749194900377586
  0.31806682640204764  0.32831398342674684  0.33875644924076237  0.34958611893209057
  0.36037999938162874  0.37092751091975007  0.38185489101292541  0.39306646656521460
  0.40429675872107623  0.41557275699526530  0.42696434738621108  0.43882083028696972
  0.45035471575387837  0.46230893344120882  0.47411563910216409  0.48614243962146014
  0.49815881311029953  0.50992465840235013  0.52150781457287210  0.53291709424922484
  0.54404864196105862  0.55475028870550636  0.56578316243143345  0.57699339125485916
  0.58793182461125282  0.59860653161761923  0.60992178453255508  0.62158398068361498
  0.63331130963576121  0.64540424079806169  0.65805639456864640  0.67036589509792188
  0.68211064763136231  0.69360687318392811  0.70537039171848592  0.71734827032385096
  0.72911124719544895  0.74053705037201634  0.75180000975762373  0.76279505496110833
  0.77305857985445403  0.78257528621199457  0.79212750015475253  0.80204732839845594
  0.81213485016673970  0.82229550043588084  0.83235413890631371  0.84313812566272950
  0.85408879596810305  0.86467688197298898  0.87518362674769956  0.88574610487230709
  0.89621771154081353  0.90643383838039615  0.91624359847528303  0.92553054443643878
  0.93471001025518696  0.94423637346740108  0.95357302333918481  0.96278781322629203
  0.97170407498772071  0.98077268990785760  0.99040800901181036  1.00000000000000000
 -0.00282909925745724  0.01040195745251495  0.02145509673861041  0.03227511066030638
  0.04340044571498379  0.05487959316009800  0.06648184088268150  0.07740614277088181
  0.08827282920519246  0.09847696938569515  0.10876792968390975  0.11931047094925076
  0.13009947942611175  0.14094381750130189  0.15113755959080649  0.16111088512234772
  0.17118920018845646  0.18121309907686672  0.19139960765354708  0.20147677895378910
  0.21168231389001957  0.22187302304942916  0.23223736781264337  0.24283309626545826
  0.25363969365363137  0.26503889582661544  0.27718085220699312  0.28960385466664396
  0.30192404578808713  0.31350393577063546  0.32439151681263639  0.33509855335529670
  0.34545904019343343  0.35591442331694151  0.36632669409766072  0.37653420111854485
  0.38641945513516684  0.39611441565849120  0.40600201556095122  0.41623748094437685
  0.42698012811986535  0.43769025245137710  0.44798039109688309  0.45806322161336765
  0.46827469701433755  0.47820896210236391  0.48778276158399192  0.49728331133005965
  0.50754647704896516  0.51810732302943485  0.52841043048667513  0.53854464546629410
  0.54887296822165776  0.55995689681157912  0.57085675279750070  0.58161890582027020
  0.59200336508551543  0.60254616004484862  0.61270436437480635  0.62298637871301377
  0.63317560789037519  0.64344988454859531  0.65354081702337963  0.66390355976695647
  0.67448627406700223  0.68517910771836354  0.69581549281277943  0.70651972146705289
  0.71746618251200178  0.72833733462891626  0.73860883069293171  0.74874628266123522
  0.75875469351883007  0.76885181046896256  0.77900764364354269  0.78954092666087317
  0.80090762083461731  0.81215278853083028  0.82324890561146247  0.83387008931912254
  0.84413819278287705  0.85423087879559878  0.86442497442111876  0.87490915361197463
  0.88572647320984355  0.89701334826633183  0.90862377811367556  0.91995865672572807
  0.93106862845562000  0.94165476006133020  0.95163116010807447  0.96146260754007684
  0.97129177930881672  0.98115106742341451  0.99068368327810474  1.00000000000000000
   1.4202688446005256E-009  -1.0000000000000000     
 T F T F T F T F F F F F F F F F F F F F F F F F F F F F F F F F F F F F F F F F F F F F F F F F T F T F T F T F F F F F F F F F F F F F F F F F F F F F F F F F F F F F F F F F F F F F F F F F F F F F F F F F F F F F F F F F F F F F F F F F F F F F F F F F
  <DiscreteSampler_grid>
  grouped_processes
  1 # 1 for a reference and 2 for a running grid.
  10 # Attribute 'min_bin_probing_points' of the grid.
  1 # Attribute 'grid_mode' of the grid. 1=='default',2=='initialization'
  0.0000000000000000 # Attribute 'small_contrib_threshold' of the grid.
  0.5000000000000000 # Attribute 'damping_power' of the grid.
 # binID   n_entries weight   weight_sqr   abs_weight
    19   10   1.461121611564405E-001   3.549105499959559E-002   1.461121611564405E-001
    25   10   9.934673624548965E-002   1.626571604751378E-002   9.934673624548965E-002
    37   10   8.839489533789523E-002   1.177937062837975E-002   8.839489533789523E-002
    43   10   1.266855902646094E-001   2.473274011983568E-002   1.266855902646094E-001
  </DiscreteSampler_grid>
