 -0.00246859248252517  0.01017563933509418  0.02061324572971606  0.03135171561499665
  0.04211721182486789  0.05296945343831122  0.06383990621626980  0.07477018089691106
  0.08572770132917361  0.09674167052417057  0.10777439295964152  0.11885009071650415
  0.12995786815773505  0.14110226364311548  0.15227273617795911  0.16346765388433909
  0.17469393883140780  0.18594246561963537  0.19721403246185326  0.20850956071515458
  0.21983325052743083  0.23118218065191892  0.24254934935915451  0.25392295489335520
  0.26529830595606685  0.27668364519012884  0.28808235811787825  0.29949530777685679
  0.31090407796826686  0.32230371903693500  0.33369845890995992  0.34510084717584305
  0.35651214327585917  0.36791449039718160  0.37928701448139518  0.39063758829144712
  0.40198311951328319  0.41333138612453024  0.42466845156287719  0.43598349503346429
  0.44727335163010951  0.45852935768817021  0.46975370397570543  0.48095545084606828
  0.49214168679663473  0.50329566113778390  0.51440136567890815  0.52545769726890412
  0.53647660418159437  0.54746575447002210  0.55842789977538043  0.56935634757105713
  0.58025300069510377  0.59110416708399016  0.60191016196941216  0.61266621103677998
  0.62338198799779476  0.63405451301192006  0.64468495104208390  0.65526113645458672
  0.66578922376152050  0.67626524415359734  0.68668468437072572  0.69704318383634145
  0.70733511320664999  0.71757170196919184  0.72776228047815705  0.73791020865297907
  0.74801715635256771  0.75807089510860914  0.76806574313121478  0.77799432553172598
  0.78786168970384163  0.79767152749221981  0.80743029974186686  0.81713586717755871
  0.82679144837534890  0.83639461623448275  0.84594723969711494  0.85544084557322031
  0.86486526886417503  0.87423081479922360  0.88354407005603675  0.89281713815656516
  0.90204163036102025  0.91121093296474387  0.92032653305385004  0.92938512744099866
  0.93839268935151121  0.94734313135839887  0.95623985446164417  0.96508244712662727
  0.97386850054365859  0.98261974888062198  0.99131851325596654  1.00000000000000000
 -0.00206885374783416  0.00969327413149565  0.01991777433849118  0.03048306460974037
  0.04104524147468087  0.05156922469598606  0.06207242060165350  0.07261371545070670
  0.08312174375772922  0.09370422814612758  0.10427921307090542  0.11487358091525393
  0.12545868285754061  0.13607586903340710  0.14671590481523822  0.15731867197569555
  0.16788470387209789  0.17841994313677156  0.18891854471597522  0.19943523936282528
  0.20992134474809146  0.22044646282512637  0.23097347280196559  0.24155992512538108
  0.25216652395125666  0.26274104320838826  0.27328415915976556  0.28380524393476364
  0.29433672000997968  0.30486531305311909  0.31539536718288602  0.32593189251187465
  0.33648606594872765  0.34704692962010286  0.35759672036660406  0.36813558738791752
  0.37867904265785246  0.38924265293489779  0.39977557878335568  0.41030289554190780
  0.42080416836001622  0.43132697022595928  0.44183964883920795  0.45236969573346847
  0.46289317105832362  0.47339632423958083  0.48386611997133261  0.49431084255338842
  0.50477735691733705  0.51528827552690171  0.52582877719752352  0.53635623661777887
  0.54689002663816488  0.55740974577994240  0.56793769192847654  0.57844467576285463
  0.58897749140203204  0.59951647340580916  0.61011087999639357  0.62072584965718436
  0.63138294548026297  0.64202155015232076  0.65261872203034577  0.66317362274784897
  0.67369503023179367  0.68420907328740177  0.69470026048293854  0.70520194991659335
  0.71567849246354831  0.72619816563198980  0.73672043716232227  0.74729253901286563
  0.75778100419712613  0.76827269322156178  0.77877686051737871  0.78930863778970139
  0.79989734809349133  0.81048337909734514  0.82104551241885471  0.83157987051048332
  0.84211916720383451  0.85265954833445912  0.86317273642815140  0.87364982792313617
  0.88419377870348925  0.89471761464456767  0.90529141814946079  0.91584903604860091
  0.92646172747563782  0.93704678896935034  0.94752277863461765  0.95801924123778837
  0.96848289052832293  0.97900407150525770  0.98949189107677560  1.00000000000000000
   2.1722550237590807E-008  -1.0000000000000000     
 T F T F F F F F F F F F T F T F F F F F F F F F F F F F F F F F
  <DiscreteSampler_grid>
  grouped_processes
  1 # 1 for a reference and 2 for a running grid.
  10 # Attribute 'min_bin_probing_points' of the grid.
  1 # Attribute 'grid_mode' of the grid. 1=='default',2=='initialization'
  0.0000000000000000 # Attribute 'small_contrib_threshold' of the grid.
  0.5000000000000000 # Attribute 'damping_power' of the grid.
 # binID   n_entries weight   weight_sqr   abs_weight
    10   10   9.354333998575163E+002   8.931786357183813E+005   9.354333998575163E+002
  </DiscreteSampler_grid>
