 -0.00000000955935604  0.00001319307048824  0.00009795183978638  0.00027894723801445
  0.00055615328167786  0.00093468015520355  0.00141317335479966  0.00195122540471421
  0.00255304294999219  0.00322107448691275  0.00397550455206271  0.00476599185459591
  0.00559402704245013  0.00644689867356628  0.00735752715649229  0.00828682074208619
  0.00929181730387280  0.01027472806808936  0.01124836324393906  0.01225167473611930
  0.01331701518243232  0.01442083309247442  0.01557891234959161  0.01672901622477975
  0.01786087496261995  0.01899079570346581  0.02016450402548255  0.02141177363188453
  0.02264878738866782  0.02390746314498152  0.02513283513072147  0.02636243798994350
  0.02769051102172035  0.02897309213880613  0.03023983706743032  0.03149822126728576
  0.03275648436310143  0.03404576449873960  0.03536767804915866  0.03670933344995456
  0.03807753705769953  0.03944290604195862  0.04082791707109164  0.04219068644612403
  0.04351356050771942  0.04488525868194389  0.04632310007054123  0.04783701780810050
  0.04942479703562866  0.05098909475657878  0.05254329093161895  0.05404736268534460
  0.05555102668881443  0.05705347658946296  0.05856289201902040  0.06011112058827375
  0.06176536867385920  0.06347445082970056  0.06518453707166216  0.06687837388174023
  0.06857927443306001  0.07029736759841256  0.07200150765815279  0.07373628760306708
  0.07550476928930012  0.07729962846984041  0.07906331692298617  0.08097834752671691
  0.08317297166238684  0.08527230045841822  0.08732208742989962  0.08939801774351377
  0.09152656254808381  0.09371622096932784  0.09593388164620476  0.09817634213835952
  0.10042084229681961  0.10277002232216256  0.10531864429883904  0.10793409997589003
  0.11091782403772589  0.11397166267895251  0.11707743579392836  0.12025155615372030
  0.12337622811999041  0.12652467979292042  0.12983542296019374  0.13337252097912228
  0.13720304793265117  0.14235985168745818  0.14922363084625445  0.15727656087387432
  0.16695033402145734  0.18172163034569483  0.19355456072923730  1.00000000000000000
  0.01011772041300359  0.01385190220576403  0.02157637409319516  0.03067094346290672
  0.04040457324447091  0.05022359073423767  0.06035216201993907  0.07075457963110214
  0.08113637744573117  0.09155850724180935  0.10223223405594524  0.11308394635724825
  0.12402178328364807  0.13531352927360765  0.14665753230957945  0.15745682279663484
  0.16773367739861172  0.17759024523452932  0.18700681315984152  0.19647009176724578
  0.20644993465688141  0.21697993730023915  0.22766510357354375  0.23795264835227709
  0.24831782857948606  0.25877071649768907  0.26910130619558098  0.27900853829655997
  0.28887327701176502  0.29892578251179519  0.30841154665307707  0.31770318409955578
  0.32756207459554898  0.33833531607825923  0.34985619939838442  0.36060316934934838
  0.37178618734418617  0.38265659383669792  0.39384669655448762  0.40480467852322610
  0.41589064529108266  0.42678779574446701  0.43714252215308647  0.44694002706845620
  0.45665420850637012  0.46724444260773440  0.47751665344292876  0.48827766801280376
  0.49892812246272328  0.50929739758931680  0.51985837644758703  0.53045641667215326
  0.54097099955217054  0.55099815079592607  0.56115944484001457  0.57149925425800097
  0.58173105603658659  0.59148836611320776  0.60128069682922780  0.61179619039802535
  0.62260608419816010  0.63324299103247073  0.64361002981718918  0.65394599900366646
  0.66415168214634734  0.67399641769710028  0.68386983825040326  0.69404802363720663
  0.70447009699964014  0.71501138892128258  0.72533442469941856  0.73530613280417867
  0.74510659895296072  0.75478401807386186  0.76467356741807069  0.77512680308698056
  0.78636645093026614  0.79829142919916540  0.81048255143118753  0.82260470400722552
  0.83447804324835917  0.84601175467978107  0.85727853924117925  0.86777054600984704
  0.87804683570064412  0.88831001420555022  0.89842201373143260  0.90827757478210125
  0.91783521615621433  0.92837620273372223  0.93895612128180017  0.94891934500297892
  0.95895712313220705  0.96995001639363088  0.98074224827658107  1.00000000000000000
 -0.00191503954360993  0.00815534554578841  0.01724068171364222  0.02720932640023665
  0.03754581355148862  0.04775695687643382  0.05778032590060440  0.06742954386488020
  0.07720383796961680  0.08692855283082858  0.09655654356715739  0.10630396679534872
  0.11608050848172874  0.12604413975574941  0.13602834407543854  0.14621898991576079
  0.15702110840022146  0.16817833456282841  0.17899342428523438  0.18969824310446451
  0.20072351934816121  0.21199701644042279  0.22331521855891939  0.23471781037114586
  0.24615669701710055  0.25696561639010257  0.26698916011952550  0.27682054288699720
  0.28668120998809238  0.29637143606005562  0.30555105119494297  0.31466075439897534
  0.32408494322443115  0.33390606236051734  0.34399021599205937  0.35376191306772736
  0.36347046298767988  0.37336690505252151  0.38383855552061585  0.39466243591817918
  0.40562342472874330  0.41654685286955268  0.42778658143806758  0.43965337452709352
  0.45170657338992604  0.46299949459084744  0.47342935264226221  0.48371600722913288
  0.49429682711403178  0.50498422773824880  0.51558628276539353  0.52607902839359832
  0.53666800867452280  0.54792411794327545  0.55980382510550841  0.57157908471451113
  0.58288569410791846  0.59392706985605548  0.60483381232114841  0.61528221841559383
  0.62588328663508375  0.63702726880775840  0.64858802679363681  0.65969325987537386
  0.67092202911376897  0.68224315533287316  0.69298805097642813  0.70313724039615866
  0.71290853482553507  0.72251556970642505  0.73264138310421745  0.74265845636438199
  0.75249602078625166  0.76235712606739581  0.77256983562793125  0.78376220027744159
  0.79467809610483808  0.80516344386604755  0.81565146165429214  0.82623396289046225
  0.83718316059819109  0.84817461794475557  0.85859921962912233  0.86886319625173702
  0.87913532566821606  0.88978830185715219  0.90133439157241846  0.91309380587029376
  0.92446109296582868  0.93571925429731784  0.94708238927143096  0.95829215082223795
  0.96885652870875527  0.97911845314176493  0.98964941583457888  1.00000000000000000
 -0.00295238971208869  0.00970814481026935  0.02083266982723621  0.03215832993346129
  0.04307080028067709  0.05320007584504263  0.06306866667421129  0.07288906845458661
  0.08256858053661720  0.09177965580120703  0.10099820393529496  0.11094700676875092
  0.12116801677993945  0.13196846019408495  0.14306772249288677  0.15437623494596045
  0.16535781856592982  0.17529889873030624  0.18551645604322889  0.19663143168997058
  0.20783820484367910  0.21893230200559757  0.22971083466584341  0.24165082047847475
  0.25349052763273483  0.26520398278959656  0.27617653178476653  0.28645272785150372
  0.29697387748920051  0.30760691619448954  0.31810709093372058  0.32849916624649150
  0.33917958799019282  0.34985755639704597  0.36010411960851629  0.37029517824529307
  0.38102241041124196  0.39228462634540179  0.40332382772271752  0.41386884195486112
  0.42415084326642416  0.43430594513298620  0.44446543672811517  0.45468333876221340
  0.46501958119400649  0.47554888473300860  0.48660279211889446  0.49769207149585160
  0.50849292188422801  0.51894355168707151  0.52943084497757098  0.54039982618899374
  0.55124815393362592  0.56216984066750819  0.57281143138406132  0.58349436397466992
  0.59391464938675631  0.60451022250513697  0.61523446241579094  0.62581118193718976
  0.63644067143985028  0.64731880302460987  0.65831983378567660  0.66920159956383862
  0.68024250442966860  0.69128480893429101  0.70211763406333261  0.71247602155378786
  0.72269410629281927  0.73265544354692591  0.74231603683318581  0.75199876529873755
  0.76213113670555710  0.77267849711710623  0.78317146988491326  0.79376912592114401
  0.80421247189917955  0.81530916947486265  0.82638360308721293  0.83747554242741917
  0.84841398530224532  0.85869331117426539  0.86844908084746253  0.87825814662365043
  0.88872479495486845  0.89922248393607074  0.90917416134252371  0.91878445356716798
  0.92847598780256968  0.93841513212699001  0.94853452236757374  0.95879100155807517
  0.96932764989576470  0.97966447892622976  0.98984726292980296  1.00000000000000000
 -0.00267269829111279  0.01050408640796566  0.02142757423874522  0.03194950505142682
  0.04246508324245450  0.05249294576689582  0.06273484178131300  0.07278719228774219
  0.08310507328524129  0.09361395960440119  0.10381560837671683  0.11432291594104585
  0.12551822831732370  0.13735537506752873  0.14909505653685259  0.15971307340445243
  0.17036743040094543  0.18113972211718363  0.19143639392186648  0.20192348196374188
  0.21241014855030568  0.22279713325055064  0.23280562055210097  0.24254219891796217
  0.25216256543250182  0.26173954170372410  0.27136670945660429  0.28215584679868272
  0.29329920462350761  0.30471514111109799  0.31626170490582650  0.32782505201984813
  0.33933384072214284  0.35100525865332127  0.36313560759319313  0.37511154893871163
  0.38682643441053155  0.39784428149523199  0.40840906518755415  0.41838948116391866
  0.42774876923502403  0.43677133227722981  0.44576921084388021  0.45513684871264370
  0.46484718795730912  0.47463132107279560  0.48456224857114250  0.49436425134660261
  0.50445802436479470  0.51480565814673807  0.52499038520755337  0.53489586659624044
  0.54466626012771013  0.55488937173841002  0.56585305637417760  0.57730946681513762
  0.58828870503371056  0.59886807265370701  0.60948433350826980  0.62023632211730850
  0.63110593992169117  0.64206424420533115  0.65275564228961935  0.66339841012056977
  0.67416067760992560  0.68503714321490494  0.69558920292219173  0.70600235007845180
  0.71670013860576931  0.72747150229319280  0.73792785898839830  0.74819956185847381
  0.75898542338214647  0.77025363013592496  0.78118346563468555  0.79190129343570370
  0.80274238028944400  0.81359971443260293  0.82450298534202415  0.83542967753740260
  0.84607851307934956  0.85614429217478871  0.86526604961968279  0.87433626809552123
  0.88355358867729239  0.89326967006083091  0.90343173012172950  0.91392673626414134
  0.92453043683947234  0.93614852986810915  0.94663002719815414  0.95753866599411097
  0.96748830448921053  0.97775863559135245  0.98870487671800744  1.00000000000000000
 -0.00223589476401801  0.00907348455840345  0.01811844404617106  0.02733421550152294
  0.03675493417112282  0.04709366294229407  0.05839061969788974  0.06919330738112009
  0.07966246167031667  0.08999310079052619  0.10061105991165026  0.11153255944661547
  0.12226632799459686  0.13291110533202982  0.14349746022708229  0.15395813389409707
  0.16442720883342368  0.17515444187032606  0.18618748089443052  0.19678203595958227
  0.20701140012403210  0.21755915859801042  0.22824881628119983  0.23881044592348472
  0.24919876977729633  0.25963980149843952  0.26992236668999126  0.28023476464837754
  0.29016313661306087  0.30014997324209974  0.31056433597676691  0.32156699928522031
  0.33314875846061787  0.34431542074809401  0.35453126924110723  0.36389798272333646
  0.37322533061155949  0.38262636275548251  0.39187261866965134  0.40099757779688106
  0.40989066729534568  0.41938924737984895  0.43001997205637471  0.44132851767061793
  0.45256502486805589  0.46408133874250007  0.47570002075356477  0.48634960857625170
  0.49632144929164940  0.50625634969784317  0.51669434503622447  0.52793819178272017
  0.53933803605439756  0.55068732875017501  0.56193768122292098  0.57283100608236126
  0.58360246446364350  0.59417459250809690  0.60436891599600584  0.61457166420253495
  0.62530823603203078  0.63730946686820311  0.65020072754638902  0.66206399952894568
  0.67372638571470500  0.68458025001412248  0.69552489148404129  0.70658921339508851
  0.71815665538569551  0.72938588511482638  0.73923953839756107  0.74872039408699675
  0.75831194855613537  0.76844894446000311  0.77848551635372287  0.78842734907765100
  0.79817664480395545  0.80802119812667017  0.81826306006894423  0.82863800544407440
  0.83858724389743255  0.84830124493408388  0.85828864537079730  0.86896804033222075
  0.87944466947722499  0.88985679200389800  0.90031832000122247  0.91100144776776759
  0.92193904277975469  0.93332837062128726  0.94450780070694962  0.95602551391452728
  0.96707340627210148  0.97841094449528254  0.98918448256187952  1.00000000000000000
 -0.00221210646694617  0.00800385059052919  0.01677893191774581  0.02517542897663102
  0.03359987548969010  0.04233985459347284  0.05134569566269680  0.06064069765976727
  0.06989196193212140  0.07914534669536026  0.08863537481887653  0.09847103765468833
  0.10838162869245406  0.11836829570442327  0.12828354012343821  0.13818797266350269
  0.14829947492394369  0.15875227162901201  0.16882544617681949  0.17855367874815944
  0.18823500639925403  0.19848301515457339  0.20923076172065383  0.21999690227442845
  0.23059529754220739  0.24114290145349898  0.25175825210349545  0.26238964150218291
  0.27323536933431430  0.28401747964256663  0.29483655463852360  0.30531777195460968
  0.31565044245225882  0.32609038399013229  0.33721952419982038  0.34902717527750549
  0.36080477763644386  0.37243525394665389  0.38471195506388295  0.39685009512575442
  0.40867591654108820  0.42058535278816267  0.43318986122281988  0.44500077859195875
  0.45640242192686192  0.46775949633445157  0.47943268808950523  0.49099114553205381
  0.50260914342753427  0.51469015580688959  0.52663471343346979  0.53893661823859340
  0.55154197820920015  0.56438697235433943  0.57689818375662072  0.58849235140045686
  0.59974223128722404  0.61122605608438951  0.62348388479186190  0.63567970965259757
  0.64771335180623779  0.65935363417216430  0.67068005243520623  0.68211259686328507
  0.69434528795027206  0.70695361428387771  0.71802314676321921  0.72822165677174300
  0.73803785246325426  0.74768368493973780  0.75743671036222282  0.76779698734400592
  0.77911562967915349  0.79030135852062955  0.80052313413960152  0.81059804879992770
  0.82119660283152829  0.83201291614263706  0.84242865653971932  0.85251636100796324
  0.86264145712933327  0.87271969023805274  0.88255566575951827  0.89217273560979904
  0.90181846896498008  0.91154471057526032  0.92086545300095268  0.92989031718129078
  0.93889985105099294  0.94812178172358630  0.95696787644882708  0.96586085384633924
  0.97441964569447204  0.98273156724468713  0.99151267307099555  1.00000000000000000
 -0.00288377992207203  0.01137435571965846  0.02264170546922751  0.03314461633117079
  0.04312594456537824  0.05293541940152447  0.06306794518907943  0.07379107479271640
  0.08463826985634958  0.09546052250192630  0.10596666737876406  0.11646926260981358
  0.12708246501059800  0.13794118339368469  0.14819100165842755  0.15821239662350395
  0.16818597624341236  0.17827883834945404  0.18790871707040702  0.19722186358498453
  0.20651864615676152  0.21707812683175251  0.22748079739573437  0.24000546315374160
  0.25236852239663976  0.26364016154448133  0.27498375201526598  0.28661638141884815
  0.29776591533129709  0.30909374802073769  0.32063446856381833  0.33197340469634645
  0.34201016080035856  0.35174575414935089  0.36172687350620519  0.37163093281744708
  0.38135753380185849  0.39086200141315808  0.40106337660951313  0.41168007024615200
  0.42234320037016976  0.43283797234744087  0.44359630406247225  0.45450677126818284
  0.46515313596781521  0.47549912360242785  0.48560320599705131  0.49576661600278360
  0.50616892815496750  0.51661559601571805  0.52734765944940698  0.53809714777808493
  0.54861593969930733  0.55897602225146326  0.56948004804313312  0.58004198674420049
  0.59041222268390670  0.60048790776352468  0.61051914253557493  0.62086050197177933
  0.63185825339282331  0.64351862447387675  0.65496109982878203  0.66619749770365877
  0.67790839852244766  0.68952720616506691  0.70044970285081387  0.71118120965807563
  0.72246420844426040  0.73384843868804761  0.74475532488180651  0.75557204151057789
  0.76674247135349971  0.77766790879110437  0.78804396194291726  0.79828032266954863
  0.80876789073578326  0.81936809479084816  0.83020434689103795  0.84036438184751516
  0.85033971430517774  0.85940651978522187  0.86788382485484084  0.87671426963381294
  0.88625517146387855  0.89621875579804522  0.90615999590357588  0.91592864651930084
  0.92612890478024568  0.93610505833774094  0.94596172645391219  0.95596974737657447
  0.96672080902300028  0.97779649986483608  0.98900321097432853  1.00000000000000000
   1.4308275193547867E-009  -1.0000000000000000     
 T F T F T F T F F F F F F F F F F F F F F F F F F F F F F F F F F F F F F F F F F F F F F F F F T F T F T F T F F F F F F F F F F F F F F F F F F F F F F F F F F F F F F F F F F F F F F F F F F F F F F F F F F F F F F F F F F F F F F F F F F F F F F F F F
  <DiscreteSampler_grid>
  grouped_processes
  1 # 1 for a reference and 2 for a running grid.
  10 # Attribute 'min_bin_probing_points' of the grid.
  1 # Attribute 'grid_mode' of the grid. 1=='default',2=='initialization'
  0.0000000000000000 # Attribute 'small_contrib_threshold' of the grid.
  0.5000000000000000 # Attribute 'damping_power' of the grid.
 # binID   n_entries weight   weight_sqr   abs_weight
    19   10   2.177817866982378E-001   8.317349447019221E-002   2.177817866982378E-001
    25   10   8.956418456991846E-002   2.167906496452940E-002   8.956418456991846E-002
    37   10   7.117503537123739E-002   1.245545532557589E-002   7.117503537123739E-002
    43   10   2.677887260967524E-001   1.290113846682437E-001   2.677887260967524E-001
  </DiscreteSampler_grid>
