 -0.00213048448758855  0.00828214191696856  0.01728037841111096  0.02652375396297888
  0.03589966414096556  0.04539982312919418  0.05499867223939909  0.06472148840748781
  0.07456286582831140  0.08453623680409218  0.09463113583284249  0.10485312557114726
  0.11519924339149733  0.12567132495283403  0.13625607706307194  0.14695484561832320
  0.15777720479262028  0.16874453807286391  0.17983924116649730  0.19107570321470271
  0.20242017133747697  0.21391591790829939  0.22551527499317184  0.23725448885848172
  0.24907556870685371  0.26103754057326234  0.27309333525884588  0.28527442283553173
  0.29750235645132961  0.30983835135298066  0.32225304435120927  0.33476635371007768
  0.34734315028381374  0.35997447596033388  0.37264992307353273  0.38536788208802153
  0.39811893377366414  0.41088375632070734  0.42366096330187364  0.43644879241426077
  0.44923114698273192  0.46197741499048717  0.47468579478674772  0.48734949364107144
  0.49997216662064531  0.51253430443881021  0.52502907287314804  0.53744214830317183
  0.54976048172905823  0.56199528856317427  0.57413043330561842  0.58616507619007452
  0.59806446712707118  0.60985767176910632  0.62153822207787490  0.63310057650468110
  0.64454361980312125  0.65586574425572619  0.66706520185806006  0.67813720221423124
  0.68908006687751799  0.69989745353839816  0.71057723728014011  0.72112032270304516
  0.73153287761620378  0.74182605774746457  0.75199846562884221  0.76204443587127602
  0.77196956678381112  0.78177561043550248  0.79146934363194232  0.80103975980311404
  0.81049564419675435  0.81982886010621181  0.82904299700874651  0.83814816990195240
  0.84713835238541879  0.85605017403510109  0.86481450025033080  0.87351037036668266
  0.88207930949466151  0.89057616120386751  0.89896871899602282  0.90724203674404991
  0.91542487052859456  0.92350604912402723  0.93151944637122819  0.93945243391441846
  0.94728797619094840  0.95504606305264905  0.96271927545781932  0.97030891847615852
  0.97782976577768654  0.98527444179585000  0.99265104495321921  1.00000000000000000
 -0.00248295516105537  0.00989513438303892  0.02019466741399775  0.03081595090462877
  0.04139014856838193  0.05199522178264552  0.06253267636354680  0.07301827115859551
  0.08348850530797411  0.09399901360746404  0.10454778251189462  0.11515789722925630
  0.12578419031527688  0.13646268616982291  0.14707610374874192  0.15764691261891031
  0.16821251980522625  0.17879570757759583  0.18939574183838206  0.19998909563892769
  0.21054072603917487  0.22110276587090014  0.23170008451059848  0.24231377404939752
  0.25289713138423470  0.26344357535021845  0.27396528638357093  0.28446453316898912
  0.29494094335563947  0.30547121471162381  0.31596600927871288  0.32650095991725608
  0.33700659238761321  0.34751621171369151  0.35805672167556596  0.36863787784628593
  0.37919466380090400  0.38972198749713344  0.40024638216320740  0.41086675866407107
  0.42147466475305750  0.43205429523212197  0.44261439642953693  0.45315614049864750
  0.46370234957269618  0.47417052530200726  0.48464033121941852  0.49505808830774278
  0.50550015844068896  0.51591827921960864  0.52630233224475120  0.53665319239846443
  0.54702907256557309  0.55752161015648516  0.56800871007599441  0.57853627219879999
  0.58904900032906238  0.59964791205441081  0.61017782883867910  0.62067425257031994
  0.63110984058212616  0.64153101443552030  0.65199021570743809  0.66244418173000486
  0.67287320714637078  0.68331748345456544  0.69386519156803483  0.70451269866692168
  0.71512214838879262  0.72573257768749100  0.73631136897635152  0.74697282453345359
  0.75747320663639328  0.76799564207652515  0.77848856027595048  0.78899168532116282
  0.79939102809547857  0.80972306715147924  0.82017094368726229  0.83068301961588475
  0.84131165563925292  0.85198561330881539  0.86264191933272860  0.87333854263204924
  0.88398348705208973  0.89467160264557422  0.90519994892058087  0.91571036348938339
  0.92618000986284055  0.93668164098306406  0.94723178305471234  0.95781244172685298
  0.96835958214538242  0.97887659392979476  0.98943154096849317  1.00000000000000000
   9.2410967814148765E-008  -1.0000000000000000     
 T F T F F F F F F F F F T F T F F F F F F F F F F F F F F F F F
  <DiscreteSampler_grid>
  grouped_processes
  1 # 1 for a reference and 2 for a running grid.
  10 # Attribute 'min_bin_probing_points' of the grid.
  1 # Attribute 'grid_mode' of the grid. 1=='default',2=='initialization'
  0.0000000000000000 # Attribute 'small_contrib_threshold' of the grid.
  0.5000000000000000 # Attribute 'damping_power' of the grid.
 # binID   n_entries weight   weight_sqr   abs_weight
    10   10   1.502068011139623E+003   2.368803019559512E+006   1.502068011139623E+003
  </DiscreteSampler_grid>
