 -0.00000001016716029  0.00001400945283650  0.00010608807948343  0.00029902121218675
  0.00058923071526446  0.00097233135438598  0.00143469652995990  0.00196472404651057
  0.00255302107573195  0.00320507590458266  0.00392669801940094  0.00469517937042573
  0.00551365815468790  0.00635659565922545  0.00727332478138304  0.00817037429596373
  0.00915247755795186  0.01014302130708437  0.01115625032710310  0.01221509482673453
  0.01328488974182518  0.01434406261485643  0.01546144845877018  0.01665899056433447
  0.01783254978919376  0.01898677478228331  0.02016560279760201  0.02136948885265197
  0.02258224114373089  0.02379725663496086  0.02504143804887221  0.02633720984857378
  0.02773872946206284  0.02910950506865619  0.03046013746790737  0.03179630075446543
  0.03309679838197170  0.03444778606247548  0.03586064647459242  0.03729172090279309
  0.03871961467228729  0.04014777842427725  0.04157426190005213  0.04299732069098117
  0.04444850015535494  0.04591310517415532  0.04740222356554429  0.04892198955478711
  0.05046421646382186  0.05200979249701142  0.05357271857503794  0.05513839862877835
  0.05666471151926619  0.05814300738523916  0.05965302600833090  0.06122557968572039
  0.06281153967171731  0.06444169982807547  0.06608241302390046  0.06777625661295351
  0.06948772391165008  0.07120405505464936  0.07293197493686830  0.07466894230868715
  0.07638653837727995  0.07815821372452900  0.08003043768165781  0.08198770350587770
  0.08399102246574655  0.08601049690828667  0.08809091635212137  0.09017899684815109
  0.09228859635100770  0.09444862470016345  0.09665983798423536  0.09888224822396055
  0.10112290142788842  0.10345359708584830  0.10583562940834676  0.10863159736833156
  0.11173933047537610  0.11480832374068864  0.11783541873465793  0.12097207410181009
  0.12422093058493013  0.12763740501538218  0.13124923738259495  0.13495166951627813
  0.13867550356169386  0.14431208708555104  0.15073813564475524  0.15789834861743690
  0.16662146204474992  0.18009648192246838  0.19417470399884712  1.00000000000000000
  0.00947056163188556  0.01613384352254359  0.02554861059805304  0.03583712196965498
  0.04575545957469435  0.05556365963715557  0.06556121816665197  0.07573611060424169
  0.08614868906186655  0.09704169569747408  0.10812741728062397  0.11891997095239754
  0.12970324994329005  0.14002435255456805  0.15016500911816985  0.15998729182210578
  0.16997265409835452  0.18037689138243845  0.19097084970078135  0.20167746645694640
  0.21245798235917113  0.22335442882949100  0.23425009852772505  0.24500629425436546
  0.25572695853880262  0.26644366209446863  0.27690876686688215  0.28702553780106232
  0.29696252166353643  0.30685012546525248  0.31669246901019948  0.32657925368949042
  0.33674784507931788  0.34730984420684563  0.35781800752974546  0.36814754413880779
  0.37852271753639988  0.38899996658498243  0.39953750682587025  0.41008905076469354
  0.42061315517669662  0.43100045969604123  0.44096293571635131  0.45059556182046495
  0.46030454607299676  0.47000460910041508  0.47978158251485731  0.48987318016671882
  0.50056718736139560  0.51222377381040174  0.52411751540022056  0.53598917834764059
  0.54800515522891424  0.55991597717966657  0.57125071980055864  0.58195603813396490
  0.59235611881558459  0.60256695362149348  0.61233393560427152  0.62161627844550893
  0.63091241402796783  0.64041963117822975  0.65022536433582967  0.66022698667140478
  0.67048016717380032  0.68094748694803653  0.69145641930611801  0.70208369024898765
  0.71284483178747282  0.72374445078122573  0.73490477883142780  0.74613732059691151
  0.75701730404496270  0.76768488034284277  0.77819618135398128  0.78863406604582897
  0.79886656683790747  0.80950451169168980  0.82051752317943938  0.83170172447336999
  0.84254757647013634  0.85336304459942380  0.86420232888240611  0.87460008837690484
  0.88452862239736785  0.89447707072684035  0.90508593140585059  0.91601028101922621
  0.92688653685384237  0.93795886818271035  0.94944962301057512  0.96087032839531694
  0.97126997343554766  0.98169993103797326  0.99137271426176221  1.00000000000000000
 -0.00210153896085077  0.00896728794211002  0.01821642936226179  0.02786885990267425
  0.03767180178843715  0.04811354481051934  0.05878743855816294  0.06979127676453017
  0.08113114711351108  0.09273158771620284  0.10409800265961192  0.11473401341725907
  0.12513114574981027  0.13505544554669952  0.14504687271012712  0.15547647352558555
  0.16605422804814016  0.17606825271883997  0.18571562986637263  0.19593140554413582
  0.20634935894286677  0.21639867144906227  0.22620300199976986  0.23632728397842281
  0.24686775257824581  0.25822417281510535  0.27019781203159865  0.28231705033515020
  0.29402734969058325  0.30568375799394082  0.31732819010586560  0.32922360981115706
  0.33994028327144554  0.35066063590549346  0.36108561680639850  0.37168673526488993
  0.38220319274969050  0.39256401376091149  0.40373802004279014  0.41502819876752262
  0.42609465823000015  0.43679357166886362  0.44669738816732335  0.45640101104791592
  0.46615492568406408  0.47634821412318712  0.48712419754024955  0.49728215569951534
  0.50774684834930051  0.51827414552814532  0.52924771615271926  0.54015011705039839
  0.55059783297989362  0.56071880225813875  0.57102477586017852  0.58113527562093359
  0.59155927411290865  0.60205004593452816  0.61251966651140932  0.62276262366414759
  0.63291333058929977  0.64310405777371416  0.65333219837458723  0.66335614410631938
  0.67401772696388884  0.68462428636789086  0.69462002476282658  0.70457582439099864
  0.71462333551325685  0.72486802608357326  0.73541732332579701  0.74623644960226576
  0.75686119256870388  0.76733607664021730  0.77789153224286955  0.78866571403376173
  0.79914752623041996  0.80960585284880071  0.81991984141537477  0.83062997824800644
  0.84093067865057591  0.85122319832352367  0.86146820976562477  0.87153713979155345
  0.88202429267602878  0.89263786306465653  0.90375831028072451  0.91509693012970950
  0.92606024712037516  0.93679273327749535  0.94735787798688753  0.95786563687041759
  0.96808321549620080  0.97817517014162458  0.98886336412444586  1.00000000000000000
 -0.00272837622205966  0.01059438290615435  0.02168416809233858  0.03201616956478325
  0.04268183107640591  0.05380861847009015  0.06430674351043726  0.07424835592640638
  0.08450172853848836  0.09571147856909047  0.10685056547991394  0.11719377633711632
  0.12783592799157947  0.13900684284261719  0.15031164205032171  0.16177586479590850
  0.17287039058235079  0.18376602249290488  0.19436425216363282  0.20484332347231168
  0.21562031149573058  0.22657726930924610  0.23716140708466529  0.24747126425624422
  0.25772093717430861  0.26792665065895782  0.27820773250991132  0.28873971449909402
  0.29931789377093304  0.30956454737669314  0.31948463162673191  0.32939909716304033
  0.33959803288716528  0.34970342001524518  0.35991905277575231  0.37054046344953417
  0.38166517675014372  0.39315130680760668  0.40483223809614977  0.41696478777671248
  0.42975751205898993  0.44271011378432079  0.45520981612588074  0.46696111306913096
  0.47779424475854876  0.48788274766100953  0.49787434047543960  0.50830913277426526
  0.51883659757256984  0.52873142045458099  0.53854107742268331  0.54870538844570160
  0.55916460885324648  0.56948032235302537  0.57950140809816642  0.58978494468302578
  0.60050349074677478  0.61111938747379557  0.62168374158973516  0.63256897503216769
  0.64343363498918438  0.65404398367002348  0.66447848088940420  0.67530077550801770
  0.68646493486768823  0.69709355260181860  0.70739458534889732  0.71783386186745257
  0.72817942123732893  0.73850212549835292  0.74849142661155721  0.75842247383061068
  0.76828811044460776  0.77811269598160226  0.78810009300444417  0.79785791048168575
  0.80739546437971066  0.81699836292368355  0.82674638070971140  0.83641750974014040
  0.84585088543555698  0.85530272760135229  0.86509522767477298  0.87499821877449646
  0.88539986629884038  0.89552515279404643  0.90631296472112588  0.91707916294656300
  0.92870814825724057  0.94010417543519809  0.95151547549447857  0.96196692080349644
  0.97201648667927532  0.98160675926287644  0.99083485718448183  1.00000000000000000
 -0.00229425644148474  0.00893906621096085  0.01857289167751628  0.02935741588533268
  0.03985408079435013  0.05035464314218136  0.06055533562570368  0.07009039800597881
  0.07989616950360533  0.08940668516602844  0.09907528250865992  0.10847063865726250
  0.11815168133865396  0.12812503499190808  0.13871758050155855  0.14928097497245685
  0.15990205851976258  0.17103428451872726  0.18228136061072633  0.19340073866747384
  0.20370005304105807  0.21433203327486527  0.22512444437142254  0.23563084560549141
  0.24621960263089598  0.25728881187225827  0.26845309229385250  0.27860221339906732
  0.28864078031268980  0.29853284215453141  0.30842081881209732  0.31819589406199589
  0.32840321126527422  0.33852958506853742  0.34892947799634383  0.35949942319523470
  0.36994082885242757  0.38015256187228041  0.39017192158216746  0.40023048287511842
  0.41022721115063587  0.42032536385872843  0.43090868207603539  0.44163211123155816
  0.45259108353826061  0.46354073349296443  0.47472591130793651  0.48586959545365588
  0.49692292085447576  0.50747337495275535  0.51765169877491612  0.52889672032059609
  0.54098742253253329  0.55300302231365184  0.56437938284823030  0.57570775525134710
  0.58648409809857516  0.59729824135577381  0.60769934805677039  0.61811165486374786
  0.62870832608605542  0.63934145408762411  0.65001833914813312  0.66032209893498717
  0.67111262285930662  0.68157067879344058  0.69236836805695934  0.70354875723386689
  0.71558858338713516  0.72784421885666251  0.73961528822050082  0.75063241062129460
  0.76099567978301086  0.77114107279182620  0.78131837699010964  0.79156129738230629
  0.80224175072554615  0.81318460419421812  0.82444589768487009  0.83532840335724001
  0.84582319136897299  0.85647793536870553  0.86689864852072041  0.87700281800803914
  0.88690160316942590  0.89678326071884418  0.90712926239027492  0.91772719372696243
  0.92854120120084338  0.93945137958053160  0.94997197260282651  0.96033960604057889
  0.97021539885410368  0.98012398799479927  0.98986873606625803  1.00000000000000000
 -0.00212232834156325  0.00891961242937501  0.01827044593721994  0.02756860676144808
  0.03712371428229320  0.04679219441020546  0.05669066664647018  0.06641908832927333
  0.07622803978549168  0.08636224323117844  0.09715717147016156  0.10798141957973000
  0.11906662234095042  0.13025637461417827  0.14164131372781349  0.15283986734124910
  0.16372897307768675  0.17494657027687843  0.18582913299433190  0.19633068844614318
  0.20696898823806173  0.21717906121222877  0.22716146164302597  0.23676411121544375
  0.24674462335207595  0.25725501352576130  0.26765416686850674  0.27831206402625586
  0.28891770598054645  0.29928407137136065  0.30906745956600440  0.31875627315615074
  0.32861359852738575  0.33884463328155190  0.34972450586388948  0.36055619668700972
  0.37109207070014572  0.38114805386174250  0.39104509937461196  0.40122098069803630
  0.41185417282546222  0.42294195439482035  0.43427124921798205  0.44585288256432998
  0.45743764237762985  0.46853565894435262  0.47932978875998083  0.48982778660517590
  0.50030804580928223  0.51003331320363998  0.51984813146622155  0.52978586504748415
  0.53977346512127655  0.54964842687980020  0.55983462112030424  0.57062361119891425
  0.58203444780081093  0.59257937957212947  0.60284190007036031  0.61316482048020904
  0.62360513430401310  0.63379096117960187  0.64391199555888046  0.65409628500795303
  0.66464708069895617  0.67529786165267391  0.68595922953027699  0.69625406249353450
  0.70636077478372838  0.71641448180892398  0.72651642391749949  0.73672326518434816
  0.74703031874089076  0.75737346956786178  0.76810629106114414  0.77949893470057496
  0.79101492009057572  0.80214384455123200  0.81303396955946539  0.82391079118074284
  0.83497409342149620  0.84621677543379625  0.85763489361626566  0.86886904716584346
  0.87946095865524865  0.88986980810391536  0.90005765040089214  0.91020599362955945
  0.92052007594405583  0.93105837741639319  0.94206075396259081  0.95345584065300237
  0.96484552312226535  0.97649667602542212  0.98825193363013564  1.00000000000000000
 -0.00190423281749331  0.00732437998537041  0.01524978560544336  0.02333403885690902
  0.03148836585806566  0.03968751057527601  0.04844611266486435  0.05746839435297596
  0.06628985825172942  0.07517502512405713  0.08465176528984207  0.09436997365632120
  0.10395552598323109  0.11317861821408587  0.12246862635002316  0.13214640037544362
  0.14206358022877136  0.15204432926059111  0.16201907613456162  0.17210526395130304
  0.18231190739847580  0.19305468366856704  0.20437221520840687  0.21570804963081844
  0.22683888485647280  0.23791565432664499  0.24877289774399125  0.25972618237335854
  0.27120041644601905  0.28348058197780612  0.29587012988386091  0.30800257887433663
  0.31958348768706402  0.33100145943254927  0.34240993035957573  0.35348438799644555
  0.36410159812962362  0.37452435639608295  0.38503771991630314  0.39556808916838176
  0.40622235499689086  0.41728397408217605  0.42862862742244617  0.44038576031951537
  0.45230327819003185  0.46431874400843204  0.47652689129706344  0.48897074487173614
  0.50154004227290827  0.51320759961406381  0.52516311688812456  0.53744755376337061
  0.54972876480199373  0.56203199952993532  0.57452317623947757  0.58691578342997364
  0.59914349650862275  0.61135958950896108  0.62337288935822277  0.63495688225936664
  0.64625347492173291  0.65656988140368211  0.66681204224728630  0.67719966396404874
  0.68786766660958876  0.69872924966529093  0.70966698699379993  0.72081081346915055
  0.73194051094978729  0.74275602979771538  0.75358194469027684  0.76422065637075243
  0.77515484726804007  0.78660749614832692  0.79796558900650882  0.80871137947172700
  0.81864145468267036  0.82805425330987559  0.83734071110508057  0.84638295197142310
  0.85553798876818632  0.86498518980695771  0.87484062955032194  0.88531399807953615
  0.89589669179945708  0.90627331496630048  0.91651017300429449  0.92641924532921871
  0.93603664171850698  0.94512787063158288  0.95394613824822561  0.96302089568738913
  0.97227697469163887  0.98142476935848333  0.99072683979110188  1.00000000000000000
 -0.00329558504699734  0.01115372295939389  0.02285362434854765  0.03374113618923569
  0.04463171978500460  0.05527126150660761  0.06606310210551250  0.07658248304518163
  0.08732601989168071  0.09870107840746353  0.10967181013474440  0.12036284452122317
  0.13051076015876947  0.14057607539881856  0.15129694398017920  0.16235755142477043
  0.17301616562786115  0.18332861550978949  0.19380519001315344  0.20435085010599502
  0.21476423749750476  0.22508370031345884  0.23580048039614782  0.24683831369671355
  0.25775894180806397  0.26846847874761492  0.27888594796147148  0.28911956789176468
  0.29943696783956969  0.30994644499148377  0.32061635119502552  0.33118616905891363
  0.34157077990995782  0.35166994144596886  0.36179194294046579  0.37181064495094435
  0.38188152703152950  0.39238790951829705  0.40308123313496819  0.41341155759541370
  0.42336774689160450  0.43355751999080855  0.44483470752694404  0.45668178452027386
  0.46803485857367982  0.47896670279525499  0.48972364767012949  0.50057204952487144
  0.50993803359130074  0.51961128581990357  0.52972479370424519  0.54038639078884765
  0.55082921848084021  0.56129712475630866  0.57211678317781933  0.58293777948565528
  0.59314559519706500  0.60302171506610314  0.61300361813522219  0.62274428070001986
  0.63257957111628249  0.64264330986060081  0.65309912295603911  0.66359736274975145
  0.67407698997619070  0.68454098326471868  0.69492218810514850  0.70531259338113206
  0.71611736098911194  0.72696498829362577  0.73794777748711970  0.74898137947359789
  0.76047797048883248  0.77192759043708459  0.78316829077808703  0.79438505725777442
  0.80513953110433045  0.81619656679983310  0.82739530623236301  0.83824804176410150
  0.84871124021967081  0.85899111483971213  0.86922351377528917  0.87924817673085920
  0.88876845763579992  0.89835169747034271  0.90777971613766295  0.91727577324721665
  0.92716240816055462  0.93753020992615232  0.94813862500976287  0.95833594027535496
  0.96854758613356529  0.97899741672375473  0.98969798809835940  1.00000000000000000
   1.4319074891734857E-009  -1.0000000000000000     
 T F T F T F T F F F F F F F F F F F F F F F F F F F F F F F F F F F F F F F F F F F F F F F F F T F T F T F T F F F F F F F F F F F F F F F F F F F F F F F F F F F F F F F F F F F F F F F F F F F F F F F F F F F F F F F F F F F F F F F F F F F F F F F F F
  <DiscreteSampler_grid>
  grouped_processes
  1 # 1 for a reference and 2 for a running grid.
  10 # Attribute 'min_bin_probing_points' of the grid.
  1 # Attribute 'grid_mode' of the grid. 1=='default',2=='initialization'
  0.0000000000000000 # Attribute 'small_contrib_threshold' of the grid.
  0.5000000000000000 # Attribute 'damping_power' of the grid.
 # binID   n_entries weight   weight_sqr   abs_weight
    19   10   1.473579227039329E-001   4.298841813148240E-002   1.473579227039329E-001
    25   10   1.029668439073210E-001   1.888172820821630E-002   1.029668439073210E-001
    37   10   1.174733257177236E-001   2.708975139791235E-002   1.174733257177236E-001
    43   10   1.275484812866694E-001   2.867292694672167E-002   1.275484812866694E-001
  </DiscreteSampler_grid>
