 -0.00000127933037949  0.00022489922855338  0.00065314572170299  0.00109683838785202
  0.00154500621387025  0.00200690394904658  0.00243032642320158  0.00284843458297430
  0.00324750177945478  0.00361489565908156  0.00396461499474400  0.00432097598169456
  0.00467880228177048  0.00503428783693998  0.00544309735143722  0.00584708590340823
  0.00622302839262166  0.00657334128772260  0.00699241823777152  0.00738815012592363
  0.00778322806664786  0.00816471661650790  0.00855103914277731  0.00894268675305611
  0.00932733972574431  0.00971204501581888  0.01007743123028824  0.01042487542879531
  0.01077021501130192  0.01110593462405745  0.01142086197458728  0.01174045173674921
  0.01208095172921261  0.01241333720253268  0.01274842228110564  0.01308771183640746
  0.01343808199051990  0.01377841949526525  0.01410409035457839  0.01442571449004521
  0.01474982796990783  0.01507647296296733  0.01540510938827944  0.01572759235876858
  0.01605073037534143  0.01637582874336238  0.01670569168260080  0.01703867347165465
  0.01737147489422357  0.01769937181830214  0.01801920073048866  0.01833437723189435
  0.01865212030423654  0.01898267458155717  0.01933598533726945  0.01969508385311382
  0.02005270585853991  0.02041948438413426  0.02079767669777471  0.02118148488793782
  0.02156241760453720  0.02192456574710496  0.02228807794500866  0.02265763114296072
  0.02301690352514840  0.02337178393580561  0.02373064585425755  0.02409264571846255
  0.02446774591180857  0.02489811008070489  0.02537368655509759  0.02586112753965288
  0.02634454606463384  0.02684529591135595  0.02738853215700774  0.02791925209174584
  0.02845638689364930  0.02900518417338861  0.02955415620396049  0.03010448072174673
  0.03066707808311732  0.03126495641505121  0.03194505736846061  0.03272330314592043
  0.03357314307017373  0.03439548763397049  0.03520228771208274  0.03602594320559820
  0.03689952020201673  0.03783017117672353  0.03893867735786716  0.04027731548715180
  0.04219394164497219  0.04548520950365717  0.04825787864819947  1.00000000000000000
  0.00981883624744045  0.01484591761835728  0.02264521662220147  0.03188062107982859
  0.04289287611577718  0.05569943534819716  0.06750217906286780  0.07665168734935494
  0.08653028678712593  0.09596151551756067  0.10514082813200833  0.11409639196853194
  0.12368593018754667  0.13483200670055001  0.14615074408409087  0.15518693763284602
  0.16345819649578799  0.17238493344585748  0.18147652815893958  0.19002172571037479
  0.19796481335812932  0.20652689183882589  0.21805009259083255  0.23000348674505022
  0.24075764078772269  0.25060942557625032  0.26030729091883748  0.27067379209618769
  0.28122073256460134  0.29179215211350623  0.30239739528545240  0.31281878372403188
  0.32289237849007474  0.33267602780494487  0.34252404585624152  0.35238895195084952
  0.36269020751921244  0.37356726048034378  0.38607982405527647  0.39902759863757808
  0.41007671257529243  0.42082138631125959  0.43049120278494973  0.44067792198325367
  0.45020822552820144  0.45950218424774791  0.46812392679241321  0.47596477962867467
  0.48420228604101867  0.49287394986091965  0.50196586016853451  0.51126485539751720
  0.52088098295653440  0.53006528342993464  0.53904308450621341  0.54844057699374182
  0.55852189617156456  0.56936693900918356  0.58071466863967791  0.59185190263194121
  0.60283001048673734  0.61368061624029469  0.62434107834717123  0.63453671143060986
  0.64440668187747385  0.65596241934333077  0.66839356799747096  0.68159389258892866
  0.69586360793302859  0.70921901111668195  0.72095719680881187  0.73268712479237097
  0.74563130187547444  0.75915431172307701  0.77190554546731005  0.78453866393269711
  0.79659217182900832  0.80806366119504125  0.81915327456434239  0.83019331070969371
  0.84091857076734877  0.85204221947092995  0.86405977691485547  0.87596135876445180
  0.88676913620767650  0.89642468513330209  0.90541972644076307  0.91440262308320119
  0.92381311750279893  0.93322888659368430  0.94299861319408607  0.95350582945530116
  0.96437908430217811  0.97483496942759573  0.98668801289516150  1.00000000000000000
 -0.00001935029234549  0.00017279117024719  0.00044210698034938  0.00081928861558622
  0.00133460795642899  0.00210464609801473  0.00292906166364803  0.00390460799128156
  0.00495008403662191  0.00611689439725499  0.00734973764992154  0.00866807010987766
  0.00999345335009040  0.01143582129284506  0.01296716247084747  0.01445211495369374
  0.01606534377434999  0.01813877399889439  0.02069533746005634  0.02339845010682766
  0.02594756712882945  0.02837061515480920  0.03081445484576883  0.03327703071434917
  0.03571135996915262  0.03812327672812102  0.04049508967043735  0.04269156080752370
  0.04491098947696633  0.04731654452234838  0.04982396813972614  0.05237321613341585
  0.05497477316364079  0.05766585088666387  0.06035364171713049  0.06301843498900404
  0.06562587669149364  0.06828020740173073  0.07118719980987474  0.07426623119853856
  0.07745320120376420  0.08072201225339504  0.08415294952957092  0.08788922732695634
  0.09177734652202554  0.09565403013904421  0.09996218098893045  0.10412117574578306
  0.10815194426348219  0.11209560107983477  0.11608179975024280  0.12030840069974602
  0.12486818867689019  0.12989370509371553  0.13512355548205654  0.14047115119626211
  0.14599623561262953  0.15187449806905062  0.15877253134510208  0.16660573801186782
  0.17457361200333565  0.18178739706936764  0.18805933262670294  0.19449973531430229
  0.20085797015622267  0.20774895512600258  0.21471009388887599  0.22192122563072103
  0.22962777670415080  0.23822929163495601  0.24700223207148408  0.25570541259797336
  0.26434479094792340  0.27294877800543421  0.28153717403207895  0.29025935927842272
  0.29888355326759669  0.30863145069232845  0.31933439579675965  0.33035322460597605
  0.34238676603254409  0.35563175051374063  0.36919372513419163  0.38515584234451433
  0.40398601256910399  0.42316954640274929  0.44230075373650246  0.46005875011832709
  0.48058519853595943  0.50382083696439139  0.53115326488602266  0.56212075435962650
  0.60604236613180962  0.67998189442233115  0.79725145877228720  1.00000000000000000
 -0.00282552810440103  0.01116508961987861  0.02376448029579243  0.03612648144901050
  0.04839673611494466  0.06047632424634006  0.07312225661898318  0.08547643885877194
  0.09705806193503286  0.10801921939839076  0.11886793900617749  0.13060464355559395
  0.14282610496987216  0.15275507692013957  0.16157873784696147  0.17015737802118044
  0.17827127531264766  0.18636300677886916  0.19413562770436796  0.20172036839844196
  0.20976383896149359  0.21893699886849535  0.22888466515271033  0.23994560749070062
  0.25217179337143847  0.26537959245606796  0.28030877563771389  0.29258052379935157
  0.30390603754049283  0.31515237084466335  0.32657667126044554  0.33827589760446414
  0.35085369541767286  0.36121391357151034  0.37002439615570371  0.37861631404919488
  0.38783515180967687  0.39789107651861627  0.40701575534107193  0.41588659740902090
  0.42533633766251411  0.43519642458137492  0.44514118147359305  0.45501478138938617
  0.46547673577280185  0.47605576512625392  0.48522678461080565  0.49400529608907412
  0.50349222626734236  0.51376702456764611  0.52388086787023314  0.53367550309121159
  0.54300374442913069  0.55243348580027307  0.56181852417170786  0.57160205915466489
  0.58169510799917212  0.59202473326740179  0.60233933490548908  0.61237723212115647
  0.62208904198369153  0.63141590731822861  0.64003475841283275  0.65183477488357433
  0.66601067898823851  0.68021665902970641  0.69356435984072340  0.70540773808900414
  0.71754875708323651  0.72971782778354577  0.74113441628137156  0.75293016967620552
  0.76471062755041008  0.77524149094713823  0.78455032691875370  0.79472946545275847
  0.80523085240957293  0.81536410671018167  0.82502860715287529  0.83492759412940731
  0.84529952031549027  0.85552195677320397  0.86592119864747130  0.87598670827043157
  0.88550507415910695  0.89481580119000803  0.90405874661209262  0.91331313738025532
  0.92222459667154455  0.93091554483601224  0.93950954419896915  0.94861059181767016
  0.95835440479365586  0.96860244464660028  0.98126306954394327  1.00000000000000000
 -0.00341694680147710  0.01189382787657189  0.02416867684747956  0.03617442982731491
  0.04800837385722605  0.05983170762618552  0.07220721772073561  0.08448201295190215
  0.09615224638306140  0.10885743786771901  0.12231676906379831  0.13445152030103924
  0.14621183540007773  0.15591092567037348  0.16499093717619093  0.17454216386456811
  0.18412084144587884  0.19438556780240254  0.20437411182933360  0.21676567954908532
  0.22942834774442733  0.24102096479469673  0.25256539998666194  0.26433587741083564
  0.27594204560240210  0.28781919738798972  0.30151668785557845  0.31628838732766401
  0.33003904700217840  0.34253781068228351  0.35433113095791968  0.36494953433838212
  0.37518029233018235  0.38550792711861709  0.39573400843123374  0.40475367993878431
  0.41294858945587232  0.42196716078190039  0.43179382951964695  0.44152147305893086
  0.45028784439464931  0.45966801117645256  0.46998327873836343  0.47986472654200890
  0.48923472165121917  0.49939312928613766  0.50965973272148002  0.51882901620157873
  0.52864102247391165  0.53845826157503029  0.54773247083234866  0.55727004862368279
  0.56750398241892475  0.57799416992382180  0.58869408795447364  0.59928106092411704
  0.61292782143677282  0.62761446888218109  0.64117638291957313  0.65213213404161952
  0.66124897233074076  0.67053777936880177  0.67969602548033192  0.68859622469519532
  0.69678127302911008  0.70484999132959281  0.71341507773570056  0.72247540120392872
  0.73143587736366655  0.74012527062363831  0.74941149624993575  0.75968545191035153
  0.76896758308875557  0.77765930142197481  0.78678396954204866  0.79696174094538819
  0.80767673380239391  0.81861294608768886  0.82962989865720516  0.84127086066735535
  0.85297535291706417  0.86317938857891185  0.87332633434041962  0.88242671057382749
  0.89082438600806702  0.89900660619561790  0.90754756814670390  0.91637094104828754
  0.92550288640786815  0.93472274419689150  0.94479344992279302  0.95617218852449848
  0.96747049037736177  0.97877980561623312  0.98967179454475118  1.00000000000000000
 -0.00165240878221345  0.00656266656926711  0.01438678590141887  0.02225143900447214
  0.03050176032314716  0.03884369161985100  0.04680984539690061  0.05454021053216759
  0.06289371074829524  0.07230810397545559  0.08235098827213770  0.09037231273809956
  0.09830549103995481  0.10576503371378031  0.11257287199102611  0.11924982971571629
  0.12596444891995295  0.13273985327978008  0.13973985629647634  0.14711051255277380
  0.15445367179180702  0.16163515791814323  0.16935982751216583  0.17789602349879755
  0.18664387896988968  0.19453897648403759  0.20213397185595239  0.21022991537078919
  0.21872943615594151  0.22599048375558636  0.23419534537576042  0.24217668028833897
  0.25042118507461919  0.25896398832040379  0.26773482123031800  0.27628378867788606
  0.28445312781018878  0.29184789540700218  0.29848366041475283  0.30502866779381732
  0.31255051613788576  0.32112318683629654  0.32977950890732671  0.33867558225699912
  0.34776690553853967  0.35637779390042773  0.36423643404513212  0.37194297207557747
  0.37934001485275065  0.38678535924471813  0.39373537218998245  0.40209869056076075
  0.41019563422661565  0.41969561186232363  0.43123655939146627  0.44358825087172998
  0.45687207509880012  0.47122435297723975  0.48629910788935954  0.50089882185968648
  0.51506970296491628  0.52667215058876315  0.53590678081587972  0.54524455815044104
  0.55470912120602089  0.56436574610590651  0.57439246918620035  0.58518892625173380
  0.59782357568314926  0.60971412672074987  0.62173593770007562  0.63370406723328299
  0.64512724378148611  0.65762035928700580  0.67011456624540455  0.68297405379913079
  0.69477341476235022  0.70579488934723311  0.71598121332262932  0.72587047009501737
  0.73700969193630517  0.74953588354675782  0.76318114335730014  0.77655831442689305
  0.79090859440241867  0.80625495447461548  0.82342547592281690  0.84031690929545344
  0.85630937188198453  0.87249136329676802  0.88945240090130118  0.90650369774090778
  0.92448064515124617  0.94448276934399500  0.96945339584429491  1.00000000000000000
 -0.00224150358912271  0.00893841358485497  0.01907399762966195  0.02976897282061765
  0.04171679294409580  0.05423406689090636  0.06797862288417168  0.08164690334392501
  0.09375339444555017  0.10575081436597125  0.11776490809092408  0.12965998104626175
  0.14067850447035005  0.15127693991351279  0.16187539552169145  0.17197541629009797
  0.18186425169775605  0.19151285297467957  0.20102741209026748  0.20993713384860824
  0.21865950596434527  0.22806162975226787  0.23880885634285601  0.24972427253165935
  0.25892892504007337  0.26795404126482919  0.27711382404407248  0.28641460025782578
  0.29526266980096605  0.30350534785072281  0.31214210790760921  0.32218222509925731
  0.33291975765202619  0.34349251218117488  0.35424625327241988  0.36635685766554837
  0.37984083902439414  0.39243876439048897  0.40418438256399747  0.41487781804489537
  0.42565008400252174  0.43619554747444078  0.44604523741286745  0.45620565522813478
  0.46716914439028773  0.47972719635499861  0.49293625835208327  0.50527699061164766
  0.51702990710630181  0.52875033151618112  0.54067719889119259  0.55283133840647369
  0.56444518307476077  0.57491723159484909  0.58425021184318215  0.59256677997262019
  0.60134213077105925  0.61027405410071978  0.61887397762344254  0.62727119468703763
  0.63570538932324328  0.64442163842799027  0.65437201261779143  0.66511809410609546
  0.67594039622195079  0.68728538187895871  0.69874018409556915  0.71004211801093187
  0.72100309365968118  0.73101084203515920  0.74033871902289272  0.75009277584726497
  0.76263322262647482  0.77563024041453177  0.78747057909927765  0.79853712977520197
  0.80916286721304675  0.81812460084918759  0.82619197217007834  0.83500449181513892
  0.84370035340746319  0.85312402981687563  0.86091700743013666  0.86827363638844179
  0.87621239645934357  0.88526654293908069  0.89489363476485539  0.90535801338158506
  0.91648407432951484  0.92786066845599147  0.93908365176613817  0.94976629678601221
  0.96063273057770404  0.97209187548337439  0.98469181377051840  1.00000000000000000
 -0.00249673168594941  0.01016280228532685  0.02047059852163076  0.03000927451134219
  0.03967308993762128  0.04873500071010756  0.05771759044291171  0.06641418525446538
  0.07441921077097943  0.08280798051646023  0.09187533355701315  0.10110905369014436
  0.11112288487181754  0.12258550408986665  0.13590423011549463  0.14825038214688319
  0.16005614624225167  0.17086780343355451  0.18143270796269323  0.19163808676861396
  0.20114037985099478  0.21064519058761361  0.22012612574263313  0.22996781956713389
  0.23955435923744928  0.24873950869631412  0.25899531481105592  0.27076607148844506
  0.28382470386537173  0.29784054473591637  0.31253034880895075  0.32649397114746337
  0.33837147816903163  0.34840352874310354  0.35872449671251083  0.37010231871103633
  0.38140905539842868  0.39175022510853108  0.40276080666860203  0.41326275947052599
  0.42218940400431859  0.43065804968794935  0.43963023084501862  0.44898877206408278
  0.45843854358924085  0.46803115501016856  0.47781983221236363  0.48870505946932002
  0.49980499469674466  0.51061574900060402  0.52151087357259862  0.53202429867698331
  0.54285874877027163  0.55375313900570744  0.56437690847396915  0.57194599988146366
  0.57997087517181201  0.58846271988291776  0.59789008362097584  0.60735936496350207
  0.61634422321883153  0.62535528014185671  0.63486202001862835  0.64469293077013279
  0.65476629581168888  0.66461172476046049  0.67484255217513800  0.68541112575577789
  0.69818987820200384  0.71138565946661303  0.72419610525834066  0.73628627343623554
  0.74836398340724308  0.75950731388089698  0.76990464329979680  0.78010851834799499
  0.79169218751093806  0.80372239802108769  0.81494902418083814  0.82597994172696276
  0.83829846883740733  0.85204657161059472  0.86586896157121085  0.87771075452284997
  0.88787792523960185  0.89829334959552565  0.90909742260635340  0.91988018782908709
  0.92978859906120681  0.93939289334227905  0.95033746930711627  0.96062561315442785
  0.97025649243324874  0.97966723294886116  0.98975588510655488  1.00000000000000000
   8.4345665471116993E-025  -1.0000000000000000     
 T F F F T F F F T F F F T F F F F F F F F F F F F F F F F F F F F F F F F F F F F F F F F F F F T F F F T F F F T F F F T F F F F F F F F F F F F F F F F F F F F F F F F F F F F F F F F F F F F F F F F F F F F F F F F F F F F F F F F F F F F F F F F F F F
  <DiscreteSampler_grid>
  grouped_processes
  1 # 1 for a reference and 2 for a running grid.
  10 # Attribute 'min_bin_probing_points' of the grid.
  1 # Attribute 'grid_mode' of the grid. 1=='default',2=='initialization'
  0.0000000000000000 # Attribute 'small_contrib_threshold' of the grid.
  0.5000000000000000 # Attribute 'damping_power' of the grid.
 # binID   n_entries weight   weight_sqr   abs_weight
    10   10   1.187034890661573E-017   8.173740680935303E-034   1.187034890661573E-017
  </DiscreteSampler_grid>
