 -0.00000002938066614  0.00003840208387235  0.00027939519948120  0.00080777967932997
  0.00159639975119542  0.00266630709740531  0.00398712485957489  0.00550625385937052
  0.00720713576140724  0.00903944027144205  0.01100542849548868  0.01308005648205997
  0.01531413302728621  0.01764538204134040  0.02009875930808648  0.02261227783456803
  0.02530493032799849  0.02814526190925289  0.03091121010467825  0.03376532850165119
  0.03679548617889267  0.03994724464956178  0.04317848291619417  0.04653136992634360
  0.04977376332911542  0.05308578603671588  0.05645246307440852  0.06005717508249277
  0.06363433110628103  0.06725696156068685  0.07099569092516521  0.07480183257407795
  0.07862233485933244  0.08241473178550586  0.08615346011070318  0.08993864538121502
  0.09382882270219128  0.09785679766465362  0.10197452653731019  0.10606969433001051
  0.11017305371494479  0.11420456690877906  0.11812038959189994  0.12250320778752229
  0.12717845407147216  0.13176505752962664  0.13637435508117438  0.14102957914323705
  0.14567010672177125  0.15024825606903899  0.15476162995343323  0.15952952344144347
  0.16472065728664473  0.16979723651572956  0.17482278845595264  0.17992876159561649
  0.18514440884198038  0.19041622360025001  0.19565124398817121  0.20105817772303555
  0.20673046518685739  0.21268002973630926  0.21887774085072456  0.22502740002154409
  0.23121393343924673  0.23745964704558792  0.24372223760315848  0.24993971877393834
  0.25622045359496409  0.26241245341601838  0.26890022698439303  0.27571108592199661
  0.28274665496808760  0.28987004122137311  0.29709594089320951  0.30481459600226102
  0.31258246683004243  0.32032357288539021  0.32799326508595267  0.33555768782104883
  0.34315666936935635  0.35271615701064019  0.36255949167313528  0.37281478058442513
  0.38368753093962171  0.39532556494590654  0.40746964243466860  0.42019378845025884
  0.43316960226753304  0.44751607609189226  0.46472460848934571  0.48584448594724838
  0.51155088536682969  0.54654303217583688  0.59601697108663765  1.00000000000000000
  0.00974837218703980  0.01559431094553613  0.02415373018964581  0.03370895614878783
  0.04312168435633229  0.05242154340768852  0.06164091830694337  0.07083398139817371
  0.07996279502325383  0.08921683262330932  0.09876264509070493  0.10884730787879419
  0.11941803235505991  0.13016550749760489  0.14078340528788244  0.15085091452727076
  0.16063271037875726  0.17151993011682254  0.18368905368065283  0.19510134188530595
  0.20518951140055558  0.21507822603054369  0.22531184498853402  0.23602562352665021
  0.24686348564423025  0.25753491433271819  0.26787221036366338  0.27781582303622271
  0.28767125950061828  0.29764013981550269  0.30777090658760659  0.31786050615541428
  0.32765534620363529  0.33718320299047283  0.34654725799332475  0.35609238106165880
  0.36656848102111994  0.37838247938179748  0.39090805433152509  0.40233263317647466
  0.41246423070803923  0.42203967030056821  0.43108835187602274  0.44026767388328097
  0.44956494560653387  0.45901418269411542  0.46877637081278323  0.47857488832850398
  0.48853445335294310  0.49806283103257959  0.50767701586393521  0.51757256759970716
  0.52825319794921610  0.53934177212595869  0.55001914622801840  0.56033843275373241
  0.57074731533783096  0.58106461765870221  0.59088237618577055  0.60066066867613932
  0.61114041607688729  0.62215721353566245  0.63284372741369255  0.64288532248815589
  0.65320855788951393  0.66401321169698013  0.67479315328370160  0.68553431546208121
  0.69694565146158882  0.70875468210242931  0.72098162906123520  0.73390546543934787
  0.74617630308275651  0.75730565721863830  0.76786002979932433  0.77800748849643520
  0.78804747294012834  0.79821794719774464  0.80829622837847126  0.81894246836584483
  0.82964595850593204  0.84006351543545410  0.85047985742326504  0.86170978008248333
  0.87387813639439416  0.88622263375318222  0.89905783741714385  0.91233961160403987
  0.92428234557948619  0.93482167721509279  0.94545574889721928  0.95593283515502270
  0.96600202487847586  0.97602051871413698  0.98656238068539326  1.00000000000000000
 -0.00235623842233281  0.00942511761293620  0.02048383898487176  0.03132260486603736
  0.04230372722837860  0.05311277542678194  0.06373992681129606  0.07440464305693373
  0.08536000041601019  0.09632476216290715  0.10714131023038931  0.11740675141884177
  0.12798135493853907  0.13859881892976755  0.14866720362748490  0.15733515725115996
  0.16647861326377603  0.17651548985369139  0.18666827918381990  0.19645048854298572
  0.20592998477341057  0.21668629270927314  0.22855364187578844  0.24011419778809001
  0.25214619756852996  0.26522194077917977  0.27819920816017979  0.29081343989866765
  0.30160659161982217  0.31217178111347432  0.32245400268245672  0.33266615988286541
  0.34252242210964251  0.35278808028608782  0.36374038172059403  0.37453385150022739
  0.38493483915884358  0.39515561881136768  0.40563890531147079  0.41666551444458760
  0.42817525867266815  0.43922692777387351  0.44900505886179787  0.45858555983518334
  0.46766967791342762  0.47657769672489375  0.48580944821856142  0.49544033956922373
  0.50557477673152262  0.51594509905179353  0.52588457699792757  0.53578888362111254
  0.54562758447388260  0.55599344158239861  0.56696287538577861  0.57831459625026216
  0.58977716219289067  0.60087444132061962  0.61161439854359878  0.62215362391935503
  0.63211006453361573  0.64154900192544240  0.65112085035802580  0.66115132400670240
  0.67164794948476980  0.68235372109610337  0.69349089057971003  0.70492165109903826
  0.71618356510409309  0.72742714363312944  0.73910139529628127  0.75072529520369335
  0.76270518577138557  0.77441827330078528  0.78530188451856098  0.79615372444346166
  0.80729555428119704  0.81857898358243963  0.82975608207306306  0.84082262221944282
  0.85187945689485889  0.86271150476474268  0.87333213574112822  0.88396310261507116
  0.89441765307425392  0.90501001704174833  0.91547088647141284  0.92557290722434937
  0.93544727120967497  0.94495022625882796  0.95435906309498120  0.96370520238996182
  0.97290809854267013  0.98178018602570016  0.99068642025001463  1.00000000000000000
 -0.00218771192675116  0.00923814717921391  0.01867622116267922  0.02865262876910448
  0.03874749227675415  0.04987309195393635  0.06217985447395063  0.07427268800230907
  0.08610246210301914  0.09599959539881558  0.10615776227818040  0.11580455607519947
  0.12536693059662077  0.13413989668553356  0.14325439062393880  0.15304078968466675
  0.16285947694600189  0.17271487854156098  0.18270851864959423  0.19305869664819603
  0.20372368399156682  0.21450613314388065  0.22665936265382530  0.23807521923936678
  0.24948309557750195  0.26084659672352989  0.27225450055439776  0.28407191222331457
  0.29568192335082744  0.30731718098305988  0.31824801162057170  0.32868090306687114
  0.33959908815217565  0.35001859222798148  0.36020821925051916  0.37033930973171358
  0.38068362867026456  0.39123979119797342  0.40132898048664456  0.41142476317256699
  0.42184048018973053  0.43269237780626713  0.44347123210762868  0.45422472752973109
  0.46542083161084419  0.47689363173042765  0.48781492874206495  0.49864014285160102
  0.50974184483049201  0.52072687396404782  0.53161269754833673  0.54305191592013113
  0.55508091817124072  0.56646007004849541  0.57708484122253012  0.58755518082087610
  0.59776283794290508  0.60787001439219157  0.61744780661792864  0.62734882297755057
  0.63737790183925747  0.64816347203705149  0.65875062384042482  0.67023105313950015
  0.68248084392033881  0.69548567549685936  0.70767036063626465  0.71905360520789086
  0.72964417985735452  0.73937907426838778  0.74841910408062995  0.75735644672305003
  0.76625554602006418  0.77562745292248725  0.78448418134857056  0.79368340263598613
  0.80347409855981644  0.81354523724017036  0.82365223458271153  0.83365433448744553
  0.84317504009559818  0.85261948880274052  0.86238211032734235  0.87233765967480659
  0.88194751221616918  0.89115158288343510  0.90060452835388161  0.91053195914855356
  0.92069508420245827  0.93117940892456030  0.94250607972336298  0.95453300073627256
  0.96628151154601616  0.97744689981452360  0.98867039175352001  1.00000000000000000
 -0.00343585496461704  0.01252619402489048  0.02478684322069244  0.03598393337039875
  0.04659943775068490  0.05708763934657222  0.06752921862200789  0.07792119274431637
  0.08788768393166950  0.09777985682616619  0.10778834171463990  0.11814618583432142
  0.12835807685608919  0.13862576055891293  0.14932178810042190  0.16029343524049963
  0.17152155289325455  0.18261471284001513  0.19367347452312611  0.20417428357106454
  0.21437635206694108  0.22461582979129840  0.23606358233042968  0.24826204819196451
  0.26050707993048322  0.27246905684759448  0.28459238617009591  0.29610828539086537
  0.30722559248690312  0.31806934889811173  0.32861380794605483  0.33906582379560579
  0.34931956856099666  0.36028042592567927  0.37168094475439323  0.38319563874863483
  0.39449960129226430  0.40504834800028267  0.41514197355976484  0.42548044790039857
  0.43579468164550839  0.44598009946395140  0.45596174499117065  0.46630017127695689
  0.47656688195583757  0.48615378492251321  0.49558346465537712  0.50573925395296315
  0.51676686374889702  0.52695764626958763  0.53671368857821655  0.54657502902141319
  0.55691747377629108  0.56688436714527046  0.57666892781452350  0.58682971110334869
  0.59792138302699183  0.60891852131179292  0.62017162640613943  0.63026122182961564
  0.64058244019741206  0.65017592202303065  0.65931135963832255  0.66818220312051924
  0.67687507495774113  0.68556302659553514  0.69459525457870364  0.70412376665763354
  0.71417544744873040  0.72476461564183148  0.73499745937534511  0.74517515037013971
  0.75572472831686410  0.76701995866030626  0.77792903059653795  0.78944310702223108
  0.80153338394017837  0.81430890987419435  0.82610317450188486  0.83666061450388518
  0.84698821436986860  0.85727935047559556  0.86758440687459337  0.87759344259379679
  0.88769694896523965  0.89833882926188713  0.90960257060415617  0.92070357033334149
  0.93143470717737498  0.94183055082057099  0.95180199020388456  0.96149107685547164
  0.97115694000747232  0.98123403107317919  0.99083652564624258  1.00000000000000000
 -0.00251201319513590  0.01046470799093667  0.02153644740539738  0.03331046540760997
  0.04530633152698559  0.05661177550828395  0.06757063059824167  0.07831583170124869
  0.08906905414817447  0.10017737971591016  0.11131602924125615  0.12192669540049758
  0.13213101172709907  0.14214521373461628  0.15257406369245488  0.16339948163540347
  0.17426891751054968  0.18453869131027845  0.19455624194465473  0.20481800837266312
  0.21481581498456120  0.22476834030135898  0.23374344626214513  0.24304236306499957
  0.25229202653799371  0.26124979449042146  0.27008786298126064  0.27896221265608073
  0.28807335514796989  0.29806139676279109  0.30906072418707431  0.31936242690162225
  0.32915691072215392  0.33940694223169660  0.35025105986372962  0.36051709437703672
  0.37036332063403687  0.38090658267201882  0.39250308426463620  0.40353457247109131
  0.41431617220136080  0.42501046683816462  0.43639623452069126  0.44859666299085732
  0.46096252261995596  0.47250216842753312  0.48355165290378505  0.49447752633364955
  0.50485194754642182  0.51541836009938335  0.52602576391581224  0.53799700908264070
  0.54911824693345024  0.56018555842967721  0.57022861695135985  0.57988368322474226
  0.58976440285950160  0.59997686114822713  0.61014843174413380  0.62024677401965678
  0.63124744834215907  0.64321878265012267  0.65377408550225335  0.66382426898741975
  0.67355291637918691  0.68294769693268054  0.69244640752991971  0.70175585708832100
  0.71134822841771705  0.72049813808694407  0.72990621385436849  0.74076845777377509
  0.75194072973889181  0.76267166539307585  0.77343384391762915  0.78476690623001055
  0.79666134709954251  0.80852119791425470  0.82075515026550416  0.83304104122416311
  0.84503832014878155  0.85695659791562395  0.86842074972222860  0.87937407836230230
  0.88988149161018015  0.89972098080635665  0.90925245800883425  0.91934625753248256
  0.92975387663375042  0.94026728951990257  0.95029683941756227  0.96010962956289658
  0.97007184184212558  0.98021567210861926  0.99010308986103568  1.00000000000000000
 -0.00181384852714347  0.00738777427291135  0.01503504187117461  0.02268874026904354
  0.03074300800002902  0.03849464338204117  0.04697870521172273  0.05531660753419471
  0.06392724764186519  0.07279435078321329  0.08174183811055698  0.09064666053095490
  0.09970133267388914  0.10920202498980590  0.11882754415282611  0.12800252005035923
  0.13696194626793332  0.14653443988495449  0.15715635283788545  0.16745068370645114
  0.17701611569265394  0.18625545223390910  0.19507761819867125  0.20368661631062915
  0.21295233997204518  0.22203419946950373  0.23096766928092533  0.24112887627893054
  0.25068485077544628  0.26050903186342433  0.27003903263210893  0.27977766812844307
  0.29007352148796423  0.30006348661141258  0.30959187715454672  0.32021738472557520
  0.33074472728780119  0.34222998138510830  0.35315040763719663  0.36432018537230759
  0.37535508401613238  0.38651155320639197  0.39711045403029921  0.40732020899114763
  0.41792180472900919  0.42837277188927714  0.43830887000774921  0.44839676408547752
  0.45945152948176299  0.47167443549870730  0.48327285177821894  0.49470830381537728
  0.50542557029345248  0.51592379635260832  0.52658135433529829  0.53720562680445294
  0.54743762570076471  0.55755175980904426  0.56848581397598075  0.57949553396670750
  0.58992978795337569  0.59996081901168508  0.61044771803382203  0.62169267006352735
  0.63332989783779359  0.64540423919856038  0.65767497798748065  0.67003681360326517
  0.68209289267982132  0.69413603768441301  0.70674766846601544  0.72028836187531697
  0.73364090997435794  0.74675559167085781  0.76016491463439140  0.77417157564736783
  0.78612532814264291  0.79757551516167191  0.80814731582508126  0.81920044863746611
  0.83042669219563603  0.84140252495342338  0.85234665574014912  0.86321376318264176
  0.87412241118186806  0.88478894868729807  0.89569745393392963  0.90698911541470240
  0.91833557744103123  0.92948364513988835  0.94115748245035513  0.95336068771718474
  0.96558722375054207  0.97677736553425110  0.98841664620629299  1.00000000000000000
 -0.00230442859387958  0.01002215691821510  0.02026803952592657  0.03071010497409888
  0.04074099975143457  0.05018892078611035  0.05927668412048367  0.06891042254758309
  0.07909056412182461  0.08932051977801712  0.09968173562203611  0.10955026740455123
  0.11914219473056266  0.12842438939927106  0.13750905008840375  0.14667382741474766
  0.15607317117986666  0.16551366234098169  0.17544450950439278  0.18549496896592674
  0.19645540933139302  0.20743343508008166  0.21779204729632434  0.22789136588844669
  0.23845250911072108  0.24944271446831623  0.26070557792065102  0.27176283708998072
  0.28226811452998735  0.29277061927337134  0.30355129998762498  0.31460178181678122
  0.32567411786388695  0.33680150160488792  0.34785090742393809  0.35830908949363405
  0.36846233775545129  0.37881590443066143  0.38939613667576911  0.40020233181226228
  0.41088495233433403  0.42145704570836656  0.43195601574151954  0.44210858091848498
  0.45221713738876007  0.46253487106879643  0.47295424996585100  0.48335711721698665
  0.49330280121436770  0.50297380598503161  0.51270669976841488  0.52262113823951284
  0.53308402928244647  0.54400623708026841  0.55545073968484626  0.56685947315519736
  0.57774840583698062  0.58895565357032054  0.60075682305031042  0.61279126721086807
  0.62471648833561499  0.63630801924462543  0.64731420341580415  0.65787397206051501
  0.66852387709295880  0.67929573151379252  0.68995167656477874  0.70003530514756918
  0.70977959453887352  0.71950482303563479  0.72963596342298420  0.73989210319696419
  0.74994932112177659  0.75978456267079741  0.76955726174783434  0.77973502896781166
  0.79037034895668545  0.80185773066347843  0.81388926729319011  0.82636270034686965
  0.83816770545597863  0.85048568032639171  0.86154420500405338  0.87272006440812000
  0.88421903882811081  0.89548021804083233  0.90565053584262301  0.91585293564384129
  0.92623985148174715  0.93713068112827058  0.94801379529055885  0.95868688852459316
  0.96880558348537582  0.97905669180990951  0.98948747560621708  1.00000000000000000
   9.8739720982413843E-011  -1.0000000000000000     
 T F F F T F F F T F F F T F F F F F F F F F F F F F F F F F F F F F F F F F F F F F F F F F F F T F F F T F F F T F F F T F F F F F F F F F F F F F F F F F F F F F F F F F F F F F F F F F F F F F F F F F F F F F F F F F F F F F F F F F F F F F F F F F F F
  <DiscreteSampler_grid>
  grouped_processes
  1 # 1 for a reference and 2 for a running grid.
  10 # Attribute 'min_bin_probing_points' of the grid.
  1 # Attribute 'grid_mode' of the grid. 1=='default',2=='initialization'
  0.0000000000000000 # Attribute 'small_contrib_threshold' of the grid.
  0.5000000000000000 # Attribute 'damping_power' of the grid.
 # binID   n_entries weight   weight_sqr   abs_weight
    10   10   1.817189403905020E-002   5.746730124522763E-004   1.817189403905020E-002
  </DiscreteSampler_grid>
