 -0.00000000999950100  0.00001323689078288  0.00010058682743292  0.00028529614777517
  0.00056850661649389  0.00093722261057125  0.00137796074826248  0.00190026544215202
  0.00248612896402375  0.00314054761204462  0.00383936560284096  0.00457737008057748
  0.00539574042762972  0.00621845610982408  0.00713345993885023  0.00806521546441955
  0.00903604385587755  0.01003996285033184  0.01103818435851258  0.01211341584774106
  0.01319394567861606  0.01426805492831615  0.01536970724305568  0.01650134244260450
  0.01761870559936093  0.01874077263194373  0.01990335712121978  0.02112715122335524
  0.02240680570707326  0.02366324069282422  0.02489396299325284  0.02612901442128221
  0.02742548154770266  0.02874240387470586  0.03007186085470960  0.03141070735037233
  0.03275467649303206  0.03413425642723089  0.03555162619443813  0.03697734233445811
  0.03839791632404039  0.03980017505111549  0.04120793777676755  0.04261495167839434
  0.04401250950859816  0.04541887042650234  0.04691091676060472  0.04845717369359708
  0.04999609261614286  0.05154342838984120  0.05310760396838943  0.05469175439987370
  0.05629049051754293  0.05782070985950410  0.05933905945144324  0.06092553108712925
  0.06261444741495811  0.06432527318382930  0.06603714118437023  0.06779322569861117
  0.06957297916587506  0.07135856173193533  0.07314460018194800  0.07492887227320411
  0.07671907748508600  0.07851233936879537  0.08044691601234685  0.08251791321172511
  0.08463257813529303  0.08665737178371101  0.08871950984473433  0.09079578451800771
  0.09291522256440518  0.09510641550409328  0.09731434983724169  0.09958503477113392
  0.10187301717020010  0.10416776655908841  0.10664305511247635  0.10938601100766548
  0.11230616447511030  0.11526077394142407  0.11825651983708181  0.12144158249200049
  0.12476135645629458  0.12815489013428571  0.13168750116680161  0.13542018016581261
  0.13961965227823808  0.14508391534856513  0.15123576668527369  0.15820365405891612
  0.16649330840559237  0.17854814052104909  0.19465139901152453  1.00000000000000000
  0.00960442810074238  0.01571641671273886  0.02502946218151699  0.03543617948275845
  0.04581790838278625  0.05635553888718711  0.06677454062936890  0.07717926963882582
  0.08771025704865969  0.09856802678159700  0.10885594567965265  0.11844446288045321
  0.12839354238121786  0.13865302570519122  0.14877598664669331  0.15865715556719120
  0.16893322932908617  0.17986797964586090  0.19070694133087934  0.20121135777188784
  0.21187721470643034  0.22284705025199966  0.23370256977797488  0.24437583308948943
  0.25502514995060221  0.26562126418711268  0.27585807424892406  0.28593752194705258
  0.29647355853754714  0.30747717459796858  0.31819954961120162  0.32845655792928030
  0.33859845366915903  0.34882526786538359  0.35888320936147822  0.36870330930806910
  0.37862092046894286  0.38893519146564637  0.39938015060015558  0.40995998977543469
  0.42016579796489367  0.43001838885261728  0.44030713373538288  0.45089808793517977
  0.46110249978192336  0.47068306695500167  0.48041946333811841  0.49054373570364668
  0.50081193045954264  0.51058828956177937  0.52014200119749932  0.53020277106667202
  0.54023775188679546  0.55060519970943755  0.56092340123765572  0.57158052339303278
  0.58281016974048505  0.59401808421122204  0.60449113814617805  0.61439365020234493
  0.62453870830412250  0.63528431983040534  0.64574077444568678  0.65545827772144827
  0.66529654495750834  0.67587337185779295  0.68629599919983753  0.69644438398441255
  0.70634929242961675  0.71682779711505717  0.72729330032768247  0.73777916311499947
  0.74840099677920147  0.75951123898302508  0.77037177919082889  0.78074029965566694
  0.79117828883684782  0.80204094284409944  0.81290007106164652  0.82345191929334016
  0.83410721747092276  0.84532730283175506  0.85672358796247494  0.86804274447643381
  0.87945969515611633  0.89078889606570699  0.90168615926013618  0.91235547293549701
  0.92311215950122816  0.93358497613828473  0.94415926140499340  0.95477969751776726
  0.96572393908724319  0.97708884411613084  0.98844128146639998  1.00000000000000000
 -0.00224893969262766  0.00847687599499259  0.01789386336844677  0.02737825930513412
  0.03725605399650843  0.04773957608382171  0.05879487703285768  0.06914699534751616
  0.07917944717285705  0.08928545556174274  0.09966473621722505  0.11002981065796144
  0.12052794364160391  0.13056528799512690  0.14066221208153537  0.15139721186947980
  0.16233405024324310  0.17298021922137893  0.18249959606741886  0.19214125774809052
  0.20208205508226296  0.21220342010756080  0.22229881955170719  0.23241924387221161
  0.24242008426966927  0.25275725008850003  0.26410581940538458  0.27547232148136669
  0.28725321881489091  0.29845713489446191  0.30946258865287191  0.32047065696429583
  0.33167690988782500  0.34144132138745409  0.35123289520255729  0.36094106737262865
  0.37058593665024325  0.38007295745543634  0.38888763575519525  0.39805867971436493
  0.40776052850872646  0.41753397163836165  0.42744433827589928  0.43762633328182832
  0.44796303894272060  0.45844831968315514  0.46918416628714282  0.48046150372288149
  0.49181690199119638  0.50299351837792028  0.51404167254677557  0.52493784911499575
  0.53545396627525532  0.54552901686710298  0.55546862818707332  0.56571638426138071
  0.57629909497398857  0.58677179342913965  0.59691706426949664  0.60674011315157528
  0.61689716162847819  0.62723162751952044  0.63806362828722429  0.64890781394549835
  0.66023025320979145  0.67160335315871333  0.68352790922179285  0.69510242787174503
  0.70678847692253532  0.71864097947170524  0.73063338855490667  0.74252323415345389
  0.75440623998911460  0.76611429147568888  0.77772502581325331  0.78909786795467818
  0.80020129695523812  0.81148004954546671  0.82305261920345330  0.83394008150358823
  0.84411696732475061  0.85386776226520600  0.86380556133106434  0.87417517321877547
  0.88494109358059958  0.89604011427297692  0.90736568329290035  0.91872949774697010
  0.92947947207496495  0.93994140710415308  0.95022303495716220  0.96101931398993146
  0.97161344059321519  0.98166402441053235  0.99094201991103525  1.00000000000000000
 -0.00288759836150327  0.01018293650876757  0.02164573574518230  0.03266786005268334
  0.04330784518790707  0.05340519800935747  0.06323973288332489  0.07324986256735463
  0.08314144067735130  0.09292152363772542  0.10242912146327919  0.11229771830821758
  0.12228587706384825  0.13237506095630647  0.14252382139234060  0.15330811363029168
  0.16385647692050476  0.17447295330320620  0.18447213969509724  0.19581573343517816
  0.20736691062641979  0.21951519460764385  0.23158576421676513  0.24371134998418223
  0.25495827927577291  0.26549180684054025  0.27584997278541895  0.28610125085886096
  0.29665621540486359  0.30737527762848027  0.31877703721270861  0.33034603421230935
  0.34147886089915180  0.35213005025863509  0.36261505120849763  0.37316173866806185
  0.38383944057408853  0.39425720816557946  0.40412547839688090  0.41372565678196710
  0.42341324600664498  0.43314214478796170  0.44268046412518397  0.45216920441662312
  0.46205263549871367  0.47250846650100309  0.48283848467118545  0.49323501968545663
  0.50347977528140797  0.51370377013582724  0.52374634087239802  0.53357985535215180
  0.54345757182125809  0.55370283821976396  0.56462036287159167  0.57598576408406210
  0.58700170226315707  0.59767933342805624  0.60785303757645248  0.61776329111186823
  0.62750385027963118  0.63725809574669512  0.64734794737012824  0.65729009250018999
  0.66712604449102608  0.67683416418156606  0.68646223994758082  0.69628583199980332
  0.70616873005929248  0.71639292660192788  0.72718509055368841  0.73827611390381309
  0.74953066707035998  0.76109791422970263  0.77312941520928913  0.78497095400649475
  0.79724986471853798  0.80956964976703394  0.82025404920022349  0.83066881431135864
  0.84104791380225152  0.85187500300533736  0.86205968924244181  0.87211820581652177
  0.88255632314473176  0.89359043225470669  0.90385647592558427  0.91477889616562336
  0.92564588617182120  0.93673199899039017  0.94745333010401334  0.95823573242006510
  0.96873028065739097  0.97930264998594840  0.98968265344827866  1.00000000000000000
 -0.00248601517274663  0.01012306070422100  0.02039602659849411  0.03111581582156021
  0.04205324829036032  0.05213921606679168  0.06235998657632894  0.07226481816132226
  0.08250114352291762  0.09216347984236131  0.10176100717620598  0.11139598010195778
  0.12147361599909270  0.13193495708313432  0.14302724792789340  0.15381440162288024
  0.16475027294164743  0.17486438370455235  0.18500675293063717  0.19531908129659176
  0.20610679264877294  0.21683727869617764  0.22762151283412976  0.23819150439716949
  0.24849838577953010  0.25827448137755732  0.26786201676544530  0.27765593765797331
  0.28758713908732181  0.29758744177855856  0.30781481217704298  0.31845534084418148
  0.32949362187395720  0.34058696400931870  0.35163563966857159  0.36247880802393079
  0.37310988783270932  0.38353913849108862  0.39378139710358051  0.40406846299243854
  0.41447641774795602  0.42567590034644354  0.43710439330294248  0.44795999467539510
  0.45838632766788628  0.46866314987277508  0.47893342276838430  0.48889014848956225
  0.49873160311836273  0.50881679282742720  0.51902434044014600  0.52924154594521577
  0.53965303290192401  0.55044461920665333  0.56138300486413739  0.57218270700920737
  0.58298746240628729  0.59385551548138038  0.60465414381621529  0.61532013817682030
  0.62577834236581131  0.63605367361868059  0.64627238134643272  0.65671784360744723
  0.66704395625827628  0.67690253593191141  0.68648393398759533  0.69642436920705952
  0.70683821154064297  0.71767975467002998  0.72879574627907018  0.74020161181366873
  0.75150060187427836  0.76209251236509346  0.77236923128092017  0.78277094307790152
  0.79338543524475380  0.80417250630114523  0.81527782979146246  0.82665323288174009
  0.83817841567122120  0.84946588564782677  0.86097772726931054  0.87265744758676922
  0.88393262748335422  0.89470426287932092  0.90538729310566135  0.91549542134329509
  0.92574136610063729  0.93566071709132270  0.94596126479230191  0.95606021664666641
  0.96657425484908366  0.97738481447010916  0.98855256397710867  1.00000000000000000
 -0.00205443412546905  0.00902739737539270  0.01853543216557141  0.02857780738964237
  0.03861639522601414  0.04828333076965195  0.05815612897907976  0.06813558273452557
  0.07841591307956959  0.08815236797996866  0.09738636581742730  0.10664613466730867
  0.11632198136525290  0.12622135302655832  0.13592542494145515  0.14575600593129770
  0.15597131387144877  0.16612375242698588  0.17573660032157085  0.18518257411627786
  0.19491874784433602  0.20485338543379419  0.21490867001055611  0.22504512740122867
  0.23543333638065825  0.24580556945681781  0.25627504455022249  0.26694168083629510
  0.27762189525850789  0.28836337619529911  0.29899053994631120  0.30961433286360590
  0.32027771104657127  0.33082942057820736  0.34137623520503380  0.35198094721498119
  0.36265975629907421  0.37384913584579443  0.38553248071823132  0.39723668040639598
  0.40785957821993318  0.41832070140181410  0.42953055747799829  0.44076933343498098
  0.45177947752201891  0.46272691636503516  0.47442544642364459  0.48504789217506933
  0.49538053562459888  0.50533611773119813  0.51572109973467306  0.52578019667133680
  0.53530852224119418  0.54485424165634888  0.55549917966591633  0.56630373820332924
  0.57717509658194766  0.58807883420630558  0.59927699158530290  0.61051720211450167
  0.62182176927168531  0.63260286175903524  0.64304622668568345  0.65380856469608684
  0.66490924916113925  0.67594009925623755  0.68685828348753231  0.69754535205291168
  0.70810672447981904  0.71844987361509927  0.72892194287275169  0.73973893118952694
  0.75056394833859419  0.76134556028822165  0.77190858093911063  0.78288490782179543
  0.79376890269751743  0.80516947084478896  0.81653241247185659  0.82770742199046132
  0.83881786838836880  0.84962085866775194  0.86028713662285861  0.87058855981302008
  0.88053567175742042  0.89054175928134460  0.90079726339194222  0.91154539802638734
  0.92284021475558453  0.93370688473884145  0.94499613615396627  0.95601295955608789
  0.96693238338649834  0.97770368873555946  0.98889160163804390  1.00000000000000000
 -0.00210758559741370  0.00755601401296287  0.01617864224443835  0.02509343750188245
  0.03409345163509026  0.04326630663254025  0.05236552950339760  0.06149312785051549
  0.07065451949673787  0.08002939419155156  0.08958004872534722  0.09916564659305620
  0.10845027802044624  0.11738861549908261  0.12618180405111029  0.13468908476153330
  0.14317283992362850  0.15198138396900582  0.16120135445837469  0.17096899673617039
  0.18121473338551347  0.19170983926125607  0.20238595330830531  0.21320163985445634
  0.22400190025466807  0.23447073514438244  0.24476779180993100  0.25544668700854112
  0.26650086742716861  0.27734876589883806  0.28799300724138821  0.29921994279458813
  0.31028928167034109  0.32072698830492447  0.33085465442010453  0.34219885399369104
  0.35403727488036763  0.36565147768681128  0.37744017745122294  0.38957234975972826
  0.40177794167474706  0.41355427769431702  0.42540279680229187  0.43742287827164328
  0.44958254016438715  0.46191528442627722  0.47439984469379942  0.48698008588771413
  0.49912318691872620  0.51098117082476124  0.52253265839997454  0.53368999499090952
  0.54505421992221403  0.55677888456828883  0.56881317496818118  0.58072255605947076
  0.59258433810410760  0.60464178435287441  0.61673726989901345  0.62883634945639277
  0.64060600748980823  0.65201898904675981  0.66348367740523173  0.67544239879272283
  0.68728946135529256  0.69865987348353475  0.70981193797329289  0.72094127357071791
  0.73224990146884872  0.74380698995047034  0.75529974289723156  0.76651266560875642
  0.77791299467402009  0.78946624026913781  0.80066966541569562  0.81160791141835720
  0.82247251556645351  0.83290854189168373  0.84257293342616135  0.85203260752957177
  0.86187571359781090  0.87158754093732116  0.88111324522504719  0.89057853519226138
  0.90037307145773615  0.91046108324392050  0.92031076031912229  0.92973225398585313
  0.93889294814101587  0.94750001037216935  0.95607708145136783  0.96465585758237482
  0.97330584185834268  0.98221303299591134  0.99096025599422033  1.00000000000000000
 -0.00207192942932928  0.00821250421947546  0.01694788905008439  0.02631180568338731
  0.03552279961728780  0.04493447724288328  0.05441460202240897  0.06437546242373979
  0.07480084511419530  0.08499224899082217  0.09474348563809158  0.10453865757365721
  0.11482137225278266  0.12497115341885059  0.13518700249345436  0.14534808643191169
  0.15585804549996968  0.16665013104742796  0.17755166462074776  0.18868961292595862
  0.20004191370440749  0.21155074527115220  0.22264281261987928  0.23359779051261437
  0.24389259613666212  0.25407318269652102  0.26392471593344857  0.27397895912457282
  0.28481485004863505  0.29597699225036594  0.30706976785409917  0.31807486241826394
  0.32883444335285356  0.33967430748934907  0.35013172937091369  0.36069534844744361
  0.37127103507498616  0.38160213757599909  0.39196823458060853  0.40262199738872423
  0.41354556040969104  0.42404213590770479  0.43452467866535377  0.44574608600033339
  0.45715932708619839  0.46766030606788062  0.47792857843991965  0.48867366706827542
  0.49961809010536734  0.51009476996867720  0.52057995798839518  0.53142384278779964
  0.54250095144629273  0.55348855778116957  0.56467854698854913  0.57584841878223458
  0.58703908232709445  0.59804837560536228  0.60913089646690255  0.62003577348934136
  0.63080693815315780  0.64135576872806621  0.65166728446499089  0.66172900304496918
  0.67196213680002559  0.68196627086926509  0.69209611073390565  0.70215239286666675
  0.71259158544570178  0.72322100129212097  0.73385046436297097  0.74412849143871085
  0.75453249382255838  0.76471915505479404  0.77467977090443829  0.78524871252624873
  0.79570098950880896  0.80660815401417219  0.81755183049272062  0.82817495159874299
  0.83868300363126680  0.84904422144159675  0.85964634107891913  0.87067722609436504
  0.88158488254183920  0.89222212322422145  0.90275185699554850  0.91343230274078047
  0.92432137082023436  0.93503162679161045  0.94592672754466833  0.95672015917516606
  0.96729431754178252  0.97782753616232532  0.98869703623825234  1.00000000000000000
   1.4148799308818590E-009  -1.0000000000000000     
 T F T F T F T F F F F F F F F F F F F F F F F F F F F F F F F F F F F F F F F F F F F F F F F F T F T F T F T F F F F F F F F F F F F F F F F F F F F F F F F F F F F F F F F F F F F F F F F F F F F F F F F F F F F F F F F F F F F F F F F F F F F F F F F F
  <DiscreteSampler_grid>
  grouped_processes
  1 # 1 for a reference and 2 for a running grid.
  10 # Attribute 'min_bin_probing_points' of the grid.
  1 # Attribute 'grid_mode' of the grid. 1=='default',2=='initialization'
  0.0000000000000000 # Attribute 'small_contrib_threshold' of the grid.
  0.5000000000000000 # Attribute 'damping_power' of the grid.
 # binID   n_entries weight   weight_sqr   abs_weight
    19   10   1.659111772679784E-001   5.816208831239080E-002   1.659111772679784E-001
    25   10   1.229811919260138E-001   2.896249545259054E-002   1.229811919260138E-001
    37   10   1.356342833959707E-001   4.045025952846222E-002   1.356342833959707E-001
    43   10   1.729144423018499E-001   6.908288892516472E-002   1.729144423018499E-001
  </DiscreteSampler_grid>
