 -0.00000003351081647  0.00003759840577218  0.00027720932710816  0.00082659960846957
  0.00160821541018805  0.00265880284383762  0.00405556407638753  0.00554696780543183
  0.00719403106653498  0.00908183526598010  0.01122352098789146  0.01333830603041037
  0.01570921609394113  0.01829395620751809  0.02085733995245736  0.02343027471004249
  0.02645873645719083  0.02945595263101647  0.03240449689344164  0.03537462515675512
  0.03847266062143998  0.04161882552153140  0.04474927208047817  0.04785808540342661
  0.05098835431983986  0.05433054252490253  0.05792464670287390  0.06155533209466581
  0.06499830939014789  0.06820822813404313  0.07146103277142350  0.07498780789210151
  0.07865718997995497  0.08235477594928982  0.08607623489683083  0.08994089814721765
  0.09409094201742549  0.09865078638770659  0.10315863564584103  0.10740075119033012
  0.11145750049182432  0.11538253025585724  0.11952069404701461  0.12391952295608258
  0.12849342052467785  0.13316772322778322  0.13788463310469817  0.14262672789172115
  0.14714016531478188  0.15172350293326073  0.15647231257802321  0.16146258517401718
  0.16704193394859784  0.17264777032540934  0.17834033031173119  0.18402181258802391
  0.18961896327614655  0.19516382181546116  0.20060336761525921  0.20644625681347670
  0.21239359865045260  0.21826892721283772  0.22400893503319252  0.22967822655978587
  0.23537541650682209  0.24124595871574792  0.24731409286036621  0.25355803438005536
  0.25980676938129749  0.26644108905556130  0.27343114103719807  0.28048183967304607
  0.28723837013448283  0.29418530594198306  0.30115554835508418  0.30817242204128725
  0.31525028623032508  0.32261272792659529  0.33045783760685365  0.33842694396981554
  0.34704144873849396  0.35634856511665947  0.36621488684932180  0.37655813881940997
  0.38733377940324104  0.39858983355243660  0.41081483789191164  0.42389502312698801
  0.43725478162699583  0.45266621287695075  0.47112142095983051  0.49214757464680942
  0.51659879368712724  0.54952473031053717  0.59763949755469425  1.00000000000000000
  0.00947005645589497  0.01579702645985503  0.02443343096262352  0.03306090165885262
  0.04228152814448665  0.05130034027714480  0.05995791427184794  0.06854735989580202
  0.07703853833326985  0.08633526009727603  0.09678924372290409  0.10761697343213855
  0.11886172298077019  0.13102939847097650  0.14357236034099130  0.15556124525624854
  0.16672916563791923  0.17705518080867838  0.18750432820325499  0.19802724480636952
  0.20905995947924483  0.21934471902687935  0.22973212379927824  0.24108588706557560
  0.25326008608879991  0.26537551075098592  0.27647292992624473  0.28610158061266272
  0.29620140721964849  0.30614235418528446  0.31579426479768880  0.32506056851465037
  0.33527014764966145  0.34673980013898453  0.35802680270560650  0.36885673176557887
  0.38038309203738124  0.39314297108908325  0.40697683528025619  0.42169922059701204
  0.43547002316802197  0.44647032112673490  0.45792861419967884  0.46831903357381927
  0.47839701276972979  0.48861636959362548  0.49874125676825176  0.50817453491250075
  0.51728954922999371  0.52791244723047959  0.54007422631865831  0.55058383043567827
  0.56035403464236921  0.57084101024366296  0.58227426961310436  0.59407302918394023
  0.60590169743864042  0.61757162021951495  0.62879902959147593  0.64022458988820097
  0.65141048818115899  0.66151099189318641  0.67156206933197637  0.68166650277005048
  0.69165824114377705  0.70168902351997331  0.71146040203221905  0.72078151670292279
  0.73003238085794964  0.73919123159848954  0.74902150119451949  0.75878494450317546
  0.76782787905204031  0.77814864291698604  0.78855819289249429  0.79947292640355572
  0.81023313834829036  0.82246945561563511  0.83491311312548488  0.84630498792797226
  0.85661532308469446  0.86636237091134694  0.87586245330788415  0.88551334728764619
  0.89550869857416682  0.90666509642514426  0.91771244702544474  0.92766081140222756
  0.93683583143027016  0.94639227815866112  0.95607742259341244  0.96535712318806954
  0.97365071056975128  0.98276286894152709  0.99093431926473219  1.00000000000000000
 -0.00001391972087737  0.00015345331349197  0.00034738377949937  0.00063880011956315
  0.00103055180248632  0.00150806002048800  0.00205178702930489  0.00272630811998813
  0.00346772861702076  0.00417618887457473  0.00490036792356181  0.00576465702871043
  0.00669125997306960  0.00763835630199344  0.00869831741592317  0.00974899466997676
  0.01074552623213948  0.01171659431769712  0.01274953971092149  0.01383435901516651
  0.01505403434892755  0.01629773362173094  0.01769105046692669  0.01921697426770102
  0.02079435752317670  0.02227298238867538  0.02379792353233311  0.02538780040675870
  0.02704155691997835  0.02877169841224348  0.03057203643790489  0.03254086086654533
  0.03435882834033542  0.03623067142357569  0.03825019566167834  0.04027470784842252
  0.04217278468225387  0.04397878797325114  0.04590382492830473  0.04794155224638557
  0.04998374093455284  0.05215070229698109  0.05413391796418178  0.05667791165460651
  0.05943247740501117  0.06221163996460542  0.06499391083401647  0.06783826312247755
  0.07081740661397831  0.07388640571750428  0.07694475926419381  0.07974861024209788
  0.08230070251301407  0.08489678007961871  0.08766190444212499  0.09050634247099591
  0.09343512935701630  0.09655992328970078  0.09985871345336403  0.10325132941689794
  0.10682580665002014  0.11062532002755150  0.11451288180366079  0.11810850197386716
  0.12155421173349036  0.12495355512707393  0.12843740297988179  0.13223883591627000
  0.13634462449256507  0.14053459825170658  0.14469382207734438  0.14895769370450362
  0.15335765507350863  0.15769180166713972  0.16255361177167424  0.16792044109502374
  0.17364704089862598  0.17953371045383856  0.18562190771490447  0.19209797676384055
  0.19885999313086672  0.20600172737427735  0.21386073391571242  0.22220554286974950
  0.23091345154170598  0.24005948953131828  0.24979010978357130  0.26108783188411039
  0.27335283491155549  0.28742296624347730  0.30271857814967729  0.32206708174208376
  0.34739790965426481  0.38415198621153013  0.41494542078254659  1.00000000000000000
 -0.00289395097484900  0.01052108567108910  0.02125622429772419  0.03093853729218134
  0.04093578201593909  0.05082782103511312  0.06047917194699235  0.07025917130226393
  0.08044077659651774  0.09074851534276232  0.10096303101375440  0.11070105338689940
  0.11997098020639514  0.12920897497881986  0.13870223061828324  0.14803991874033798
  0.15761263854384250  0.16705564366266798  0.17783051105660405  0.18871782835788861
  0.19918994028452186  0.20893510010630720  0.21852004418225998  0.22805765498780320
  0.23771097360394092  0.24851367748559597  0.26037793607003668  0.27214919914108832
  0.28313618582723121  0.29296710682510085  0.30318813363417385  0.31313735018204797
  0.32440403920412553  0.33597149384971381  0.34814058552845784  0.36039064191084669
  0.37244688360017114  0.38338634290424767  0.39394389370385324  0.40604823462843892
  0.41773255271043919  0.42822850672713070  0.43851653639894428  0.44862580688728487
  0.45863288545035491  0.46769826665876058  0.47647910222868367  0.48708494627328991
  0.49868905170524680  0.51160843512069487  0.52420514548633157  0.53558782486003054
  0.54655332490738617  0.55719000762597715  0.56783094450292715  0.57805880971296963
  0.58907141513715056  0.60045451200734523  0.61157865206922435  0.62290441135548469
  0.63509895058779819  0.64749947769023408  0.65964770724190391  0.67115847519506033
  0.68207859005351634  0.69344785068560777  0.70438822649705946  0.71486329696091033
  0.72502513441243888  0.73588457713032496  0.74780682115674113  0.75867842069967206
  0.76972789564786614  0.78077698033060472  0.79129895990710775  0.80155611365906876
  0.81236939347392956  0.82394201225532959  0.83502571342257537  0.84517986406260848
  0.85622903978173737  0.86821773809583003  0.87959865586017627  0.89022321838184282
  0.89985002350761112  0.90867544629343577  0.91826371221253289  0.92765471597458149
  0.93644315295970015  0.94457216218379858  0.95270150264692410  0.96169662408633061
  0.97181876927323796  0.98202053457255045  0.99079549189851890  1.00000000000000000
 -0.00171088012049109  0.00751857900742565  0.01576167767731787  0.02515733085982591
  0.03496676920009068  0.04483681892039892  0.05485820567740401  0.06496240194298741
  0.07788577215177470  0.09108013189890832  0.10446357964128357  0.11760368805688109
  0.13118612689797282  0.14651472116197839  0.16171761148839731  0.17328056778474338
  0.18184555075836792  0.19061524352776432  0.19899644105239708  0.20733365861593217
  0.21560182095973870  0.22353280674245674  0.23164412842354284  0.24068070376756964
  0.24993780058210591  0.26073474093500537  0.27098691995199525  0.28192415061839177
  0.29208788493560883  0.30393548655537111  0.31518508553405478  0.32568143997824794
  0.33681766919289241  0.34838737300361211  0.36030430106585526  0.37224130016853529
  0.38393614970499729  0.39574096734725844  0.40664510392375097  0.41755137139018833
  0.42938475692149930  0.44177435153546885  0.45423321189461119  0.46703733583688656
  0.47874045036219914  0.48960283587609960  0.49963075983917576  0.51113087586079653
  0.52149184833711915  0.53016877612197122  0.53848395040675956  0.54702775541522941
  0.55553932091303959  0.56436684230816492  0.57271770001308930  0.58113050178687586
  0.59115417449850749  0.60607545892894932  0.62126027933522388  0.63390701319877008
  0.64467567291754546  0.65443532336980470  0.66367547469301114  0.67270335208875831
  0.68125336095806088  0.68988452692919322  0.69908369329733910  0.70893040841204313
  0.71976761523299881  0.73034451352706919  0.74005862067320438  0.74974551454613925
  0.75911822352738090  0.76838569525069578  0.77736385895739546  0.78598688925056615
  0.79457524469556795  0.80375215123801425  0.81293337052906356  0.82262282299598211
  0.83259175620441483  0.84327707212809511  0.85420536112023127  0.86610381459368579
  0.87748939980262874  0.88801461663190262  0.89846486310300488  0.90932202378522409
  0.92026038852205017  0.93129122977673939  0.94275597352308138  0.95496363096018677
  0.96743616041273173  0.97925242028290915  0.98989788614763563  1.00000000000000000
 -0.00240465952282774  0.01003953690358981  0.01939520859969364  0.02892734474401712
  0.03761902086287575  0.04669000762434425  0.05481939669499227  0.06333018273341572
  0.07182485390211760  0.08065687116220216  0.08932828696843426  0.09796921274059214
  0.10656108513626814  0.11547967199262912  0.12474120665417864  0.13348072361677726
  0.14166943282698580  0.14998801256538530  0.15841088955938995  0.16673561406739187
  0.17550666847319649  0.18425679194003541  0.19311098385895845  0.20237167620851282
  0.21214405435329473  0.22231930174241077  0.23230639459770325  0.24168721503066870
  0.25070633313228402  0.25951419150706556  0.26814783522169533  0.27699854658574441
  0.28624888898605533  0.29582359586406071  0.30589656106153706  0.31651367487680732
  0.32757069113414317  0.33863603321567959  0.34976460926758690  0.36123148363494717
  0.37219701502081620  0.38261049568988897  0.39267145325320379  0.40286936878423285
  0.41289924748481766  0.42330470641842816  0.43455996987615819  0.44623381380777810
  0.45801001943464420  0.46974657110465617  0.48133135059204313  0.49215781316237467
  0.50261919219771589  0.51218142520162302  0.52142478598005215  0.53049079689051382
  0.53997083596275752  0.54978407835332477  0.55952279714016895  0.56971027756584847
  0.58176430044587057  0.59323502474668621  0.60535821754572039  0.61773620822685327
  0.63074645079962899  0.64343559788261251  0.65582173169164937  0.66770235075307716
  0.67988239344178747  0.69132381425677913  0.70165399754348823  0.71180180696823592
  0.72225304510555111  0.73334920828600914  0.74507795877255434  0.75567053760673220
  0.76504925089526055  0.77410161163909974  0.78288646426874953  0.79229403397498277
  0.80217109828313238  0.81203836731553081  0.82395308485192409  0.83550898783140837
  0.84668132653947803  0.85831765432193419  0.87068396010868165  0.88331748831483947
  0.89605469578415997  0.90823284566758333  0.92131243282728703  0.93670223759654470
  0.95207880923911847  0.96834326239418533  0.98349517567874478  1.00000000000000000
 -0.00147467586313891  0.00926727842208245  0.02017480206225893  0.03241170984064814
  0.04529335957703139  0.05785330444080170  0.06863865546042903  0.07856648257338482
  0.08861435886547851  0.09933416844427073  0.10984205487236019  0.11885068213090361
  0.12750433394073035  0.13789673668062824  0.14841406992017292  0.15936472172609997
  0.17042712594011494  0.18126180474026549  0.19169204367672532  0.20197687710559922
  0.21277344688111513  0.22437336053022156  0.23554548310700044  0.24618530112618028
  0.25599419734411605  0.26548511284906512  0.27521896745758045  0.28492051221921888
  0.29472954061221812  0.30549207761879682  0.31754803227399470  0.33103176445109689
  0.34136880869279002  0.35044837009653990  0.35952711313305996  0.36824071388360458
  0.37705054052811648  0.38553422783024871  0.39376005164431893  0.40315630599953883
  0.41370466891952368  0.42438393495614862  0.43556320362938328  0.44608916588848324
  0.45649844929006139  0.46719665413918454  0.47883013191131441  0.48970767627306311
  0.50094808543631764  0.51167640815817872  0.52308666055792297  0.53537469377194469
  0.54716746321385357  0.55761047550387910  0.56988718284704531  0.58252450537247102
  0.59535987964551551  0.60857489619078442  0.62181351737841306  0.63460944583593604
  0.64693679587525676  0.65837143687531152  0.66896276737236804  0.67853085625217957
  0.68784986648861990  0.69650199538653834  0.70505737749033959  0.71391624781247753
  0.72290520812869263  0.73147836055223403  0.73982777777961850  0.74909784213642006
  0.75977785241133100  0.77078511724879573  0.78149597962980166  0.79226451846935042
  0.80286342568728331  0.81269788855604674  0.82198038850812649  0.83142153387886841
  0.84132109043317438  0.85118812452170090  0.86178922484824039  0.87298857339925673
  0.88757859954803386  0.90020462478673247  0.91154219363857814  0.92193509578638966
  0.93193187421811874  0.94141780151281484  0.95057293366043971  0.95964013982172935
  0.96880219663543665  0.97880646148835682  0.98925221949691977  1.00000000000000000
 -0.00336322609170854  0.01096292880649484  0.02323068475796611  0.03457875261308768
  0.04554187455039947  0.05620157715639279  0.06702913838071275  0.07815967089758560
  0.08929508080008289  0.10052591361202924  0.11261322889741986  0.12511784274593815
  0.13650052481706351  0.14719574780834582  0.15829101044239871  0.16930162890978256
  0.17968541720627407  0.18968268614587480  0.19957708142534697  0.20930723260054998
  0.21814184101028633  0.22713209683169938  0.23640271999278639  0.24579357610118188
  0.25558473422653893  0.26576729385522935  0.27701786751093849  0.28807121777502392
  0.30099648293356568  0.31333875599700128  0.32480467267468699  0.33556332260209226
  0.34592913006453896  0.35623394055441815  0.36638130313057310  0.37643650791598177
  0.38658803979059886  0.39678250618333233  0.40695717786874458  0.41741473592218509
  0.42926127926884999  0.44075501497157316  0.45163120118038702  0.46196869560189951
  0.47183887371408428  0.48110873607917470  0.48975157332292740  0.49823547257558326
  0.50635656681392305  0.51462526238172634  0.52341624909052331  0.53289073855085334
  0.54185325303868104  0.55119478331591354  0.56024688450354854  0.56970096783858548
  0.57911835905300491  0.58832039583816409  0.59746930360036121  0.60703722991504760
  0.61626321195991751  0.62526789231533897  0.63491072139637250  0.64559600370237347
  0.65728506599186498  0.66806344602371137  0.67857968610031849  0.68891918267341845
  0.69948723378873812  0.70994668918603232  0.72014956030271415  0.73112762601815151
  0.74313297042992610  0.75428711352293987  0.76502973165717791  0.77754979727038609
  0.79250158332124188  0.80551591179218507  0.81733122343145437  0.82914255793174485
  0.84001958179919101  0.85069447407778942  0.86144142869077167  0.87192069317827336
  0.88273812649598415  0.89342467516049962  0.90449846484951923  0.91601651693840092
  0.92837116000167530  0.94029750176536275  0.95163810720758146  0.96182945113833862
  0.97187626073602218  0.98134691103864258  0.99080868084594176  1.00000000000000000
   4.5666394753706069E-013  -1.0000000000000000     
 T F F F F F F F T F F F T F F F F F F F F F F F F F F F F F F F F F F F F F F F F F F F F F F F T F F F F F F F T F F F T F F F F F F F F F F F F F F F F F F F F F F F F F F F F F F F F F F F F F F F F F F F F F F F F F F F F F F F F F F F F F F F F F F F
  <DiscreteSampler_grid>
  grouped_processes
  1 # 1 for a reference and 2 for a running grid.
  10 # Attribute 'min_bin_probing_points' of the grid.
  1 # Attribute 'grid_mode' of the grid. 1=='default',2=='initialization'
  0.0000000000000000 # Attribute 'small_contrib_threshold' of the grid.
  0.5000000000000000 # Attribute 'damping_power' of the grid.
 # binID   n_entries weight   weight_sqr   abs_weight
    10   10   2.395095681817256E-004   1.169607338780687E-007   2.395095681817256E-004
  </DiscreteSampler_grid>
