 -0.00227118389460791  0.00908359453207326  0.01875500029557067  0.02874368423979485
  0.03881930142513020  0.04900082055958353  0.05923773280232218  0.06958503747793572
  0.07999818410326237  0.09052686628952662  0.10111399523641054  0.11181278333659087
  0.12257306666377246  0.13343641820987473  0.14434071888281649  0.15533182006677118
  0.16638866296501240  0.17755599741647002  0.18878266209777875  0.20010473651358224
  0.21147502842771831  0.22293930716086849  0.23445931771777123  0.24604066840110225
  0.25767077856856735  0.26935856880802256  0.28110219705362854  0.29288225040623850
  0.30468397634605798  0.31652658986386817  0.32840862704691409  0.34033052021709986
  0.35227409304983709  0.36423157840077697  0.37619797375806618  0.38817697197156975
  0.40016059063951170  0.41213776276545749  0.42410993182332479  0.43607788461512270
  0.44803189990103998  0.45995122368759456  0.47183703746310884  0.48368842640589887
  0.49551208068819130  0.50729545953988264  0.51903589843617826  0.53071842015105508
  0.54234741878502168  0.55391702419113598  0.56543000070828964  0.57687696145833367
  0.58824196535577278  0.59953366143642695  0.61075692526894310  0.62191182846499404
  0.63298773529100905  0.64399314804452612  0.65491393004285225  0.66576272201672004
  0.67651508634965396  0.68719989831622519  0.69777901989968916  0.70827939414318375
  0.71867074005008058  0.72899782233237453  0.73922307755660943  0.74937945737925926
  0.75942822583882319  0.76941377445868908  0.77929819956722157  0.78911508753876258
  0.79882644644301803  0.80846242282414404  0.81799560296010676  0.82745127063416057
  0.83682066352591766  0.84611222365267880  0.85531727084223175  0.86443432987584978
  0.87347870311925324  0.88244124302387517  0.89133293641952127  0.90012884117435976
  0.90883831625903222  0.91747398279671211  0.92603386499763274  0.93453535677005473
  0.94296233742491786  0.95131164512198263  0.95959288214751282  0.96779962974998446
  0.97593821745567377  0.98401093684952123  0.99201842565728093  1.00000000000000000
 -0.00247006338696735  0.00984416109474895  0.02011763639279410  0.03070211075269347
  0.04125554635564272  0.05183640924223031  0.06236410235803944  0.07286006711536773
  0.08334620471672684  0.09387608596475022  0.10443448453626659  0.11503519638446637
  0.12562931533612842  0.13626153886970616  0.14685080797547156  0.15741614335723458
  0.16797791865610767  0.17853907147094328  0.18911288208697000  0.19968603157394327
  0.21023521253829544  0.22080013559578029  0.23139373239597019  0.24199642707942054
  0.25257980751034981  0.26313144715821912  0.27367686068437180  0.28420045072959582
  0.29470271184436336  0.30524785229993556  0.31576772749450649  0.32632132625344556
  0.33684566477538486  0.34736120994673780  0.35789953713548034  0.36847304231856298
  0.37904259326700712  0.38958753477460711  0.40012085094647210  0.41072020623135469
  0.42130341497804752  0.43186546495086015  0.44242208283597706  0.45297743499596338
  0.46353489010427390  0.47403156599561874  0.48453008109601892  0.49498554817524160
  0.50544211746905132  0.51587975831611121  0.52630002956018207  0.53670967754503762
  0.54713683232180133  0.55765398166009994  0.56815847814767273  0.57869051522228854
  0.58921239340533049  0.59979574546750214  0.61031942112789406  0.62080563965095614
  0.63125533279677304  0.64169600322650977  0.65217222286989018  0.66264256747530415
  0.67310538996353153  0.68357715694525945  0.69412892505988477  0.70474017080606277
  0.71532414252386967  0.72590877949939636  0.73647607675311844  0.74710831816534240
  0.75762675311814731  0.76815441928697792  0.77865581107603810  0.78915854658839102
  0.79960159929810237  0.80999409082087759  0.82047559719299679  0.83099647670979127
  0.84160584886507928  0.85224365188623152  0.86285837301119528  0.87350627550786941
  0.88412052488673154  0.89477232883686342  0.90530369753262130  0.91581842970888028
  0.92629371384198500  0.93678289947734228  0.94730846815558045  0.95785525439240771
  0.96839135175872693  0.97890262924985605  0.98944592363758110  1.00000000000000000
   5.6008382691639066E-008  -1.0000000000000000     
 T F T F F F F F F F F F T F T F F F F F F F F F F F F F F F F F
  <DiscreteSampler_grid>
  grouped_processes
  1 # 1 for a reference and 2 for a running grid.
  10 # Attribute 'min_bin_probing_points' of the grid.
  1 # Attribute 'grid_mode' of the grid. 1=='default',2=='initialization'
  0.0000000000000000 # Attribute 'small_contrib_threshold' of the grid.
  0.5000000000000000 # Attribute 'damping_power' of the grid.
 # binID   n_entries weight   weight_sqr   abs_weight
    10   10   1.274316000618469E+003   1.663825490265815E+006   1.274316000618469E+003
  </DiscreteSampler_grid>
