 -0.00000001059543043  0.00001292334923611  0.00009933416915644  0.00028750875763107
  0.00057562425472598  0.00095535673276286  0.00140940272712758  0.00192701917387400
  0.00250716155662817  0.00315417940158693  0.00386976015717899  0.00464013032751109
  0.00544881694794444  0.00627027181006990  0.00716250123954689  0.00805266892946716
  0.00901424660138303  0.00999088579519042  0.01093423892306968  0.01195197352002007
  0.01299894943028939  0.01403581191528902  0.01510123086889699  0.01627042515428080
  0.01742877310586909  0.01859174650305922  0.01979265870294354  0.02102151050974296
  0.02224026807760833  0.02342363625042638  0.02460680336146771  0.02580502293425203
  0.02714220017154286  0.02846841305184434  0.02978675374113800  0.03109843739608767
  0.03238240522901412  0.03372195769194938  0.03512514849776441  0.03655491657825966
  0.03798127209019537  0.03937463267571858  0.04076978267614466  0.04215607759048599
  0.04355233680936398  0.04498668415887414  0.04645595335563098  0.04794984458939605
  0.04945496129354521  0.05095576964366505  0.05244930241230415  0.05394749665604130
  0.05543334789160885  0.05691761568479979  0.05838052978228349  0.05988733980405255
  0.06149630154605100  0.06318789623229792  0.06492237625194658  0.06670530618864942
  0.06851358944041626  0.07033021482986868  0.07213867897353467  0.07392307073589048
  0.07567003826990520  0.07735235229569759  0.07909373513010870  0.08109555145310027
  0.08323263464924895  0.08536846208209542  0.08748958391134674  0.08956768427479389
  0.09167775561609781  0.09382277797513909  0.09599847880042378  0.09819617569420674
  0.10041197260827539  0.10257809464622597  0.10504195749059063  0.10780365623028393
  0.11076711381396202  0.11382435669059202  0.11697232389970806  0.12022945958833668
  0.12357589407283921  0.12706559094325828  0.13074581571920368  0.13452909555508283
  0.13833716998929854  0.14414345737209996  0.15060163168267010  0.15782021537512272
  0.16677308465472562  0.18013291450854946  0.19396202493785017  1.00000000000000000
  0.00998276238623232  0.01447244130258825  0.02281431578050712  0.03200808406705376
  0.04142795740055445  0.05115265865152856  0.06116786325773356  0.07135577134295906
  0.08173452020145565  0.09250473538791010  0.10352043896172411  0.11428700390147847
  0.12490686904301176  0.13546404527292261  0.14606801348584056  0.15668236648767417
  0.16728938069144705  0.17803616292867822  0.18889576783345130  0.20016951263464733
  0.21186908865497020  0.22368513877618962  0.23502673512900771  0.24571829098959114
  0.25576209836047303  0.26541777368393127  0.27503866139468014  0.28479952725288354
  0.29470454839742810  0.30459509833146570  0.31443593315993495  0.32464325143201922
  0.33499612595034362  0.34519300765336830  0.35515256412392648  0.36489050163920583
  0.37467118171620223  0.38459637630910148  0.39453035795257402  0.40453796297357392
  0.41473225674641584  0.42510800825741757  0.43569167206630810  0.44611814149339724
  0.45650254404061913  0.46715670696180500  0.47810418888987977  0.48928301179859962
  0.50061512161500632  0.51199023139980859  0.52325881734845403  0.53422682775936436
  0.54497176191663033  0.55575028471297749  0.56667748906987991  0.57771512916236833
  0.58853588132799839  0.59890414717516538  0.60940787775387284  0.62010145257916793
  0.63052580734525299  0.64066080153588234  0.65079211214264898  0.66140885467854149
  0.67184978140871077  0.68186321001613914  0.69191406639391695  0.70228664087150572
  0.71248673122377904  0.72232205483125278  0.73224103876854119  0.74228160779175922
  0.75221338065282961  0.76214102857548194  0.77212915806642179  0.78217628384013815
  0.79237684702317690  0.80327475883335975  0.81472030448701027  0.82608296444265050
  0.83712618861439880  0.84855136610045268  0.85971508395795870  0.87089818361521087
  0.88234305939458946  0.89359806132797481  0.90426263125817086  0.91424892013515402
  0.92419500402400223  0.93418850519345442  0.94470881137243579  0.95520927120609989
  0.96592577835298521  0.97693494708239370  0.98823378986112131  1.00000000000000000
 -0.00261038141227504  0.01049054434586187  0.02138020014270372  0.03281359983194779
  0.04432617626953767  0.05578133975212522  0.06693939274464039  0.07797554832749268
  0.08845506100606888  0.09843427824871921  0.10831210722578820  0.11825399029545679
  0.12820424345017503  0.13865174028970242  0.14967599020618144  0.16162522961402120
  0.17361047040900066  0.18529928055208350  0.19628546790222209  0.20686679424341797
  0.21704213624564148  0.22741458149537030  0.23811098630656946  0.24888586816857960
  0.25959294005676126  0.27039861828491152  0.28138458060451732  0.29241646689252060
  0.30321095121192843  0.31348730111603418  0.32342449758081737  0.33332938311727833
  0.34368734791229116  0.35430969168361798  0.36521051274054045  0.37600030292716585
  0.38668701709484793  0.39724976913007931  0.40787329433272207  0.41839557764593049
  0.42891179904918941  0.43940668991716669  0.44974830358566054  0.46004465236233111
  0.47063256649604218  0.48145823120831049  0.49204787810792605  0.50234398806387015
  0.51257808687618289  0.52270867670649590  0.53271361728938760  0.54280410197687867
  0.55311350269139570  0.56319111766927321  0.57268919742502122  0.58237699758147643
  0.59218392482467475  0.60179964814540043  0.61122093604082417  0.62088147967461482
  0.63134207527153929  0.64229989745703209  0.65322585761985086  0.66441906850888133
  0.67559408347481542  0.68681769427489958  0.69751572638530024  0.70789600181198475
  0.71801353976484561  0.72840086336468246  0.73891758820698084  0.74961208094073817
  0.75981387513711252  0.77015773858697933  0.78059047170658602  0.79123150988523405
  0.80135254957492275  0.81146661561740374  0.82205101357228594  0.83291462103771630
  0.84342702043205953  0.85380014904450741  0.86413663814309161  0.87412958314223799
  0.88383893464680330  0.89314317818368794  0.90327451200445208  0.91346062101902914
  0.92397388722181539  0.93475708813211733  0.94637839770834531  0.95835760697514716
  0.96959719533340072  0.98006079161527127  0.99006455309981445  1.00000000000000000
 -0.00272659880398955  0.01029556941383154  0.02157812791684594  0.03278894563017431
  0.04400868327002901  0.05475886916498316  0.06499794751000815  0.07498403465360609
  0.08490236561143447  0.09506306499659070  0.10539893581344857  0.11613494586312428
  0.12723447687108588  0.13853626483720954  0.14985501239775895  0.16143406851667169
  0.17294623237596518  0.18401427014400457  0.19493535880855953  0.20555849736962764
  0.21600360130562454  0.22609977857872013  0.23606430122260025  0.24594991044714207
  0.25600647219923078  0.26588667842757235  0.27573449607950817  0.28542950927219995
  0.29564336935629759  0.30630127025981868  0.31742287687239118  0.32843580550707285
  0.33930833910342695  0.35030911569784623  0.36110943392078282  0.37211814388521536
  0.38248613762199035  0.39294265945918150  0.40322020124202884  0.41352329185578784
  0.42383501321425548  0.43388308730028075  0.44345902347055660  0.45301590706582312
  0.46279957580543774  0.47280566466218144  0.48256635583725743  0.49258182572906295
  0.50258800038618456  0.51315310520498936  0.52391509881341003  0.53448197966038957
  0.54484812168608487  0.55470524605067795  0.56459972485977461  0.57479323824403750
  0.58538379100595894  0.59611555314667408  0.60665603194720008  0.61681265152080667
  0.62686498381351818  0.63715734867441198  0.64757807900208253  0.65829811044667985
  0.66929775180064333  0.68028532415993126  0.69076992729149911  0.70079107119771067
  0.71117810139157711  0.72157602883721006  0.73220913411895039  0.74314217804980121
  0.75347467630210041  0.76352974902343040  0.77414286051950321  0.78595465769076212
  0.79761471670631856  0.80843420588248083  0.81904283195043348  0.82965427596817387
  0.83995401359867250  0.85002417972499589  0.86018763603149861  0.87036928102297928
  0.88090551486408286  0.89185542281660668  0.90312700233388343  0.91470450469309539
  0.92570989452752594  0.93653644391498270  0.94721101204226921  0.95807380645062634
  0.96894755164630564  0.97954847175683968  0.98986429755402694  1.00000000000000000
 -0.00231512480933986  0.00942198126499369  0.01894670506557824  0.02885336551530381
  0.03895382434943422  0.04955094188385720  0.06033511655172163  0.07199685887202432
  0.08347992902573502  0.09410390314508114  0.10456426553599130  0.11471508037172407
  0.12484045670888468  0.13488555159264320  0.14506156236275256  0.15600460327283563
  0.16702142012431936  0.17745385823631551  0.18787580369490331  0.19795951310654028
  0.20796569911109986  0.21818502546043325  0.22852492821781692  0.23893596104408840
  0.24929740035457532  0.25995920269379535  0.27074339470112391  0.28161173017017643
  0.29278390587008929  0.30411459261748286  0.31482687859136654  0.32496800243958496
  0.33481896498504760  0.34412594498731364  0.35328797888108243  0.36284280676913694
  0.37274907539809338  0.38259290198599932  0.39191990081136791  0.40143648615697852
  0.41111973529376489  0.42120495304506983  0.43170668019689357  0.44239379402018481
  0.45340062312948126  0.46464567796361311  0.47601864503249747  0.48670707581915318
  0.49708905785134805  0.50739060046151341  0.51736716109091041  0.52714376598563928
  0.53683446263535894  0.54666818454333899  0.55693838844029264  0.56712060206161807
  0.57723727197671415  0.58741882370347331  0.59773463257115278  0.60795407821141734
  0.61797100057858412  0.62815492639443804  0.63864340399404951  0.64908025878929188
  0.65942685083505514  0.66996627063395420  0.68109688660374612  0.69265937860718907
  0.70413787533764371  0.71477318610074247  0.72487801420605635  0.73539071820205149
  0.74606260079317199  0.75634397767654737  0.76619139255620539  0.77599431925173590
  0.78616232915071238  0.79692042833654697  0.80807111415131061  0.81929116844859429
  0.83061889950736278  0.84225505862356631  0.85423207983351601  0.86631613368244420
  0.87819659582570087  0.88978739278194641  0.90148208608364222  0.91352719100606794
  0.92648900868876349  0.93955680127260888  0.95037371625484790  0.96088894293203531
  0.97100914931218052  0.98066834551802684  0.99020003221465036  1.00000000000000000
 -0.00262334754846881  0.01007162447932297  0.02031109962074041  0.03141494654158448
  0.04223350790581338  0.05369691224771455  0.06480315470346880  0.07575483258336438
  0.08656614553858931  0.09702660315188918  0.10725051255458072  0.11739184836931356
  0.12715389505447819  0.13723587902153442  0.14723241736634526  0.15836884951624550
  0.16918177428980460  0.17959223326838966  0.18982032303199969  0.20053605108329817
  0.21172648730624313  0.22304885608003019  0.23398655073188165  0.24436572666438902
  0.25445433089639025  0.26457844673164060  0.27505130759289487  0.28572312354700957
  0.29635355113489587  0.30678489348588328  0.31675735754143725  0.32640872631030177
  0.33606877920067291  0.34604773478019862  0.35619142265737713  0.36578063513657166
  0.37554317237418022  0.38550657329108329  0.39586150312985025  0.40600353329269079
  0.41624271032800797  0.42710926194299920  0.43852724280093536  0.44929889219450947
  0.45967862242598501  0.46999726784957829  0.48058451599134089  0.49100365009158237
  0.50132462047415760  0.51195145767696937  0.52246596944384516  0.53273936081325579
  0.54298915556956828  0.55394240469776734  0.56498028096327313  0.57585959562600197
  0.58646584685032910  0.59699460671620486  0.60763954525852304  0.61855792962060507
  0.62992091408244866  0.64174269657949801  0.65357560035934859  0.66482815593703548
  0.67617446319080410  0.68718182279444373  0.69822770271064549  0.70906288028003461
  0.71948369201144680  0.72984595544525199  0.73980618718336855  0.74984743956222655
  0.75995415433628499  0.77025822136012656  0.78044010835574507  0.79045100233689547
  0.80028670593778806  0.81051098971328184  0.82074882403793581  0.83105591461326822
  0.84128825492553438  0.85187937801827163  0.86269129738492423  0.87368093295109672
  0.88425350005311798  0.89477612189019551  0.90474700728853363  0.91451190411974004
  0.92472743646094790  0.93484838860197228  0.94542141510890310  0.95619170700818779
  0.96731441687362341  0.97852136666160539  0.98915698267815377  1.00000000000000000
 -0.00205084854804611  0.00678032545316794  0.01520196928991839  0.02363968923295300
  0.03238690811526967  0.04142211326937573  0.05041830181162033  0.05931312281621808
  0.06814766865688481  0.07714948020282322  0.08655282998650173  0.09610605803315032
  0.10569319599252557  0.11521479682948781  0.12480764281621354  0.13509709103361237
  0.14599770432431014  0.15752402621031422  0.16918657605835796  0.17965618000439298
  0.18967409499688873  0.19888466103745164  0.20853698575249038  0.21846514811376347
  0.22885492096776358  0.23924408330133648  0.24947158341270981  0.25987446868251785
  0.27091346035249114  0.28253483005579738  0.29394896330384940  0.30479912786752911
  0.31589517498560932  0.32741567084845852  0.33865503294753513  0.34952080007283737
  0.36094555904096698  0.37295254013560059  0.38493643974605235  0.39679788778169828
  0.40846212059441983  0.42000424356863797  0.43145864557037039  0.44299607140685193
  0.45434348433269001  0.46589073192162683  0.47764546333672864  0.48952190391512868
  0.50182860157437614  0.51421281131021912  0.52633576828196915  0.53797685805669571
  0.54962197457566375  0.56142089475086221  0.57332484504242842  0.58553529220945921
  0.59814147331628120  0.60954462742907711  0.62071558936476334  0.63188303421169612
  0.64291870399050011  0.65365289634155110  0.66436354981171697  0.67557734774416212
  0.68739772129394439  0.70010070028859595  0.71249547081819931  0.72383128829349996
  0.73506582025853295  0.74638515420622875  0.75717560118690641  0.76759743079386589
  0.77823604112252309  0.78880099174621165  0.79909161212660507  0.80957323809433102
  0.82035365994156928  0.83118853908943147  0.84140573665960772  0.85091215081799332
  0.86024567517868245  0.86950883343907370  0.87868031314799599  0.88748285336605837
  0.89624683705381647  0.90512199857752151  0.91406194425307552  0.92310865164640499
  0.93217454295811841  0.94168583505969350  0.95177693259890750  0.96167099814191959
  0.97115232086611891  0.98084270515269234  0.99030778099723105  1.00000000000000000
 -0.00266310451663859  0.00988980243795151  0.02095646362330371  0.03209501670196528
  0.04333591800924676  0.05454374507871079  0.06603851312205251  0.07733974996415527
  0.08808104915389678  0.09827245898865798  0.10865212781205978  0.11895969790018411
  0.12903530903347582  0.13901609974684981  0.14912693319766621  0.15960198904133144
  0.17018675012693160  0.18080820927631577  0.19133272805450166  0.20165744099784999
  0.21192640750839173  0.22246059281479910  0.23337481990271108  0.24431299133125492
  0.25496911144411022  0.26578175114532343  0.27642809687569597  0.28711990901850554
  0.29718483247011362  0.30699467381329670  0.31681262170588204  0.32667950981161575
  0.33645671262271781  0.34602017014611608  0.35584605645615830  0.36645031599011113
  0.37719969103462708  0.38768445295069276  0.39815854510573623  0.40839647700802872
  0.41866354451152044  0.42877434235790496  0.43894888737702370  0.44964157331091825
  0.46073717353079319  0.47267157344476757  0.48379666793806075  0.49474074572745946
  0.50570147708099722  0.51701772671302404  0.52802457679512427  0.53838354900281038
  0.54905216471566998  0.56005205315990769  0.57089839180538338  0.58131373076659232
  0.59139670994027305  0.60164427837919543  0.61168297505789371  0.62169485008095482
  0.63241107238225436  0.64343325457940936  0.65463632619524470  0.66577072765083778
  0.67614038744354554  0.68575980609684117  0.69492921976938393  0.70429446046576094
  0.71424286378739610  0.72460606597373378  0.73497065294669761  0.74537651081697909
  0.75588351683296506  0.76620456359748379  0.77644170955397918  0.78656525430850710
  0.79722083534084998  0.80834177369390670  0.81929044100386061  0.83005104572638611
  0.84069174542901015  0.85154114139076109  0.86285394303899321  0.87421340308008022
  0.88565490035553773  0.89703704407958884  0.90826006556454353  0.91893263462653019
  0.92893743145606444  0.93894381366290924  0.94894510917678843  0.95885491858886707
  0.96871377515029267  0.97830861407490510  0.98902447624951051  1.00000000000000000
   1.4325813576153927E-009  -1.0000000000000000     
 T F T F T F T F F F F F F F F F F F F F F F F F F F F F F F F F F F F F F F F F F F F F F F F F T F T F T F T F F F F F F F F F F F F F F F F F F F F F F F F F F F F F F F F F F F F F F F F F F F F F F F F F F F F F F F F F F F F F F F F F F F F F F F F F
  <DiscreteSampler_grid>
  grouped_processes
  1 # 1 for a reference and 2 for a running grid.
  10 # Attribute 'min_bin_probing_points' of the grid.
  1 # Attribute 'grid_mode' of the grid. 1=='default',2=='initialization'
  0.0000000000000000 # Attribute 'small_contrib_threshold' of the grid.
  0.5000000000000000 # Attribute 'damping_power' of the grid.
 # binID   n_entries weight   weight_sqr   abs_weight
    19   10   2.077914358202810E-001   9.942435396903079E-002   2.077914358202810E-001
    25   10   1.256039930015350E-001   2.405053710563689E-002   1.256039930015350E-001
    37   10   1.532373598470002E-001   3.773452038035442E-002   1.532373598470002E-001
    43   10   1.700842783004636E-001   6.049822943934872E-002   1.700842783004636E-001
  </DiscreteSampler_grid>
