 -0.00170980035763490  0.00831761471544708  0.01610511973382543  0.02409162326395838
  0.03220899054462290  0.04039950874875398  0.04866413489485261  0.05699784778006657
  0.06540656368704520  0.07389147106788180  0.08244730240161022  0.09108315586896643
  0.09979435111141959  0.10858354827615542  0.11745959604443848  0.12640874622391171
  0.13544320996128231  0.14455332471649268  0.15375222476740291  0.16303628236668607
  0.17239703550699742  0.18183572049147892  0.19134927944355162  0.20096207652907533
  0.21065613015139401  0.22045056960098650  0.23031607791701517  0.24028759637978528
  0.25033117745569700  0.26047945683937551  0.27068727554423494  0.28100187498554174
  0.29139055663666830  0.30188928923750469  0.31245059728912844  0.32310466218445205
  0.33383350766259312  0.34466501755776868  0.35557052250665477  0.36656094571109810
  0.37762261882290193  0.38877076983059206  0.39998918406970252  0.41127754110858317
  0.42263252149541158  0.43405926293073571  0.44555290070056275  0.45709945693944876
  0.46869937486862412  0.48035247217927579  0.49206764551131049  0.50383083871651280
  0.51563564660214667  0.52747809322361350  0.53935884627379105  0.55125794336789624
  0.56316636304054413  0.57508675370200113  0.58702625580902246  0.59898276628148606
  0.61095033608218430  0.62291984327443328  0.63487627136672020  0.64681534209210290
  0.65874210517540333  0.67065387581742786  0.68254444129246827  0.69439683677185560
  0.70621353335866455  0.71798612789975202  0.72971067841319426  0.74138286971832312
  0.75300163295413558  0.76457288807549606  0.77608145886439972  0.78753425068951766
  0.79890407938203534  0.81022502183393730  0.82143890633311578  0.83260936623655935
  0.84366279258637733  0.85468276064094495  0.86559369520188612  0.87645779224324971
  0.88720450620284486  0.89790375508717279  0.90848847631190688  0.91901902012283510
  0.92942606400703975  0.93977858982327778  0.95000887156311697  0.96018557097814594
  0.97023320134683566  0.98023181115063385  0.99012756164625593  1.00000000000000000
 -0.00239126820908323  0.00983674655346436  0.02006412452283206  0.03063278149835843
  0.04122313978161538  0.05185090659017658  0.06240984663899997  0.07301967855211948
  0.08363256375263067  0.09428976146252961  0.10491032507624250  0.11549168756384413
  0.12600803796895266  0.13650157411131983  0.14701889502910270  0.15753872404258037
  0.16800281766071617  0.17844012077261412  0.18889204767902526  0.19945626967805730
  0.20999920065220307  0.22054628297232656  0.23102802457207622  0.24152095950586655
  0.25198172390535944  0.26240757704342899  0.27281767206389795  0.28324634999374426
  0.29369387527146468  0.30420972471046120  0.31475560042228329  0.32532019741332990
  0.33584743080215157  0.34636566450862272  0.35691617611912951  0.36745725608619451
  0.37798026726680278  0.38847951327223856  0.39901566169518232  0.40959848020628303
  0.42019362441734004  0.43076468506530591  0.44129454491804276  0.45178920724416183
  0.46231801848519338  0.47288465267528940  0.48345449309635147  0.49400416824118398
  0.50452615045518245  0.51507483243783725  0.52560783597262484  0.53611861257500493
  0.54666617012440011  0.55726107505395761  0.56785551199352491  0.57844757542306480
  0.58897723484312892  0.59952531512689022  0.61004309508121934  0.62058875172232830
  0.63113158031186800  0.64166038546547999  0.65220894993602829  0.66275334297173505
  0.67327874160024703  0.68380776526613951  0.69434768779246381  0.70491370633471806
  0.71543628419299365  0.72596200509928610  0.73649865904349288  0.74703838863561922
  0.75757500441148407  0.76804989166905724  0.77853715462253581  0.78902625130776938
  0.79956323353590919  0.81016769463116090  0.82072667606750660  0.83128582064018541
  0.84180984003463244  0.85240824868873277  0.86296677872604644  0.87346657599712441
  0.88399613083600848  0.89456780415575132  0.90513767683547985  0.91565079535341132
  0.92612542380659502  0.93667573306931318  0.94723474718700051  0.95777745803201830
  0.96833884332405840  0.97884361621584415  0.98944179294625190  1.00000000000000000
   5.6034691152155462E-008  -1.0000000000000000     
 T F T F F F F F F F F F T F T F F F F F F F F F F F F F F F F F
  <DiscreteSampler_grid>
  grouped_processes
  1 # 1 for a reference and 2 for a running grid.
  10 # Attribute 'min_bin_probing_points' of the grid.
  1 # Attribute 'grid_mode' of the grid. 1=='default',2=='initialization'
  0.0000000000000000 # Attribute 'small_contrib_threshold' of the grid.
  0.5000000000000000 # Attribute 'damping_power' of the grid.
 # binID   n_entries weight   weight_sqr   abs_weight
    10   10   1.286066198789321E+003   1.713223415026127E+006   1.286066198789321E+003
  </DiscreteSampler_grid>
