 -0.00000000984289022  0.00001290458522691  0.00010035542526311  0.00028267785681254
  0.00056455444709167  0.00093532351628362  0.00139144004168858  0.00192110108081664
  0.00251393660277361  0.00315503185407228  0.00384518009747869  0.00457464102130527
  0.00536948916404867  0.00619360384770732  0.00708062433815918  0.00796425191800440
  0.00892345787101047  0.00992907474890669  0.01094887317377442  0.01200681000094944
  0.01309907818265819  0.01416265217686739  0.01526063134094914  0.01642592701100161
  0.01760444353492891  0.01879507708781151  0.02003287223263834  0.02131064072204367
  0.02255120301899502  0.02377195738649319  0.02497996253696770  0.02623707772907456
  0.02753069233368991  0.02883448938502401  0.03013042180417270  0.03139385007730409
  0.03264486454824188  0.03391762378032743  0.03527042369642699  0.03666689701013694
  0.03805776823542819  0.03944212077987816  0.04082602789087081  0.04221521830057299
  0.04361147834035075  0.04494088463112724  0.04645568463822226  0.04798021615499294
  0.04948268438660656  0.05097360925613601  0.05246432129257306  0.05396437690503615
  0.05547972034418829  0.05702273649912237  0.05856509361530399  0.06018489441759279
  0.06187270451792704  0.06359589980062619  0.06538895701271262  0.06719967831205767
  0.06901429871089169  0.07081541134150278  0.07259554232719881  0.07436077614161855
  0.07612574917499397  0.07784244794951298  0.07971567354220868  0.08176517933587553
  0.08386156019902055  0.08593184713557203  0.08798912298724258  0.09010029630574236
  0.09222500150197561  0.09440324134089625  0.09662313861169124  0.09883430853642892
  0.10106879126085223  0.10326744140525096  0.10568500104256838  0.10841287455085151
  0.11142784775119711  0.11449763081005708  0.11765763219546814  0.12091596601853723
  0.12425117075669062  0.12766729958455411  0.13119568271202359  0.13486211409174045
  0.13909926350659046  0.14463217177723484  0.15104189691025172  0.15830640381357755
  0.16680558824194003  0.17884117113008530  0.19458244573340178  1.00000000000000000
  0.00952738130892176  0.01577474654861594  0.02544308826485238  0.03683206771847005
  0.04859320360943422  0.06065995358059646  0.07273810303385847  0.08396743837610983
  0.09469954639602288  0.10472984183859935  0.11436965729175251  0.12379023258630864
  0.13311300719049907  0.14242583325745128  0.15181257536347054  0.16164798894308915
  0.17212956618774355  0.18285011054796621  0.19315473036006070  0.20301402928353410
  0.21352016723337702  0.22433217420812654  0.23534557717757512  0.24593311726612713
  0.25672918097742481  0.26758540844512657  0.27844844638662786  0.28935617921896167
  0.30019382516513482  0.31064713427417734  0.32058169856891144  0.33008447151025483
  0.33970540152113732  0.34937409553717064  0.35934154199298224  0.36951500213997357
  0.37973256440090686  0.39030436261572393  0.40116158711806393  0.41199735478890265
  0.42230383376012948  0.43221590157816298  0.44191439611982686  0.45131993392748426
  0.46060798160126182  0.46948741202793021  0.47851089037552264  0.48737731299724091
  0.49641286497179060  0.50575066619771447  0.51547146378469544  0.52537021984003085
  0.53566463807161280  0.54629136125651723  0.55715141523654743  0.56815946527742434
  0.57887305913848153  0.58920608460007007  0.59906509196703994  0.60889352153062604
  0.61889511165635680  0.62924512356189199  0.63997240456323512  0.65061412494416060
  0.66110554148517331  0.67145494114894555  0.68168121216711952  0.69179073145942838
  0.70197766008536455  0.71270767554593129  0.72421469263267813  0.73578161102909712
  0.74716368845262604  0.75823616036719999  0.76899463375493282  0.77993379702061949
  0.79113269898560812  0.80258462596497671  0.81398952879677333  0.82528878615263079
  0.83697159580208269  0.84889690666472806  0.86049642250798153  0.87153054664198171
  0.88281639568399306  0.89425029921750199  0.90491279903317257  0.91489367455573622
  0.92477647726590828  0.93495461167949057  0.94534839572116469  0.95610607514076762
  0.96717404676320307  0.97836281461460406  0.98921217823639163  1.00000000000000000
 -0.00266466331627606  0.00986692112839364  0.02043076270347786  0.03099695929358451
  0.04178279645282502  0.05218944087828019  0.06308244930605809  0.07399729752760531
  0.08516163231154658  0.09603445030822287  0.10676230018155695  0.11724642449376291
  0.12786287476868771  0.13889050337396097  0.14992084690611826  0.16060338434856067
  0.17109440147945884  0.18142743256096802  0.19176908878031496  0.20192662691164698
  0.21191889969567404  0.22241061977966697  0.23321488508780835  0.24481433049486309
  0.25565821760650065  0.26605191095475017  0.27645380316938434  0.28704399866725500
  0.29789054001395082  0.30867498826478862  0.32030886831561634  0.33190230403013971
  0.34250602565368293  0.35258126674497070  0.36238171644380585  0.37200354371053401
  0.38156845966615188  0.39132205484569593  0.40187856953442752  0.41247960428757374
  0.42355870863677059  0.43506141309805557  0.44713574715921856  0.45923692604142657
  0.47075965959677724  0.48159846032104342  0.49189309483669774  0.50216061557652580
  0.51244955020355432  0.52237668702706508  0.53223198168774821  0.54207142448084156
  0.55243534115687409  0.56245548871675399  0.57251303281614552  0.58246629782956127
  0.59265212158619085  0.60321452208908022  0.61442382937945950  0.62566292342763985
  0.63617217516949165  0.64635756263771049  0.65648210203728508  0.66688109279392893
  0.67752991800566964  0.68860716836136093  0.69940989987880753  0.71012363300304893
  0.72096119295721373  0.73196880454060476  0.74298147634108214  0.75359480203606899
  0.76373107047582345  0.77348119019295614  0.78334860634643821  0.79303680454244929
  0.80305343487343561  0.81280148004619102  0.82334347616146075  0.83377060821928217
  0.84428653194324776  0.85449336930318731  0.86565345426359730  0.87626516224802931
  0.88717959426906312  0.89789424523272121  0.91027123831500134  0.92131288021893321
  0.93139956161248560  0.94147101063073424  0.95193397173878824  0.96178837695780783
  0.97141603570726787  0.98096222338911343  0.99058640467214765  1.00000000000000000
 -0.00268923200673476  0.00980374311517420  0.02062839381442898  0.03145119001447943
  0.04247031813536791  0.05381757679318503  0.06475985672255029  0.07507578079384593
  0.08534554902578866  0.09588546315515790  0.10660276346183442  0.11737331474749235
  0.12824857259954323  0.13929787994340964  0.15053917670368430  0.16195188682606984
  0.17335200938844933  0.18485594982595227  0.19613651193950032  0.20726385103720715
  0.21761560793049958  0.22777453645318285  0.23835786543392848  0.24899815945808076
  0.25930994991980244  0.26947117650865998  0.28006526363796291  0.29073997094378923
  0.30088954782741129  0.31076512457347832  0.32090176642991269  0.33117877008308982
  0.34158052867716093  0.35224636506113771  0.36334415955521998  0.37443532003285118
  0.38476136123739652  0.39499134476184605  0.40488611567862604  0.41487002462055994
  0.42485836263169557  0.43445987727758284  0.44399952751746358  0.45357435008630426
  0.46339024907954707  0.47383968942805410  0.48401937080001783  0.49463398832265276
  0.50509881769493148  0.51556036202293942  0.52615375931758201  0.53672316827527800
  0.54748107338872165  0.55816785105462330  0.56909962680030957  0.57996377204494598
  0.59047111409897024  0.60044783378108058  0.61038080145534535  0.62028882329369839
  0.63025542258757716  0.63983539422943758  0.64992416247478091  0.66015955721603947
  0.67062534540709029  0.68080471430160161  0.69183202500862506  0.70367742236287889
  0.71501130444903427  0.72569531585842895  0.73585452162246312  0.74558723398493276
  0.75535345215577387  0.76480910471102115  0.77438736073800141  0.78436032971732828
  0.79474730148645367  0.80538545332556732  0.81617542002832366  0.82684957844616680
  0.83777065436410925  0.84871290289462153  0.85973256316209457  0.87034941553582490
  0.88104200408173605  0.89168546407935090  0.90220106904305675  0.91252678612939597
  0.92335781445749276  0.93420738230568556  0.94490239880432547  0.95552597603028111
  0.96673418148914980  0.97742309642479241  0.98882054962356525  1.00000000000000000
 -0.00260072885819775  0.01054913395298215  0.02077787170198577  0.03165411309859827
  0.04258403779391395  0.05424275908269124  0.06578343405449356  0.07699118501863639
  0.08830504882790088  0.09925434014393486  0.10996136056050178  0.12068102800945196
  0.13120940267928957  0.14201168468269476  0.15264234004123395  0.16295070777676221
  0.17300353987252573  0.18272631351490659  0.19284707281929417  0.20361428044879887
  0.21444947924219512  0.22477107100252131  0.23498721158656891  0.24528032052880933
  0.25558834575782025  0.26571435725831882  0.27626593970395291  0.28704106632175552
  0.29769124826765114  0.30839613782822328  0.31938575666318803  0.33048960679480410
  0.34130457145882714  0.35183802067055098  0.36222555696924974  0.37286619480915562
  0.38391141634814352  0.39524352093306259  0.40679313783598270  0.41851692339264923
  0.43038598905105707  0.44228916505287424  0.45397993362534333  0.46544380070939073
  0.47659469991324799  0.48716560414026078  0.49751919550658019  0.50788603343556837
  0.51809822199814048  0.52841032821937195  0.53894510891646252  0.55012552865361763
  0.56147571107472771  0.57252424027057824  0.58342882459178735  0.59419333906934912
  0.60455202528333862  0.61443733323688843  0.62445058064382664  0.63469738848113277
  0.64436573249650952  0.65364675463075539  0.66303499072407501  0.67326720040175614
  0.68414201956112253  0.69442297494557192  0.70435360094492683  0.71407659166859860
  0.72348895344265862  0.73284819829412695  0.74225288258301780  0.75189701298612766
  0.76185531842385368  0.77206809932543485  0.78275548876390877  0.79310713983499470
  0.80345236216962901  0.81371041593885229  0.82432847690750544  0.83507648895631925
  0.84598042453795130  0.85661963768576788  0.86745251433812143  0.87841543845921444
  0.88968878837861665  0.90049625816194101  0.91132092674555598  0.92205753244223798
  0.93255108754815863  0.94270089325561657  0.95277916848971012  0.96265256115229803
  0.97217475443258594  0.98141613384739235  0.99059049640600216  1.00000000000000000
 -0.00231372720349351  0.00931546467952398  0.01895699931936774  0.02910535409939321
  0.03956720884080713  0.05142943211009977  0.06357856685901901  0.07588755916805598
  0.08747279660589408  0.09850613023133760  0.10932047894286089  0.11987079501895594
  0.13073612105769078  0.14142914026583361  0.15272763553749422  0.16388831811655880
  0.17472816595679125  0.18558383734526326  0.19636798819448392  0.20729153009669996
  0.21810191777786861  0.22851982076369315  0.23812924815361425  0.24770448662698247
  0.25768049992414693  0.26792588361835257  0.27756590704295370  0.28683965675606510
  0.29634573793685703  0.30646887199977557  0.31701263348056224  0.32816225629642620
  0.33980251057054150  0.35180598780521050  0.36355925770024600  0.37473919079618223
  0.38560775651840284  0.39634677959324460  0.40700618312286097  0.41751388975945253
  0.42777498908115924  0.43796403459333577  0.44843871069344171  0.45897851080902524
  0.46979899485831961  0.48072652800230797  0.49178780820304752  0.50302853532908010
  0.51417744914756847  0.52480106613428767  0.53496072910124504  0.54527535110103031
  0.55585598300175965  0.56639620724580186  0.57678804580682785  0.58736774851515072
  0.59839695146931904  0.60950117509660229  0.62046242683519348  0.63102365135772731
  0.64155954123067827  0.65192554987160134  0.66238479899355851  0.67252081700459965
  0.68274588002550829  0.69293421432394497  0.70299576332548974  0.71351113021696322
  0.72346602393081538  0.73350460021362285  0.74358956785266095  0.75403982696110516
  0.76482898646961905  0.77576442315160021  0.78679793126702557  0.79757333534900166
  0.80800181462642173  0.81801108035809234  0.82793364772346145  0.83761849453843218
  0.84704638532835530  0.85654739149057801  0.86650908806964433  0.87665532392818735
  0.88690934127442700  0.89678665218383447  0.90668111457265332  0.91676051965962535
  0.92690645270492744  0.93737891618460789  0.94773439158718598  0.95833173631483037
  0.96904449949516891  0.97971439280047656  0.98972119537998970  1.00000000000000000
 -0.00218812547182182  0.00783975633400031  0.01665911797263232  0.02541322184741227
  0.03433070237932968  0.04303868380367055  0.05148328616130440  0.05950751118756285
  0.06757770234952637  0.07573300978334804  0.08420544209515912  0.09289842839728384
  0.10171297795649091  0.11066202490470790  0.11986797729703572  0.12921442958062596
  0.13886690706112073  0.14806720032830858  0.15705514238047605  0.16612442664108876
  0.17596551511596051  0.18637163822788866  0.19677177100685225  0.20715767853880762
  0.21794674115693388  0.22921263941074746  0.24075751987142036  0.25234783725579685
  0.26358734576798309  0.27485675765946072  0.28586655103310993  0.29669625007593742
  0.30718998877154507  0.31835413241215915  0.33019115665838378  0.34239640964550339
  0.35460577653249303  0.36698927341820103  0.37933265970662167  0.39128947817052767
  0.40310209401504393  0.41471022333930718  0.42601155027884535  0.43719227964233343
  0.44860866571328578  0.46010394926599424  0.47181570499343084  0.48337257879668416
  0.49504092207836564  0.50695722348303474  0.51897198555922375  0.53072753841471165
  0.54235075033904212  0.55401320030185963  0.56567584255480863  0.57721354444360895
  0.58862671586606452  0.60000690532028911  0.61177171353459381  0.62379268164997670
  0.63596128932039730  0.64873898473717007  0.66223957126623112  0.67573777271723634
  0.68866975524554652  0.70115834405098310  0.71263244437557194  0.72353875746807839
  0.73352138516354926  0.74356841038513943  0.75350378404366403  0.76348498076761828
  0.77308436827169869  0.78296955458819961  0.79290898913856656  0.80361990932721528
  0.81449723806784058  0.82568667587718414  0.83683016492144369  0.84758638234868700
  0.85800393891415794  0.86783905673776252  0.87745097037736153  0.88706968290425114
  0.89674061496473689  0.90651597391088290  0.91624380663204541  0.92601355607325142
  0.93586776565677876  0.94563893257110154  0.95531798008696267  0.96452374709234390
  0.97329792570287788  0.98193272184567437  0.99090999895294185  1.00000000000000000
 -0.00224268539293593  0.00960381198282743  0.01964067812721812  0.02967408332843698
  0.03966917059457924  0.05034170467414330  0.06088401552892465  0.07097383363135516
  0.08078021937998511  0.09058378746988489  0.10039510842357779  0.11080379152213063
  0.12137107837630483  0.13219672309291733  0.14298242964497038  0.15345317216486032
  0.16389867620966705  0.17432623771308994  0.18491588529011357  0.19590757778441770
  0.20719446555999310  0.21900392520202486  0.23048501260929011  0.24096783331342017
  0.25064203449145894  0.25958653826082684  0.26870376442302640  0.27834353819313745
  0.28778406866344092  0.29720928920404532  0.30677118050662971  0.31670551950060488
  0.32692922671106750  0.33697339073157101  0.34663560685763722  0.35657609288728997
  0.36777874686991124  0.37883693935153506  0.38948443646707154  0.40003546568013321
  0.41040559784666997  0.42085348149378876  0.43152582148908208  0.44245318130854039
  0.45337279112502282  0.46419855239717667  0.47510525417895477  0.48647512048723401
  0.49811548354792284  0.50955479823959315  0.52058777726091776  0.53147746542917107
  0.54250745046811943  0.55290633827463742  0.56322818457478774  0.57350588302426353
  0.58345527954034915  0.59312843777868018  0.60278919738434433  0.61332630605637084
  0.62432468731731561  0.63495378567615357  0.64547799360299252  0.65641918939486321
  0.66767410173104003  0.67867161909161300  0.68953946169818103  0.70031831891958485
  0.71106321682100293  0.72150831151290806  0.73215265149124142  0.74235571418676471
  0.75272987075586062  0.76320535512738130  0.77364381108830460  0.78419880249544083
  0.79501802724476167  0.80629572625418611  0.81732784447695828  0.82778969434245875
  0.83836487012115279  0.84892500852654051  0.85941969160273546  0.86970318517760203
  0.88034258704084278  0.89093386022851695  0.90134015806742018  0.91206457382770167
  0.92268156359977227  0.93385321307485336  0.94533817515364504  0.95660228903208755
  0.96730280361173993  0.97773450964544595  0.98875058992340503  1.00000000000000000
   1.4442436485728675E-009  -1.0000000000000000     
 T F T F T F T F F F F F F F F F F F F F F F F F F F F F F F F F F F F F F F F F F F F F F F F F T F T F T F T F F F F F F F F F F F F F F F F F F F F F F F F F F F F F F F F F F F F F F F F F F F F F F F F F F F F F F F F F F F F F F F F F F F F F F F F F
  <DiscreteSampler_grid>
  grouped_processes
  1 # 1 for a reference and 2 for a running grid.
  10 # Attribute 'min_bin_probing_points' of the grid.
  1 # Attribute 'grid_mode' of the grid. 1=='default',2=='initialization'
  0.0000000000000000 # Attribute 'small_contrib_threshold' of the grid.
  0.5000000000000000 # Attribute 'damping_power' of the grid.
 # binID   n_entries weight   weight_sqr   abs_weight
    19   10   1.496990332803410E-001   5.523430366869116E-002   1.496990332803410E-001
    25   10   1.687688931309352E-001   7.420724936529803E-002   1.687688931309352E-001
    37   10   1.509209150391892E-001   5.246674922069189E-002   1.509209150391892E-001
    43   10   1.748711931473560E-001   8.510821192809329E-002   1.748711931473560E-001
  </DiscreteSampler_grid>
