 -0.00000632016410233  0.00137589167391280  0.00413723906699125  0.00715756221695140
  0.01032617588753336  0.01323641300997751  0.01592467042304008  0.01859101025143383
  0.02107437324132964  0.02333841469643744  0.02547520615955257  0.02772414941382787
  0.02994861691030989  0.03208748775413316  0.03405358565506127  0.03592185610488678
  0.03781623574254914  0.03972574032499300  0.04165925653951674  0.04362391560632600
  0.04555614331322433  0.04744957809189015  0.04937406353714948  0.05132922819362699
  0.05323898126303547  0.05516010794297122  0.05712984275674193  0.05906130977730732
  0.06100356001103714  0.06302518087150753  0.06500547749435794  0.06692350105007674
  0.06881488729768309  0.07074373269191728  0.07278760230628072  0.07499548342708688
  0.07714235247294504  0.07924261151487919  0.08136715722597022  0.08357363384135558
  0.08578764464721793  0.08796438765352334  0.09020687799334445  0.09250387886422722
  0.09475451539847882  0.09699646283888674  0.09912271925019961  0.10131625536833418
  0.10345239394052962  0.10555670492559618  0.10767916136823433  0.10984899127688122
  0.11204854937573312  0.11421798492725527  0.11626542669401994  0.11854264402003452
  0.12088756011468840  0.12331189132076420  0.12581420698425849  0.12825217878048883
  0.13073937626426979  0.13301038775551996  0.13521836311750918  0.13748182933414055
  0.13986538324923942  0.14239147762934129  0.14500291059308223  0.14775575535801763
  0.15055062410918671  0.15326997211319129  0.15591708964385143  0.15891472228124087
  0.16206175132411338  0.16527873479300606  0.16862305733181049  0.17213790893897929
  0.17570597306358210  0.17928623622181869  0.18294969317108578  0.18669597369971841
  0.19039731414832411  0.19402469295494701  0.19759860758407938  0.20122237451277744
  0.20564337074730354  0.21039691466440141  0.21592479028449035  0.22192428685177251
  0.22836139183261908  0.23570677477571844  0.24422954973872268  0.25372181299813323
  0.26515453854228088  0.28181902521766294  0.30337072268420184  1.00000000000000000
  0.00974102008352754  0.01484095224197201  0.02312518921715322  0.03237781403248052
  0.04220759487314132  0.05224224408786382  0.06304525433397980  0.07378101757756861
  0.08517502968037022  0.09614775435306816  0.10739725956376843  0.11848573590504942
  0.12917122564465450  0.13992491102428736  0.15279124990733672  0.16556020844007002
  0.17683792689396075  0.18756871599150088  0.19839731276574485  0.20978189397090835
  0.22141381604327887  0.23388988363562241  0.24726843015591909  0.25977462736430507
  0.27076351168656276  0.28143342099053620  0.29152262117549516  0.30136445751358476
  0.31203372291594789  0.32445441868617542  0.34012499196005691  0.35417648599048196
  0.36695348223674973  0.37864657349347119  0.38994751871163069  0.40142124743492935
  0.41265742968237545  0.42310559892359506  0.43296063862215750  0.44271707520788106
  0.45228576425073319  0.46108135834236058  0.46900196140510403  0.47678543667207041
  0.48409545166705809  0.49197612903728183  0.49939021486217922  0.50678123351006454
  0.51476408109666782  0.52349416882830824  0.53259095618026675  0.54015146373030165
  0.54915200736424685  0.55840550520237608  0.56927232201614297  0.58038807851115304
  0.59002183056670898  0.59935402289894413  0.60907263649948784  0.61928632807487893
  0.62822818587411733  0.63650832328786977  0.64480085587219460  0.65318991365321699
  0.66270938576536553  0.67266162298087095  0.68193502641125470  0.69125757417690858
  0.70054453627072832  0.71112395838958853  0.72515219242752060  0.74045592432510754
  0.75544438631816702  0.76915482322614848  0.78118608427423719  0.79225154190584213
  0.80272443636211110  0.81301257951075201  0.82290753535566064  0.83209052800923722
  0.84076866392241290  0.84970889050097931  0.85925517867408052  0.86896156571920558
  0.87836767754782397  0.88776163577456713  0.89767885188867280  0.90793591241544591
  0.91805002553377768  0.92777798520506438  0.93753265499777694  0.94784703798280046
  0.95845909150628761  0.96890102627994235  0.97958705520623546  1.00000000000000000
 -0.00001737475310941  0.00016476483230818  0.00041235272642939  0.00080763397202513
  0.00127786666691046  0.00183657993801353  0.00258338966477483  0.00335780443976418
  0.00412660133750859  0.00505602597689793  0.00612517557768603  0.00735427994221259
  0.00855596731300006  0.00969539941489611  0.01092965894964478  0.01231795475759138
  0.01380332817502664  0.01531229059151260  0.01686766322562042  0.01840855941292324
  0.02001631087235840  0.02175100175173527  0.02346825809793503  0.02508658865075746
  0.02679680830858372  0.02866627310679835  0.03069813246999151  0.03249040309323795
  0.03509617309473421  0.03781071488711475  0.04038790191665729  0.04273146905471942
  0.04510234769321238  0.04746256250696171  0.05005469442925919  0.05278016204581405
  0.05557129454449160  0.05832072239428586  0.06114263031947967  0.06414956361455917
  0.06720811428746044  0.07024092349375498  0.07327866609630451  0.07629738747928241
  0.07929258543104137  0.08226365120799500  0.08547612446136874  0.08899672408083195
  0.09269160588119972  0.09658188314440447  0.10047067002769446  0.10439980989215525
  0.10862356655435432  0.11329726063137024  0.11773848288309086  0.12220910906531998
  0.12658149095928714  0.13123775052388323  0.13630874953012304  0.14151925263991896
  0.14681333281037034  0.15240255572452488  0.15788570641908733  0.16367720813106906
  0.16992048676232144  0.17640936182052980  0.18253369839518677  0.18777402031907686
  0.19305461720261155  0.19880998209928233  0.20476895124532743  0.21091565145808869
  0.21715757287447607  0.22344279463492289  0.22977663899411910  0.23599690889676581
  0.24225675610457303  0.24936849944325376  0.25770573089374282  0.26756424770712295
  0.27732793588487969  0.28751173694181731  0.29779849038634054  0.30891556508800977
  0.32135125499969286  0.33429203784549255  0.34845413820779919  0.37410346167668496
  0.40222923641332065  0.42722595489735093  0.45068200598464303  0.48397330394445648
  0.52302071181705878  0.58522207980541274  0.72002281731773921  1.00000000000000000
 -0.00246957845491893  0.00905351268366996  0.01916934509101053  0.03118532559880011
  0.04280996706339393  0.05453291224280259  0.06639614211510683  0.07726113346218023
  0.08741463121674038  0.09773947058129169  0.10749094520887456  0.11647036890431531
  0.12561800140685375  0.13390419329679135  0.14209327336486718  0.15072517930042426
  0.15953316680892518  0.16857654521822427  0.17887013515359509  0.18992341728180528
  0.20033128334550870  0.21166453473020430  0.22502285355732343  0.23810899876249492
  0.25103028595034577  0.26268595855570315  0.27325480729166829  0.28282395923024195
  0.29180873300179871  0.30074021267780221  0.31033307934385701  0.32101396343576705
  0.33214172871728948  0.34368021236109830  0.35575306844970761  0.36825039702616907
  0.38109700739354130  0.39413599687627787  0.40652892141743335  0.41867112691814057
  0.43232278086251996  0.44500979698625953  0.45648546273564578  0.46634408594486310
  0.47588456560683928  0.48537679679378115  0.49498661329086258  0.50465749260321635
  0.51338120208671456  0.52235909069195829  0.53208267439789625  0.54179815035561196
  0.55135716031090853  0.56124179042566291  0.57268515814470367  0.58484666353410097
  0.59646967052846789  0.60791239456562751  0.61823980291794067  0.62859937328557780
  0.63877226904905304  0.64838421512805311  0.65766805901600978  0.66668758827316621
  0.67550017455106526  0.68440153397939041  0.69315512240828669  0.70122275370419851
  0.70922324008190685  0.71767106650625512  0.72563783466095277  0.73461532806488028
  0.74365261202714250  0.75287053494387324  0.76492304181107362  0.77699057493372581
  0.78923163471110502  0.80205561753169274  0.81372416038943940  0.82357499352857744
  0.83297685893918649  0.84254116598619677  0.85263990921858912  0.86240376726983348
  0.87318892483637445  0.88618033855008504  0.90044690052733234  0.91150023762146015
  0.92193168685382565  0.93236716677689213  0.94284709656352739  0.95388652295860654
  0.96578162297934789  0.97780905170140253  0.98908255762966812  1.00000000000000000
 -0.00226296635518917  0.00984988903793330  0.01918974924830338  0.02937532050168270
  0.03942026317207757  0.04991588707028812  0.06062471627751870  0.07133850521938059
  0.08196699837542933  0.09194403651308729  0.10172714599077079  0.11193474972190090
  0.12309406174155035  0.13518667720013736  0.14667091965154944  0.15726501716273580
  0.16901609160037415  0.18113905955001230  0.19202973142165997  0.20185926110256783
  0.21197859510970454  0.22292626919235514  0.23338710534018406  0.24244844076687774
  0.25172000331265437  0.26090622944250114  0.27056581094885418  0.27983708739625157
  0.28881390317982314  0.29904138229471683  0.30997373956749952  0.32115183696230815
  0.33172300510285235  0.34240586148025265  0.35285469254114832  0.36445531541126364
  0.37615884201602001  0.38471790433794811  0.39304425143819338  0.40190764565738218
  0.41203781534868494  0.42183436298880000  0.43114016930291932  0.44064149679658360
  0.45079664434666422  0.46013716246892999  0.46903294737055384  0.47853325004085090
  0.48810122387901639  0.49860342814163050  0.51000991317670963  0.52142233083429657
  0.53145899136091745  0.54113403843066954  0.55170611964357508  0.56231821692546213
  0.57255465096026803  0.58346111477799545  0.59626119539904099  0.61039549101178014
  0.62398360540305287  0.63679183867653300  0.64909011851841225  0.66125899508016139
  0.67219878118149345  0.68301543307176049  0.69469345615226319  0.70667616853723914
  0.71868978076849432  0.72970432145601982  0.74063918279564334  0.75219619526739412
  0.76392951701462830  0.77513249394370720  0.78565641271605602  0.79671509615407676
  0.80855307706191448  0.81976953330818947  0.83026630202973950  0.84051356314985548
  0.85088577504660778  0.86143496120227592  0.87196527205176000  0.88212219086270671
  0.89169876556974870  0.90106256054735434  0.90987089884077843  0.91832336953958993
  0.92663826206708710  0.93522863830581004  0.94515693222195318  0.95499736481582065
  0.96471648497404527  0.97406898963091160  0.98431144136235071  1.00000000000000000
 -0.00090537751151890  0.00397180917169909  0.00819173135903003  0.01317611192373931
  0.01795935678466936  0.02322141391203675  0.02886651910473132  0.03472607323468870
  0.04021735359885648  0.04621698640099345  0.05221796404514650  0.05770652820673139
  0.06355321135388513  0.06983976836660563  0.07645798033696459  0.08310650965692147
  0.09031262367234545  0.09681950127622295  0.10497302704290301  0.11607757844880989
  0.13020583122084156  0.14198069428960827  0.15381309056740489  0.16554395201449681
  0.17673163629576666  0.18601981764981113  0.19450215081074804  0.20220071322059963
  0.20980090239014257  0.21730209354498828  0.22478628027094444  0.23222757364278210
  0.23974711186870645  0.24751662456352705  0.25661018976129757  0.26619505802523519
  0.27524857260976965  0.28370476483187573  0.29176553398114685  0.29874032887602558
  0.30558287644823667  0.31295214437247815  0.32116006579401968  0.32939233534841622
  0.33684818141095552  0.34388993173591248  0.35101010215125844  0.35892831596492264
  0.36774592433955028  0.37703888824135845  0.38643807457461327  0.39538492283889282
  0.40363299678252856  0.41164730428942259  0.42015333636837260  0.42879145261546681
  0.43703048420596069  0.44504824297893203  0.45275993322197472  0.46157397701120878
  0.47362627259538331  0.48625921930305760  0.50107460755081534  0.51690189210356563
  0.53344331491988062  0.54553948922608653  0.55599673761244051  0.56585255076792718
  0.57522488366422420  0.58430320914224188  0.59308236688014215  0.60256609889505719
  0.61276498360469323  0.62366034671769988  0.63447602772546430  0.64533078651004017
  0.65646542787413353  0.66776531958881091  0.67887004491932701  0.68968961278587637
  0.70106368695476085  0.71347907064889382  0.72639683207910610  0.73921213076639336
  0.75235210163316790  0.76729333293739121  0.78213780237854635  0.79836752384562037
  0.81649240743817175  0.84023667675834046  0.86866441503953262  0.89358782603178255
  0.91626024032053299  0.94046928886271919  0.96875537768760345  1.00000000000000000
 -0.00234707666836551  0.00938824026807880  0.01906119668840781  0.03144421764717757
  0.04421666040068389  0.05873577585426660  0.07237502786494761  0.08464512708750024
  0.09606495476982842  0.10710407989850861  0.11817520544300278  0.12888663192833538
  0.13896137577037657  0.14983490489437068  0.16200498206578637  0.17370022854772657
  0.18471504205725026  0.19627963273230642  0.20836041186639126  0.22009436638300794
  0.23283644283677779  0.24633739877809765  0.25967860134421344  0.27219425024119309
  0.28380663233880432  0.29387904828030154  0.30288502355397146  0.31201536713658640
  0.32187370645008573  0.33227295545846519  0.34346473647053827  0.35606223987448482
  0.37009533758270191  0.38475266887216925  0.39807364165741360  0.40971102448277036
  0.42017524341543760  0.43052729932613665  0.44150854835825953  0.45262423366935528
  0.46271693537745739  0.47131955559804678  0.47951490328368263  0.48781291394695464
  0.49636984970131182  0.50529611178281886  0.51397542638548588  0.52254142591909647
  0.53347237347297605  0.54554148230839417  0.55844932297850736  0.56808534904683983
  0.57583800586016454  0.58386159196632836  0.59198401076158880  0.60052769565649666
  0.60913461748900743  0.61725228318484893  0.62548944092516090  0.63606650408130294
  0.64745205814214013  0.65903805533032134  0.67039487321062452  0.68031261880376981
  0.68973026070567267  0.69815918942521449  0.70736340541739928  0.71653009976301951
  0.72601078158454468  0.73609553852360898  0.74693417470483836  0.75679003205762696
  0.76644199285454628  0.77603017138399499  0.78553845138447198  0.79529482986312194
  0.80420561126038959  0.81301272638284661  0.82309303419923829  0.83382810481937120
  0.84337258742229393  0.85263276317233150  0.86255000309310315  0.87330265047234301
  0.88416384757169597  0.89453372993101654  0.90534981570265016  0.91625528590282468
  0.92625541750175233  0.93611644971205477  0.94626961501311246  0.95547553109513106
  0.96381025291168021  0.97305977437035041  0.98471190235641370  1.00000000000000000
 -0.00321630345197905  0.00898297418398776  0.01945323579014934  0.02841052081841572
  0.03742908192962822  0.04795086155006243  0.05894118441119182  0.07008105323691061
  0.08137818194656103  0.09344632480020476  0.10599094977703101  0.11834101191045002
  0.13086356192869916  0.14478447711405570  0.15995294230197954  0.17537866078353889
  0.19043205663490315  0.20416301012141949  0.21600389509849599  0.22681833030009863
  0.23738889255479981  0.24708767717998512  0.25627746583000427  0.26565268615683540
  0.27609457102528306  0.28800850684774898  0.29906596545365166  0.30918532825700090
  0.31905162361498901  0.32841403361507704  0.33717973802847151  0.34589159579002676
  0.35478752333841740  0.36636800098875177  0.37705006803666263  0.38679384339275519
  0.39656457165057152  0.40830521110298379  0.41946630960152609  0.43013749962873482
  0.44109002201385256  0.45173924473935734  0.46211124723035873  0.47321295273652814
  0.48339236668144298  0.49321490553666053  0.50253938835975698  0.51218810056365127
  0.52238889436319491  0.53253050290927451  0.54234347726859378  0.55313093095322541
  0.56444707230731173  0.57552534849241077  0.58697201415753930  0.59743655343156410
  0.60740774107058682  0.61717922410211890  0.62670876084464822  0.63602762907361199
  0.64542435595353609  0.65457922165248039  0.66314400378099914  0.67144196367960840
  0.67921860360711206  0.68842091575489328  0.69983557310607247  0.71172393754856877
  0.72269666545584865  0.73354566324708315  0.74503442515919061  0.75697482288119666
  0.76933848171324382  0.78265057265948312  0.79632484971689710  0.80698048007602075
  0.81893313598802886  0.83089514034316525  0.84205302016199879  0.85294202506034866
  0.86285987519111240  0.87297634698642346  0.88284037352311617  0.89181033850005997
  0.90099008531228408  0.91053457880015409  0.92019461156830551  0.92849932181360262
  0.93712341500207863  0.94645597687294580  0.95580689899290905  0.96447734789704287
  0.97263042009929157  0.97982578435902246  0.99007408077536774  1.00000000000000000
   2.9136906595556114E-024  -1.0000000000000000     
 T F F F F F F F F F F F T F F F F F F F F F F F F F F F F F F F F F F F F F F F F F F F F F F F T F F F T F F F T F F F T F F F F F F F F F F F F F F F F F F F F F F F F F F F F F F F F F F F F F F F F F F F F F F F F F F F F F F F F F F F F F F F F F F F
  <DiscreteSampler_grid>
  grouped_processes
  1 # 1 for a reference and 2 for a running grid.
  10 # Attribute 'min_bin_probing_points' of the grid.
  1 # Attribute 'grid_mode' of the grid. 1=='default',2=='initialization'
  0.0000000000000000 # Attribute 'small_contrib_threshold' of the grid.
  0.5000000000000000 # Attribute 'damping_power' of the grid.
 # binID   n_entries weight   weight_sqr   abs_weight
    10   10   1.051132629641640E-016   7.878889285761204E-032   1.051132629641640E-016
  </DiscreteSampler_grid>
