 -0.00000265095018447  0.00010954544126242  0.00048296355426519  0.00101000567625643
  0.00165008424514773  0.00237531821723035  0.00315061338510503  0.00397953799228136
  0.00487837127913261  0.00582817243724638  0.00683171769143712  0.00785283334224978
  0.00891942039878761  0.01001036393770922  0.01110411426281626  0.01221979682678874
  0.01335675139540512  0.01448470383147665  0.01562958180546262  0.01677604499101080
  0.01792171652177109  0.01906171679305943  0.02025443013349876  0.02149585529450551
  0.02272915639632524  0.02397286765931081  0.02522760425441374  0.02649509450522904
  0.02778155573585135  0.02909799827644437  0.03041107145758856  0.03172656776142268
  0.03303777410107852  0.03432097662895396  0.03563657567282440  0.03697202931686808
  0.03830147366802755  0.03964808967317436  0.04101180566600350  0.04236066875855046
  0.04371183118053623  0.04505464347333415  0.04642100705810485  0.04780512830908246
  0.04919315504551374  0.05058372733042698  0.05197172160202401  0.05336524520393962
  0.05477746334301525  0.05619211369929723  0.05761964531979056  0.05904051436438924
  0.06054110934949537  0.06213291372615656  0.06370622416137475  0.06527563037047533
  0.06684390558252176  0.06841567001135354  0.07000683939667050  0.07162396617884303
  0.07325498332313971  0.07490015734404186  0.07656272522183215  0.07821358493130615
  0.07990821991041917  0.08170893536905560  0.08356801954961676  0.08543254387921689
  0.08730384033737396  0.08917808443245986  0.09104421088489137  0.09293990549119520
  0.09490360693295131  0.09692122296141065  0.09895331608617047  0.10101138642539767
  0.10304443040378594  0.10519115692549927  0.10753187524588530  0.11011862074321042
  0.11275029581737014  0.11543681034594563  0.11822761881268594  0.12114005509887583
  0.12419207484218170  0.12736116305030964  0.13068100248740452  0.13415492809089491
  0.13800237210747510  0.14282311632893446  0.14836175095489679  0.15468103918502810
  0.16259135825223614  0.17505286089448449  0.19585695843342107  1.00000000000000000
  0.00931598823849536  0.01679033105479433  0.02714241972223947  0.03780422167232877
  0.04807870904146920  0.05835750638169959  0.06888341652111493  0.07969472217831020
  0.09038928009311921  0.10073600935506490  0.11093387281378222  0.12094507433940427
  0.13100254770508415  0.14097477808452236  0.15090906419437367  0.16078346687845030
  0.17086124670155714  0.18123673236634261  0.19181016278823129  0.20252303174413419
  0.21297331489229954  0.22308934980363360  0.23292660950267216  0.24298516228416922
  0.25339642247781075  0.26400993619832697  0.27454047166129264  0.28506402112145152
  0.29547849062984632  0.30568745250498947  0.31565086119023589  0.32531566973110576
  0.33493570952453572  0.34458207851947437  0.35425692896771943  0.36392830273947196
  0.37367416917573487  0.38366917867532829  0.39377425966992202  0.40385331251172335
  0.41417912804374718  0.42482457049384070  0.43556746047542738  0.44603200917265085
  0.45628166137692466  0.46677067796900878  0.47725365618847104  0.48756875043304992
  0.49770535122882786  0.50784732359408846  0.51821402174291986  0.52884229021004248
  0.53962357445762255  0.55058462170139644  0.56175492947901950  0.57316335735884960
  0.58447074366006568  0.59549409416414123  0.60638104305336304  0.61724140414304984
  0.62811595363019512  0.63898442957554391  0.64975140053163638  0.66035574999434921
  0.67081161289386138  0.68128942475689547  0.69191115583581564  0.70249388408649038
  0.71280646999364383  0.72312235308583239  0.73373874917054593  0.74469748750295983
  0.75561311047111057  0.76634545905213725  0.77711542589495686  0.78789660307603693
  0.79839237709346034  0.80856666146458400  0.81917774351054229  0.83013484459809228
  0.84121053933994439  0.85183753488906755  0.86213656386381021  0.87239004679437571
  0.88272908283072182  0.89319548222337009  0.90387323444779921  0.91424326098653164
  0.92455321349100350  0.93484545753807924  0.94598478540943276  0.95737147159533320
  0.96813495438592667  0.97855038980621334  0.98916194731106299  1.00000000000000000
 -0.00222635770285410  0.00876043393333684  0.01892270730765921  0.02928391326929602
  0.04003924447635014  0.05010930576224493  0.06019679883103608  0.07011989237247991
  0.08031327006635181  0.09065048646252480  0.10129849761181269  0.11209215869126511
  0.12330578546131456  0.13411713525922575  0.14560170445142595  0.15669892726758952
  0.16823664207990513  0.17920243464297206  0.18981212269105810  0.20000971146237753
  0.21046344644672985  0.22149394432151087  0.23216296541337927  0.24290239017166226
  0.25322838424181132  0.26340849934962635  0.27339751920440036  0.28418311620275033
  0.29477542051009953  0.30552799590127255  0.31588781843709007  0.32640148084950632
  0.33678674637511885  0.34659461152949217  0.35642694850754952  0.36662789086481434
  0.37712810001378394  0.38782149003361005  0.39829986936130807  0.40916259426121110
  0.41911554771948689  0.42868577148006592  0.43816273767801089  0.44805788330733487
  0.45783066040362064  0.46775118434101792  0.47771112779203229  0.48828189342137612
  0.49878512916438317  0.50899569632185226  0.51891043780267432  0.52885888526541280
  0.53885454470428273  0.54913717572483567  0.55951242861829165  0.56982570662255538
  0.58025201522224157  0.59107801606324006  0.60204122166198459  0.61286544093569439
  0.62369741551978797  0.63444647343172900  0.64506525734982878  0.65535637771344446
  0.66556831754016132  0.67583308348191584  0.68621059021847908  0.69685870972714326
  0.70786760601661325  0.71931392881673384  0.73094375653939159  0.74232967039402520
  0.75344211957322316  0.76431271773010701  0.77542278142095455  0.78656759880158067
  0.79784992160805523  0.80908717808070785  0.82006478068870770  0.83050362229243058
  0.84073040303668278  0.85067731211797892  0.86094093521035564  0.87102227229798246
  0.88109629099141373  0.89134197438929830  0.90183067747427492  0.91258892524024049
  0.92349523537061129  0.93448740084777915  0.94537989175286385  0.95593069521991536
  0.96683490924185589  0.97784147773058439  0.98902996963063039  1.00000000000000000
 -0.00221560918060924  0.00924145600104823  0.01933143794440710  0.02984332143664526
  0.04050261089664293  0.05057241122587181  0.06056393342881164  0.07082618938572395
  0.08081442123544731  0.09084639231106506  0.10080747124318337  0.11077846074413955
  0.12087121053895768  0.13091527347056442  0.14104716225625941  0.15101393049468045
  0.16075396319382967  0.17065424958492539  0.18030623237777929  0.19007058653540970
  0.20014635500326050  0.21051582781257300  0.22082942918184520  0.23127070851316903
  0.24200218892771397  0.25294668182773622  0.26386805956422410  0.27473208291325230
  0.28550299497501663  0.29625323228505179  0.30693454099174600  0.31750721673204441
  0.32828224240286558  0.33926695590862038  0.35036087102838626  0.36148823658720380
  0.37272550344327071  0.38436182723726831  0.39639990327870145  0.40839235654276645
  0.42016284553332722  0.43167576495056942  0.44262936665786989  0.45346199107266627
  0.46405919919153288  0.47484019230037661  0.48574008447526129  0.49637119864708312
  0.50697379799879749  0.51758839527118827  0.52826044478040035  0.53895210700293794
  0.54939969708801928  0.55956157653256688  0.56962368689489962  0.57967139937592305
  0.59013661870315326  0.60059569572483495  0.61141922833592444  0.62214844541282055
  0.63326773395491942  0.64462419315153285  0.65591479294986976  0.66680988963971666
  0.67739458826872623  0.68798334968346841  0.69877562244877012  0.70962412467376790
  0.72040419112474363  0.73134528142360800  0.74236136999085456  0.75322176036848731
  0.76376640143310748  0.77412540490643045  0.78455227596423049  0.79502238981260442
  0.80531972916172745  0.81533028201096780  0.82507598119853154  0.83497624496788947
  0.84515957939954278  0.85571865855610552  0.86649807127110279  0.87739726790524786
  0.88815492422729958  0.89882792196191563  0.90952514715398047  0.92007017093787324
  0.93021375569275522  0.94032282936193479  0.95053442499152740  0.96059936384734657
  0.97049908883232161  0.98017827378793254  0.99011253401711097  1.00000000000000000
 -0.00243435140219962  0.00971886563715891  0.02063054297563385  0.03205551392661529
  0.04332411632982190  0.05368260487192055  0.06409632154318888  0.07458580571758545
  0.08533918212308908  0.09607272816882624  0.10740591560403978  0.11921477662945032
  0.13076792498466591  0.14211751886489743  0.15321300673708926  0.16396685825627777
  0.17428875330575599  0.18431179753633534  0.19427917934285471  0.20406266259211611
  0.21424818524807110  0.22449648078966442  0.23492065736841725  0.24515808700552769
  0.25584346691907145  0.26660715495181264  0.27686424375468699  0.28680538169072983
  0.29684982213597572  0.30705289652550988  0.31706049572980599  0.32717216011947514
  0.33771588133801189  0.34866616374741777  0.35968522568327399  0.37071540580673884
  0.38177439562118698  0.39281175563766990  0.40416733996203547  0.41571957717175057
  0.42720063200729635  0.43849375446800098  0.44957228721039666  0.46051175806138656
  0.47114054407259343  0.48181314381130080  0.49240175857575180  0.50298403735202635
  0.51383333174961432  0.52453802549708994  0.53505788028423640  0.54552459836004741
  0.55591138470078350  0.56645027067866482  0.57683663982480160  0.58732738112059257
  0.59788804717443111  0.60842338990910760  0.61905335123431793  0.62980031336728970
  0.64070580650401199  0.65137804881158134  0.66204366120265512  0.67282879432323106
  0.68351991019791414  0.69369427526834115  0.70374993214007098  0.71363454823171180
  0.72324823220912760  0.73290270598534624  0.74268424356454299  0.75282192134782278
  0.76356541136556177  0.77446711547367708  0.78545728603686404  0.79634535074476132
  0.80709374947430335  0.81741216873594835  0.82754955078941272  0.83788108973443676
  0.84861281677693190  0.85906057186454066  0.86918268148733024  0.87907904418695615
  0.88915700558189303  0.89936819961258119  0.90936526121643990  0.91921655861925600
  0.92911349129918708  0.93939363273032728  0.94928936246846218  0.95881709318694830
  0.96941992515311670  0.98015478415363388  0.99011027347975977  1.00000000000000000
 -0.00247885114035276  0.00994079139728769  0.02013162282255883  0.03093047128399226
  0.04118517757888151  0.05140040345830899  0.06180301793898787  0.07234857065656530
  0.08289771341767645  0.09312245698887664  0.10331614829065275  0.11359129688910294
  0.12396298592632110  0.13431727541131028  0.14460352257288145  0.15517263904485790
  0.16572207428768085  0.17631506181552684  0.18665085356937927  0.19693496738142477
  0.20720599188858840  0.21756944015375618  0.22752370603227728  0.23761034319413329
  0.24776244569461578  0.25817296285408298  0.26858231357152862  0.27901176031224362
  0.28931492236625639  0.29930539027564801  0.30932235844018047  0.32001629913396962
  0.33117937573854916  0.34216658456860483  0.35260183327130196  0.36280715966323557
  0.37290505939115243  0.38297172537203195  0.39297341287157250  0.40302716817943357
  0.41327651751211503  0.42371791096764216  0.43449809985577864  0.44520787969203990
  0.45587033962240098  0.46663845464962067  0.47764942032713203  0.48890710190674508
  0.50013136509549239  0.51091370663948310  0.52177448253588654  0.53301046273864394
  0.54440094305849840  0.55572311379672124  0.56677181051829384  0.57803421225272744
  0.58875238315456657  0.59964861658948865  0.61052512916184942  0.62119190224364762
  0.63124432675319520  0.64150562648024390  0.65222773571014314  0.66317155668644390
  0.67338636409007047  0.68355881015376396  0.69353511870018503  0.70378257833598235
  0.71384399892265216  0.72403324767702437  0.73425795689956197  0.74481508402312269
  0.75555175475696057  0.76688953646629765  0.77810059842235790  0.78909448098289692
  0.80014790716190110  0.81156344018105475  0.82196826560947789  0.83239998760668465
  0.84353850862739332  0.85467193415743925  0.86539189273367267  0.87583108450237934
  0.88701251646420942  0.89778733587920578  0.90814424563559915  0.91809189175646533
  0.92788982662966646  0.93781328658550434  0.94806926737176223  0.95868745207921102
  0.96888619211401850  0.97915863132760095  0.98950206990850975  1.00000000000000000
 -0.00200632866628924  0.00732214388069286  0.01582183412288913  0.02443009589213195
  0.03332470599367467  0.04215843112515353  0.05091181023718493  0.05964297748708111
  0.06823760970425526  0.07681530709188694  0.08519564624944886  0.09337092007160613
  0.10173277297340134  0.11037583099961738  0.11921359522612267  0.12820026273078119
  0.13729764391420057  0.14688490430821230  0.15712924034586306  0.16765320267422337
  0.17827525408262498  0.18904406850927261  0.20001947054183888  0.21110885587546241
  0.22220848261803189  0.23339653938087246  0.24477631352456380  0.25628896753257929
  0.26793479982623769  0.27973737465970994  0.29165342959204066  0.30362221545206319
  0.31554226858743406  0.32739126287283404  0.33933072302532574  0.35131308375362857
  0.36323109521863722  0.37518926074286607  0.38739496778853189  0.39970391763389479
  0.41187931043175174  0.42394789666619126  0.43586913611634193  0.44764799457160775
  0.45953337763316265  0.47170218167117345  0.48396443719994581  0.49598935810840650
  0.50799231691141444  0.52017560756500603  0.53215813668045930  0.54456157308305875
  0.55668822351237757  0.56881473598050625  0.58062635888669500  0.59293936319831686
  0.60509432847458478  0.61717113427719761  0.62914141326131356  0.64087775660825042
  0.65244348478074354  0.66401982103615920  0.67590666682324385  0.68780313939966919
  0.69983001571920245  0.71131541936375031  0.72224770353894641  0.73333985604670904
  0.74489325060212330  0.75609605270164160  0.76707626787321070  0.77800325585214292
  0.78900791563743444  0.79933658319252099  0.80911325416575108  0.81894489658688019
  0.82882229257361728  0.83887609765978288  0.84885500681403647  0.85867483270091294
  0.86851339144271444  0.87817498866253174  0.88774032679440318  0.89694768865658214
  0.90578021236150763  0.91444124247879321  0.92334511475147885  0.93245023532542626
  0.94149529970548840  0.95048280575018673  0.95956178721232999  0.96858506302618985
  0.97720509414471257  0.98512152913208717  0.99257297132852162  1.00000000000000000
 -0.00217903174159988  0.00897219438091501  0.01856648288116455  0.02911600609405455
  0.03977014488880305  0.04989328680582646  0.06005207861778229  0.07047947352072487
  0.08122571842748268  0.09188183286704528  0.10234507195529771  0.11293469725198012
  0.12347297352287176  0.13436919145394993  0.14521348562590328  0.15653831620097991
  0.16797990889969464  0.17971551906972208  0.19100616418586994  0.20142938552963199
  0.21174217633520240  0.22213531185960364  0.23231239645910598  0.24174961890342431
  0.25122088486302013  0.26140103262653719  0.27181661975372351  0.28202152021402493
  0.29214661337743392  0.30272884466934830  0.31371241558196411  0.32508842549480771
  0.33620457134447324  0.34722931122935630  0.35789216380915595  0.36822764117955137
  0.37863044026303594  0.38955581363144381  0.40055695317025375  0.41176230187352664
  0.42246360918017239  0.43318979778118932  0.44322547644545751  0.45312612592565510
  0.46270726583778737  0.47220453664116124  0.48193548392666519  0.49176069824495872
  0.50139945957631193  0.51154045465658926  0.52188526900561072  0.53258260441999972
  0.54303729649678800  0.55335065796938299  0.56360076184426278  0.57381500270341201
  0.58439303546879284  0.59522995704500703  0.60603720804784245  0.61672994460005126
  0.62728820661079654  0.63788035167651902  0.64842928060882365  0.65907580738154470
  0.66949697499741090  0.67962638302801082  0.68974604166176978  0.70012255804838519
  0.71035319616184422  0.72033201154901805  0.73027526362680095  0.74076788855638420
  0.75196659144342193  0.76339500289940376  0.77470359887320994  0.78551401602461524
  0.79625281409170146  0.80686474322423396  0.81724332086828577  0.82738996942278387
  0.83781245652057079  0.84873579637985463  0.85988415564744680  0.87121037223755926
  0.88283177808249458  0.89502259237844817  0.90631521608577326  0.91755139007479491
  0.92831566781309471  0.93908983652314260  0.94900574372149848  0.95931271749512925
  0.96963432763409141  0.97995479882742331  0.98997305479386555  1.00000000000000000
   7.1190876063431666E-010  -1.0000000000000000     
 T F T F T F T F F F F F F F F F F F F F F F F F F F F F F F F F F F F F F F F F F F F F F F F F T F T F T F T F F F F F F F F F F F F F F F F F F F F F F F F F F F F F F F F F F F F F F F F F F F F F F F F F F F F F F F F F F F F F F F F F F F F F F F F F
  <DiscreteSampler_grid>
  grouped_processes
  1 # 1 for a reference and 2 for a running grid.
  10 # Attribute 'min_bin_probing_points' of the grid.
  1 # Attribute 'grid_mode' of the grid. 1=='default',2=='initialization'
  0.0000000000000000 # Attribute 'small_contrib_threshold' of the grid.
  0.5000000000000000 # Attribute 'damping_power' of the grid.
 # binID   n_entries weight   weight_sqr   abs_weight
    19   10   1.116354893177646E-001   1.952965050782843E-002   1.116354893177646E-001
    25   10   1.423502555496898E-001   3.951317719801295E-002   1.423502555496898E-001
    37   10   1.711513454750703E-001   6.243610093018265E-002   1.711513454750703E-001
    43   10   1.119278311007875E-001   2.334396484503159E-002   1.119278311007875E-001
  </DiscreteSampler_grid>
