 -0.00001174133621593  0.00261828781513837  0.00826538064132182  0.01484810229617012
  0.02087596976641089  0.02628455403185959  0.03169767383377899  0.03724765164075673
  0.04251828734762612  0.04772996934994869  0.05268499429548673  0.05757122485987162
  0.06234084834509054  0.06686036829736165  0.07132817177170724  0.07586423236372604
  0.08023465083149199  0.08456024397352879  0.08891836858274668  0.09314591618812276
  0.09699842028210405  0.10067166491191605  0.10438990270429839  0.10812983985959128
  0.11182314912752696  0.11547353987224071  0.11904575794246747  0.12274825534540566
  0.12644778813748475  0.13013591198613034  0.13381242345138553  0.13742533453590874
  0.14103473696911711  0.14466509313960782  0.14825041110042647  0.15186119059689193
  0.15536643450694826  0.15903333742457204  0.16290028293267478  0.16692839560697359
  0.17086188821335321  0.17474375527047942  0.17864871932467583  0.18253045365012593
  0.18633007136938443  0.19009814851168286  0.19371587315904612  0.19728391627381003
  0.20083949756229524  0.20477946328974578  0.20888227736412607  0.21313676767465264
  0.21746089505468322  0.22180494828417593  0.22608079032705197  0.23024904586489769
  0.23443218490545464  0.23865781613631837  0.24288738297610954  0.24720034088404158
  0.25156387613967918  0.25586572691474635  0.26016049692198612  0.26464322351329045
  0.26940077960587810  0.27478603489434028  0.28022543124586569  0.28572258433334907
  0.29140682962987802  0.29726701965151880  0.30292591654873335  0.30845275876817596
  0.31375088168625959  0.31919651551383793  0.32480675520451902  0.33048800416175306
  0.33625994065283654  0.34213094567843066  0.34796288906624606  0.35514208847643031
  0.36283171441919448  0.37066441954381613  0.37866732707429668  0.38687798507280308
  0.39526007153576415  0.40462360272936371  0.41448128723267996  0.42497665085736502
  0.43623233045964083  0.44968526178498996  0.46618158979020385  0.48580597581955764
  0.51037985167996802  0.54490828334129060  0.59669819516246336  1.00000000000000000
  0.00994075116200004  0.01455313200853167  0.02144945753802085  0.02912097234130262
  0.03744505295778271  0.04759295618686233  0.05940073587557193  0.06994838715316787
  0.07928885470278535  0.08913757120596233  0.09975705898209987  0.11018247120088802
  0.11958851799713026  0.12998200069555743  0.14211849166982599  0.15463540671742257
  0.16718060929730039  0.18046380866551059  0.19450022831739636  0.20632524762980906
  0.21699532925446985  0.22801586849060412  0.24003082812142973  0.25251254543177504
  0.26369734089546926  0.27433796633904628  0.28506511149857111  0.29587300399618227
  0.30638130475079944  0.31730912734275829  0.32815389562309705  0.33840361900619620
  0.34854549491461606  0.35930956360989375  0.37041738585019091  0.38106599785661222
  0.39120861247555616  0.40197920584503549  0.41256524591723420  0.42354389129428233
  0.43505810367256853  0.44838987023700294  0.46108923546989145  0.47277325984986485
  0.48429580803753336  0.49574691337898480  0.50667081273183712  0.51678078778991166
  0.52637049218657816  0.53572054870774199  0.54506604472159770  0.55478119922109936
  0.56543311070963687  0.57742523839419591  0.59067845949056752  0.60488657403233792
  0.61809903337116023  0.63070973056467294  0.64306568220326910  0.65597531059363490
  0.66895416677426478  0.68026200139565751  0.69032457833860683  0.69989700189483472
  0.70947583418589033  0.71886949102804620  0.72810923714031761  0.73658804729171845
  0.74508305469723024  0.75353440525454751  0.76112494249840035  0.76839646857374111
  0.77593552506414987  0.78359603656890719  0.79138170983850664  0.79994288246301548
  0.80890346450455930  0.81842288858812151  0.82753880950712044  0.83903113538049690
  0.85197480012505344  0.86623752454495684  0.87836480709216203  0.88869477244354744
  0.89899014985551928  0.90894510378727722  0.91823078216576348  0.92683826416011572
  0.93552737244252304  0.94539244482221407  0.95570186642197941  0.96572389709239070
  0.97497881783711837  0.98524528733833938  0.99030472691452909  1.00000000000000000
 -0.00001433768740818  0.00014326368209526  0.00033805516528358  0.00064646225373828
  0.00103442949769643  0.00148242206059748  0.00205829143252371  0.00261349352491988
  0.00324132575685752  0.00412581640107179  0.00498755423217866  0.00585435126357972
  0.00677431235976791  0.00769206860028463  0.00862728006804864  0.00972484705837656
  0.01106289780441957  0.01249590142898805  0.01390397714223482  0.01532494950518578
  0.01676453201258155  0.01810589808351673  0.01937809909454087  0.02077728097076029
  0.02221589911322955  0.02381143106483715  0.02565834656725560  0.02753317006997714
  0.02940246735855170  0.03122829904836824  0.03303633442874231  0.03501780251832347
  0.03681288601581255  0.03858024772064753  0.04035728283412695  0.04225062036657819
  0.04422918774607114  0.04621672963252254  0.04818715724728349  0.05018391628540046
  0.05226880757010106  0.05445180252347902  0.05668552103799658  0.05904206618888472
  0.06141700837315785  0.06375600141917476  0.06608776853078936  0.06842761015026917
  0.07096775753981023  0.07359816930700831  0.07624466396484660  0.07895038215234543
  0.08155889749973097  0.08433436284649719  0.08806631846018041  0.09184051758584180
  0.09564916848508768  0.09933675913084662  0.10288397273529358  0.10639995062528557
  0.10969460088112704  0.11330254840782815  0.11697094957032900  0.12064318418711069
  0.12441802262827137  0.12827807610823752  0.13218218087392331  0.13620067618260742
  0.14059769366053063  0.14535240600419150  0.15085552877933409  0.15677812407210698
  0.16276360255535272  0.16866483261406975  0.17457470844599246  0.18050368564052632
  0.18649365169845991  0.19264447287092781  0.19872619960850818  0.20466057565987802
  0.21090565449376464  0.21756362585701733  0.22457844507740649  0.23203538154326395
  0.23939250127501005  0.24707214750256284  0.25598481516594318  0.26563839111851506
  0.27623197440614494  0.28901497564519374  0.30408265651341715  0.32228687684883800
  0.34498254851616994  0.38093523521530731  0.41640458523197771  1.00000000000000000
 -0.00262643002816183  0.01055965720277284  0.02132203485001090  0.03076033595216034
  0.03988849121071825  0.04987861302537229  0.06061824495411587  0.07023871399282530
  0.07839036989192495  0.08642492470047924  0.09528195481317869  0.10417126355995508
  0.11238232625105098  0.12059080665443760  0.13019091379267919  0.14217601181756381
  0.15118310399312759  0.16008654513652604  0.16929617110605485  0.17838508396113778
  0.18722448795717336  0.19541970960663774  0.20348381559340081  0.21267553430160616
  0.22329104600911323  0.23450895926412219  0.24586611507299294  0.25737572266133368
  0.26892085549911343  0.28033269644171988  0.29171496414478271  0.30114094505549843
  0.31113606094245116  0.32049521375938655  0.32978011601681040  0.33882218970285988
  0.34818951010889421  0.35788096694498778  0.36839212906793134  0.37903115788588493
  0.38923730531913442  0.39899032102750892  0.40855012559328696  0.41964313688425914
  0.43277025857964052  0.44581909088475125  0.45788736969263455  0.46883089553313595
  0.47933019795938347  0.48932117711730017  0.49895719341015560  0.50840793262479922
  0.51797667771604261  0.52824789501529235  0.53901831578407344  0.55113853066902863
  0.56339758848109689  0.57545821321322987  0.58857377428972069  0.60316949310022383
  0.61771978210299761  0.63133163721412866  0.64385097828377802  0.65525636700917556
  0.66718787086286624  0.67817399370315545  0.69128248110245172  0.70539296428936216
  0.71792385698691152  0.72967033037645534  0.74128801616376294  0.75296176981560747
  0.76375793740355424  0.77416683010493526  0.78473099551787173  0.79462899671125442
  0.80416798591197070  0.81377104779035259  0.82489408998923242  0.83587201882289808
  0.84659214705439889  0.85717796757685605  0.87171786477271118  0.88410901126337016
  0.89596469723639116  0.90511029360577366  0.91414277989887682  0.92310784136496027
  0.93213574326973458  0.94129892010362526  0.95035932431531933  0.95993540217797646
  0.96986992865667676  0.98000094102841573  0.98958261311026985  1.00000000000000000
 -0.00258651130453072  0.01033812600027574  0.02121293616863306  0.03121384901260935
  0.04107891920621856  0.05110367524657125  0.06076282551788988  0.07086239550794918
  0.08082145158193622  0.09264184980540889  0.10672828458355012  0.11571613668552083
  0.12678772650527159  0.13643354803094240  0.14643276618667186  0.15606122452480187
  0.16589822832435933  0.17631818753864884  0.18720278275124708  0.19820708853781105
  0.20869662784848511  0.21742984427959475  0.22608129975128982  0.23510554843173553
  0.24437623732559141  0.25385190784304668  0.26301621751971532  0.27309397574724381
  0.28745218262367450  0.29948695277796816  0.31018039540438341  0.32032525217692581
  0.33046327563011862  0.34055942275817119  0.35130633422747587  0.36384523081164744
  0.37773242713916572  0.39085877502802957  0.40308700419525645  0.41442956457422014
  0.42493726689784350  0.43550063154964247  0.44666783541792754  0.45810630154233689
  0.46957165427963266  0.48092886293982734  0.49196271079373716  0.50301400682784170
  0.51441770516480056  0.52545853223760641  0.53607396998396684  0.54659667802566325
  0.55744060187838240  0.56854610899499614  0.57960447903171419  0.59153693309594158
  0.60434047573052618  0.61520858596590267  0.62642403961986193  0.63581565221606451
  0.64531146779972715  0.65440185520827554  0.66384414662025382  0.67310089827399755
  0.68200444668799642  0.69114074436874673  0.70125847423333587  0.71191347169148755
  0.72308100817786702  0.73418473800473716  0.74491655901442722  0.75521436946534926
  0.76516829673744780  0.77542335254188188  0.78521579034270994  0.79423573181784335
  0.80243140379869526  0.81122322550261616  0.82102357877020737  0.83087972128665843
  0.84015268832822532  0.84900624693815341  0.85821825174615651  0.86776129349915865
  0.87687133464923595  0.88549809961337000  0.89419737758737161  0.90372322862074139
  0.91355352402707179  0.92449018862537591  0.93712135585065048  0.95009611172442099
  0.96256916741388676  0.97404719527926420  0.98659420962128519  1.00000000000000000
 -0.00868912393148693  0.05455189857737573  0.08629505127158164  0.10879566481465484
  0.12886904176986566  0.14832683992496598  0.16914301182388292  0.18776851590766552
  0.20545729827237569  0.22355666489514778  0.24267828849454706  0.26244765539760767
  0.28162755540955048  0.29961557390374699  0.31603474366625439  0.33132297856149706
  0.34482528684320496  0.35749481561423418  0.37073281365543953  0.38302375684488599
  0.39477480932454828  0.40698891466829412  0.41956456063375491  0.43214739797610363
  0.44497449907874248  0.45805111102227275  0.47060988114946023  0.48256153777626210
  0.49525086185630141  0.50605720684386879  0.51655988221606908  0.52784508164855848
  0.53786290777737022  0.54691712313649310  0.55520117516356227  0.56367295066990553
  0.57164995042468225  0.57995238074256705  0.58863933190950624  0.59762550098387512
  0.60600582679096060  0.61415117003894770  0.62205782895667172  0.63116962223309270
  0.64118446664135031  0.65113925663396199  0.66078870030712289  0.66931879632931190
  0.67663098625956952  0.68432228549332108  0.69242046915764255  0.69949609071862606
  0.70639504453906188  0.71261079080168754  0.71891260766558185  0.72614408339078063
  0.73341224748574330  0.74078985298418809  0.74802303386802271  0.75472562324232029
  0.76081457382226736  0.76683180346199731  0.77317155299233042  0.78063316043266040
  0.78825473235297316  0.79534525297682390  0.80208286283793817  0.80846638459446185
  0.81549465967317869  0.82310742142143067  0.83096158705415701  0.83831877877311078
  0.84497280203677461  0.85161674238857388  0.85844823209749133  0.86563349265859946
  0.87303318873985725  0.88035316315388079  0.88757403834839543  0.89478072733449376
  0.90203436661586700  0.90885980319137960  0.91587395015779338  0.92224773730266363
  0.92870695668829861  0.93530564895612067  0.94203799248111908  0.94868835363517823
  0.95524292566243396  0.96183694650395446  0.96845600227425344  0.97495826655851492
  0.98131313238752815  0.98765293507771679  0.99378988728602879  1.00000000000000000
 -0.00290911510064178  0.01113256615197507  0.02329822435159298  0.03601955575470622
  0.04697041915119829  0.05694329481643097  0.06776541025733036  0.07849079398953007
  0.08871787577534231  0.09826674018546661  0.11038499898911296  0.12423973899656328
  0.13753788375043735  0.15037035508545951  0.16336656769168567  0.17622163371371372
  0.18893614101405434  0.20131566222999855  0.21301970428659778  0.22318976878649788
  0.23405303470334288  0.24441391111157329  0.25545958713876349  0.26566595033724250
  0.27681310515263391  0.28811163260900868  0.29942230111525686  0.31101944259813719
  0.32207908104265787  0.33333210998721780  0.34232848177909919  0.35298956696058870
  0.36191800200498708  0.37174349517678440  0.38111620929460188  0.38998486563752310
  0.39916187047091284  0.40892895014999697  0.42036689349651668  0.43580561157670433
  0.44966627229326817  0.46173004348469693  0.47197700165892092  0.48284991656251375
  0.49287293423164569  0.50240171067855344  0.51174860455658766  0.52131058037070910
  0.53006168202394199  0.53902480851617707  0.54823117929036991  0.55822526824953633
  0.56813167082366534  0.57799458030611917  0.58843708412371298  0.60001511834862398
  0.61054810264301929  0.62028161236183688  0.63008555941676181  0.63929053636295252
  0.64828602058315643  0.65727129020789599  0.66663013550029671  0.67607985466866483
  0.68547810026143841  0.69500457839723018  0.70494399727495016  0.71657928058321096
  0.72797762947393196  0.73824526489726883  0.74802188667469449  0.75634400686501824
  0.76503063494933599  0.77405567360481820  0.78291021502280189  0.79240176347498448
  0.80215398661987436  0.81258799653866176  0.82452834925772622  0.83702670162485537
  0.84938903272714172  0.86200811600807559  0.87394814375191532  0.88478437571046498
  0.89482273290557546  0.90465446969106811  0.91473052948435751  0.92482811297076739
  0.93517793067797916  0.94580348694096561  0.95625030566699665  0.96547595094571481
  0.97443292926821368  0.98335257134532528  0.99188495455951875  1.00000000000000000
 -0.00210969251286361  0.00808408451035402  0.01840689226834337  0.02903398690954482
  0.04046053473975306  0.05234489424451311  0.06432991025868445  0.07671818649820103
  0.08897860143901788  0.10057589844827239  0.11295720952586619  0.12583036488877733
  0.13648994451046878  0.14804660816654097  0.16006808187078189  0.17005253692171440
  0.17888778009975437  0.18812730875480152  0.19920932038701797  0.21029825947621081
  0.21859362654654516  0.22701699978347081  0.23518106623953869  0.24339841168566106
  0.25156348278791330  0.25982639291882953  0.26847846625057153  0.27816219496583455
  0.28799441914888430  0.30025120632123464  0.31371967270862078  0.32674833478319415
  0.33947657267591802  0.35298449530708276  0.36713154936384751  0.38233662647535355
  0.39534258246757931  0.40722967735009946  0.41857720687739219  0.42979215350069072
  0.44147186823053441  0.45386505064041849  0.46676470109768298  0.47903526960595105
  0.48918501546330279  0.49876002774122724  0.50872484466357171  0.51897800670483507
  0.52889365840460723  0.53864468939580512  0.54714850186969211  0.55558766657628988
  0.56427230095041259  0.57315388075280094  0.58194628795242853  0.59040761808987763
  0.59871988684878519  0.60850148157409312  0.62041854460017010  0.63185745555482498
  0.64231228805418938  0.65168405024893816  0.66031052165462401  0.66930770189995303
  0.67864545788989039  0.68821439334196155  0.69760533722895657  0.70648862172997162
  0.71589651173550095  0.72574249258813217  0.73572601091115786  0.74590620967180521
  0.75672075779716819  0.76706808531687976  0.77872510112923654  0.79013055952125089
  0.79993945956250945  0.80947843570554256  0.81905531116766561  0.82843356581123251
  0.83757907807706033  0.84688708887200059  0.85657335445068816  0.86810010706280683
  0.87930971548833847  0.89208798725118787  0.90286904607692176  0.91362632109191588
  0.92490840123011819  0.93709375200925404  0.94768455336888635  0.95858030210953560
  0.96929896638813662  0.97998925804745030  0.98949806752662994  1.00000000000000000
   1.8900714141192646E-024  -1.0000000000000000     
 T F F F T F F F F F F F T F F F F F F F F F F F F F F F F F F F F F F F F F F F F F F F F F F F T F F F T F F F T F F F T F F F F F F F F F F F F F F F F F F F F F F F F F F F F F F F F F F F F F F F F F F F F F F F F F F F F F F F F F F F F F F F F F F F
  <DiscreteSampler_grid>
  grouped_processes
  1 # 1 for a reference and 2 for a running grid.
  10 # Attribute 'min_bin_probing_points' of the grid.
  1 # Attribute 'grid_mode' of the grid. 1=='default',2=='initialization'
  0.0000000000000000 # Attribute 'small_contrib_threshold' of the grid.
  0.5000000000000000 # Attribute 'damping_power' of the grid.
 # binID   n_entries weight   weight_sqr   abs_weight
    10   10   4.059433085738955E-018   7.235100904856061E-035   4.059433085738955E-018
  </DiscreteSampler_grid>
