 -0.00000261033738886  0.00011123087470941  0.00048058751604530  0.00100344975373492
  0.00164755887411891  0.00237803075452688  0.00319205918318242  0.00405478213370615
  0.00497529414352827  0.00591223549699368  0.00688021421916459  0.00787021985023383
  0.00890858668970347  0.00998407730916126  0.01101734811773989  0.01212087294225384
  0.01323008258410202  0.01434635339961238  0.01549794894088437  0.01667347006998217
  0.01782918047384195  0.01898375264722067  0.02017710054456858  0.02140089891791196
  0.02264794686124693  0.02387878853487075  0.02511199772628581  0.02636491487055435
  0.02762391369870710  0.02890373604497608  0.03019148761930243  0.03148483135357747
  0.03277743071767319  0.03408642225659224  0.03540871725234863  0.03673330917484567
  0.03804514912808784  0.03935015681300334  0.04067181384012573  0.04201033716733182
  0.04335248462602025  0.04468655222154657  0.04604230487989242  0.04743471665118409
  0.04882738625401742  0.05019934296962481  0.05157527256388776  0.05297988020018929
  0.05440468092446678  0.05582848633768112  0.05723860982885409  0.05864498384025695
  0.06008731477078163  0.06158291748624408  0.06308560234447760  0.06464363235984927
  0.06624919325654918  0.06786548656514836  0.06948488490651061  0.07109602217792947
  0.07269067321068449  0.07428007600796521  0.07586966340378995  0.07746061100676890
  0.07917326747823759  0.08092133423474492  0.08275702999920667  0.08465262651870228
  0.08655455353215745  0.08847121034002106  0.09042100017172959  0.09241596083852513
  0.09445355850401828  0.09651035355524765  0.09855555402306926  0.10060034091269228
  0.10259847691974423  0.10484501530468066  0.10725542615905494  0.10977805505286874
  0.11243009743458290  0.11518810687166002  0.11802482121452813  0.12094193338998882
  0.12395234867148662  0.12709468914996205  0.13037078943943473  0.13374437697264674
  0.13723609838781692  0.14211538040115693  0.14785156668217234  0.15462328824293478
  0.16322347019477904  0.17672944713766217  0.19525327682455057  1.00000000000000000
  0.00942484920685779  0.01659555111415182  0.02609504294224119  0.03700756849522989
  0.04777820839857119  0.05917168464129782  0.07008578167854249  0.08080707621835279
  0.09149727045354167  0.10229454303601386  0.11301110936510356  0.12378065601383807
  0.13456996196960674  0.14544499361699414  0.15588608633356149  0.16630603859002516
  0.17701731139394197  0.18787399952267181  0.19852266846658481  0.20914565537037669
  0.21956832297505036  0.22980662963308113  0.23984579936317219  0.24977246648077292
  0.25981382765247119  0.27013766113179272  0.28058998667743296  0.29086547058246048
  0.30106413761195361  0.31151945419572352  0.32176164602354174  0.33202686577246027
  0.34219102240994204  0.35253976549889293  0.36311310122313367  0.37362224108213044
  0.38475458590152822  0.39586353374031558  0.40655364354529094  0.41701996412252312
  0.42759943921850313  0.43801392292447866  0.44829641820517563  0.45856227216221834
  0.46908966480177477  0.47967068016819386  0.49011127370409768  0.50080814437885035
  0.51175509461313340  0.52250343056889215  0.53312241150608419  0.54363130412572669
  0.55329370846334291  0.56291520180681609  0.57269749363367273  0.58275064504265217
  0.59292273290989850  0.60309687134033474  0.61373444465172167  0.62472074287715895
  0.63518932039480891  0.64550197331586667  0.65575402074290268  0.66603935394602187
  0.67630500012474237  0.68642753731874673  0.69649086496357993  0.70651493176549585
  0.71687560902610115  0.72749190511208484  0.73796141038547824  0.74812307747848716
  0.75860050656820788  0.76940673594228737  0.78010164451264208  0.79058206989359137
  0.80094351048233570  0.81157744296822765  0.82251396016091316  0.83347463528541410
  0.84409736987803152  0.85448425899146052  0.86482385278617424  0.87521139573153328
  0.88559722074283220  0.89613666002101611  0.90665439342292287  0.91726512317792264
  0.92822520407036913  0.93922065497725082  0.94992134926316174  0.96079897747739329
  0.97156527098798728  0.98190901334072778  0.99134411677230960  1.00000000000000000
 -0.00242959354441918  0.00937665916178121  0.01930932293017944  0.02971177569937607
  0.03971740056761529  0.04994364050463169  0.06053561057613716  0.07106538409148988
  0.08191419069365422  0.09299213389460317  0.10434008109714589  0.11468361969540279
  0.12493906622945142  0.13517122061528283  0.14546820396530918  0.15596200963616288
  0.16657322106081052  0.17734894229404025  0.18796159430669904  0.19845265824165459
  0.20898212338016209  0.21965159448923294  0.23040101916899838  0.24132362440796257
  0.25234067257090870  0.26344902322196906  0.27436321023057553  0.28477640441477481
  0.29509423668997714  0.30543468828895382  0.31588709365466822  0.32627188612102248
  0.33641213290535138  0.34630515346182744  0.35621070617684131  0.36604147365707612
  0.37597475935104691  0.38629532213741591  0.39694831454823776  0.40766180507316779
  0.41801161063304954  0.42783569998345278  0.43764485739482295  0.44769039714149816
  0.45753529513325919  0.46704267582097148  0.47646098774398754  0.48641698550615148
  0.49679606197691800  0.50701083443421557  0.51720691001648944  0.52767011619797188
  0.53844438841808406  0.54923594363363792  0.55988701275549724  0.57055693335312441
  0.58125787904933590  0.59141926713350412  0.60122124919703057  0.61107489374351509
  0.62100237608014275  0.63094448035346640  0.64087236301713246  0.65110373036371560
  0.66183671757597584  0.67284541137513820  0.68390344244513179  0.69469415754283059
  0.70502941716374135  0.71528344152197765  0.72574750971898760  0.73656706263854554
  0.74751060533441693  0.75844332101979250  0.76934063551702492  0.78051706263159248
  0.79182973457447803  0.80317254165813501  0.81432258740828456  0.82514390546251470
  0.83581307570338081  0.84650625173322147  0.85747926605081182  0.86855404673658798
  0.87984161753794998  0.89151212704202898  0.90292083028922909  0.91406528606435944
  0.92513002817134427  0.93579129328888366  0.94636315337182375  0.95679735207240446
  0.96754228672360676  0.97791600943387402  0.98887244483477255  1.00000000000000000
 -0.00212780265400607  0.00886840082009596  0.01858719154500146  0.02887358226856562
  0.03961328695137009  0.05027946818633288  0.06075089250486804  0.07118297062727759
  0.08195272717663953  0.09228512400528864  0.10263406546110761  0.11247277090175371
  0.12205455692787739  0.13259262398001145  0.14326059833595814  0.15464666569523097
  0.16552838253076496  0.17637446071817273  0.18659150319903187  0.19712106917893565
  0.20758572394046312  0.21828075565564378  0.22890657606566722  0.23975868408791695
  0.25051914311392920  0.26103019182427478  0.27167769009550574  0.28251797412963314
  0.29335412439588887  0.30382933591091993  0.31446755351790245  0.32519065090724453
  0.33578694253996477  0.34621699190578897  0.35689704205197847  0.36781785196614913
  0.37870451438504715  0.38954816918012375  0.40003976883401765  0.41045831287174200
  0.42074470091507599  0.43150552155752997  0.44212002203340051  0.45312080894184154
  0.46348064547524670  0.47398465302418719  0.48454342795835542  0.49491716978193850
  0.50522421532254214  0.51527137287477387  0.52659059705494038  0.53820941127399102
  0.54914647912708869  0.55988819735868189  0.57052044056835116  0.58115012142616074
  0.59151201394953390  0.60197044940222533  0.61260647226431342  0.62343555704174469
  0.63434826398255728  0.64500159438610449  0.65552902408440561  0.66576111518231518
  0.67613731747456729  0.68653624274161884  0.69703891310545707  0.70741404183828016
  0.71748616577436297  0.72760158892459714  0.73760839441085124  0.74777925592383077
  0.75824985343275264  0.76870683852859167  0.77903752299799656  0.78922647989994654
  0.79977467532523916  0.81058346735833109  0.82127342494118960  0.83200709751651325
  0.84287728150973695  0.85378034497785016  0.86455504885842660  0.87521484393787696
  0.88572063245132326  0.89636299810964637  0.90721237063398463  0.91773360710741902
  0.92786015488091889  0.93780978238485690  0.94812454470025465  0.95862391716468787
  0.96921928635979204  0.97972479324391526  0.98991710013869438  1.00000000000000000
 -0.00222557136299618  0.00891101792623940  0.01885890027962500  0.02866254140558033
  0.03874739773988070  0.04922661102988537  0.05994703777020906  0.07060504535333653
  0.08138604472173767  0.09228242283773180  0.10333887081291238  0.11440435605767291
  0.12509357491324224  0.13521288110489332  0.14524358254949027  0.15546926559357788
  0.16596000350251525  0.17610898607743880  0.18613650691513184  0.19664680821331035
  0.20702866624135441  0.21770242788331609  0.22854999801287149  0.24001571955583614
  0.25062743298308249  0.26149308700805463  0.27215764433142564  0.28275298300978352
  0.29306248270862784  0.30361489834278271  0.31418778484581644  0.32440660292180562
  0.33469537878400435  0.34525219677999469  0.35628611950072286  0.36716038728433087
  0.37770430645435910  0.38803483068681333  0.39832719906289898  0.40844752418475017
  0.41838298104160920  0.42801417012720872  0.43778428295781363  0.44773512735528681
  0.45755542842667363  0.46744528132493285  0.47742628463301390  0.48761183844089823
  0.49802082692217459  0.50857205395722183  0.51953896902568764  0.53090946786635940
  0.54197315395978107  0.55325422825658133  0.56428458328288478  0.57540255939195784
  0.58639672519500663  0.59761297694279247  0.60841411575085036  0.61868341930109882
  0.62928979298438703  0.63978725096664435  0.65067408219452338  0.66128651659062843
  0.67223791422375723  0.68276147185530522  0.69391035994725236  0.70540963172520277
  0.71718481469058637  0.72835073581263943  0.73913451766378779  0.74923142619603011
  0.75929407221858236  0.76946206233611902  0.78014730560172507  0.79106174566718512
  0.80206381317345887  0.81291794505322801  0.82354896685609136  0.83424730166931538
  0.84510315268312364  0.85559313653241520  0.86580539053477601  0.87602110549442613
  0.88674111517268783  0.89761834234795412  0.90813247951356113  0.91832603771661425
  0.92859679138215512  0.93889178246152794  0.94920935058171807  0.95949752468378213
  0.96950882576931863  0.97978536964717244  0.98969893256095198  1.00000000000000000
 -0.00221274619080140  0.00922856118977416  0.01863290340731739  0.02853869093193905
  0.03833466530521720  0.04810312562164064  0.05770840457599518  0.06745452464228768
  0.07738494883478882  0.08755355821311797  0.09790263373033915  0.10837310629098003
  0.11950302120747179  0.13040911089414176  0.14141977055801958  0.15252440991851682
  0.16357648181224027  0.17456727566803507  0.18549424087434113  0.19645412526178460
  0.20777622949483021  0.21894459258487953  0.22970103466226319  0.23992983926664288
  0.25005906395530836  0.26038518507082387  0.27095839889029788  0.28155607204115102
  0.29206532199046270  0.30291699362714491  0.31375298042947775  0.32439715340667546
  0.33495755627552976  0.34533467818335256  0.35536344019544941  0.36534018222128389
  0.37543357864572946  0.38574003869913931  0.39614456489632666  0.40646420810216366
  0.41658822020289232  0.42644396560680847  0.43607655966585263  0.44599752555938449
  0.45604873109665911  0.46616371013625441  0.47619921786280167  0.48635079704812478
  0.49677142654899209  0.50735142237158337  0.51800759089722159  0.52892527422283131
  0.54004811043020207  0.55115593986800926  0.56222317247113829  0.57322551471715066
  0.58392164280259273  0.59425350381578701  0.60462228001484963  0.61528490107508138
  0.62613841489681155  0.63709833773587254  0.64800814620806901  0.65877762715637511
  0.66940120226936006  0.67967792957590134  0.69003314009096384  0.70021094973429876
  0.71035178678847521  0.72033891600074684  0.73009806750277451  0.74009447091578073
  0.75043173701490062  0.76142941392193375  0.77272900017663626  0.78402799479247975
  0.79498152235757125  0.80567812377166992  0.81634344468781261  0.82669980117262820
  0.83697971138634408  0.84722378228966022  0.85737675234676314  0.86746679091772494
  0.87769284914151069  0.88828907628025933  0.89883001914418714  0.90915584297814400
  0.91986359588885924  0.93103030228773342  0.94231338132007803  0.95299901177499868
  0.96388733337911481  0.97592763426833928  0.98771711418571662  1.00000000000000000
 -0.00169056130806187  0.00669368742034701  0.01441966895262106  0.02245913252333825
  0.03066095427342333  0.03867148809132546  0.04701950532618925  0.05574510421299986
  0.06462727481518836  0.07375924739078162  0.08290259040259777  0.09199511974302839
  0.10119894457230622  0.11079294153952800  0.12087173481222353  0.13091795707781193
  0.14086289087684684  0.15088592522934768  0.16121393588766775  0.17180840059990141
  0.18216160475055501  0.19296786293102330  0.20398362009277557  0.21486396397711865
  0.22559685567311050  0.23655163241556837  0.24757421215267753  0.25848243998266546
  0.26929137668198971  0.28043548602904622  0.29179346264171108  0.30300595698691279
  0.31407922888302214  0.32557997048854925  0.33705357314801221  0.34854666141355528
  0.36054416293612440  0.37313194397570371  0.38596701227732017  0.39841708874452614
  0.41022407933695942  0.42206074759131623  0.43409564877394669  0.44621358500638497
  0.45828721447823301  0.47040014723486634  0.48264087300527231  0.49510592932823050
  0.50762298659583538  0.52034661446597263  0.53378801123727049  0.54699873021341761
  0.55982957666860234  0.57255833432423742  0.58482788602888658  0.59678666668884650
  0.60877381431111965  0.62091700608326805  0.63281660366890591  0.64475400236877178
  0.65683420021735550  0.66894150706360822  0.68058486880183455  0.69190493207276593
  0.70345234520420041  0.71525064187540388  0.72707231146280971  0.73844230481360695
  0.74942907816920912  0.75979412336557617  0.76991995068014196  0.77982046814561901
  0.78994594795585138  0.80033711731220492  0.81069045141385920  0.82096865350936277
  0.83095222303445648  0.84066981580860778  0.84989772752029424  0.85867815182697793
  0.86747282686464544  0.87654404639043848  0.88607734843795816  0.89574211583874908
  0.90555653753784282  0.91520877877137274  0.92441922936828003  0.93354124890107593
  0.94227105137183209  0.95107997607687822  0.95958812941972416  0.96774480102953753
  0.97594015873066198  0.98398089406960021  0.99198673623966549  1.00000000000000000
 -0.00235825602563029  0.00879345930685477  0.01964632050572988  0.03027582309968503
  0.04110643435514573  0.05183367116230948  0.06242464439853860  0.07277058289352957
  0.08329259583013772  0.09426620711490713  0.10532961098319227  0.11620711228937457
  0.12700020302032958  0.13803760383626745  0.14903945083510250  0.16003534140777215
  0.17096611667565501  0.18170658013552771  0.19168817022429471  0.20144875027525697
  0.21140217655916826  0.22172775268164380  0.23182201287487600  0.24176384986790142
  0.25190685915614780  0.26249328111372683  0.27298272832969545  0.28312066857413770
  0.29338286268749342  0.30394804828846783  0.31453661105001263  0.32491850921562787
  0.33523387969073859  0.34566728027689136  0.35609976017039208  0.36654276205314551
  0.37696524497082801  0.38753317095027018  0.39790551395693030  0.40800622108558215
  0.41805888814741388  0.42823463198363226  0.43836732615694907  0.44816941207486499
  0.45779469533076766  0.46818343033651427  0.47853868793541349  0.48931928352541360
  0.49958228516632242  0.51028942550390088  0.52057713384045057  0.53108650560054516
  0.54140679000204328  0.55192648201902972  0.56247890716598692  0.57282090115391815
  0.58317343050826309  0.59319593665210246  0.60340647511468881  0.61395300370256156
  0.62463575734366927  0.63497725197215127  0.64541295272777099  0.65595038764243319
  0.66644202149910547  0.67713958932522034  0.68811714390113787  0.69902637838344361
  0.70988158141343849  0.72016732822386464  0.73035778688340158  0.74039555235582211
  0.75024298964990910  0.76078210941660052  0.77145106456979240  0.78260325754281534
  0.79346056051393987  0.80430043096545012  0.81492768314043351  0.82582947858276345
  0.83681723292978161  0.84794160954875786  0.85889713110060539  0.86963373650212161
  0.88051102405685189  0.89136710301677236  0.90232895825431692  0.91358088012455430
  0.92475093441904199  0.93571868322046026  0.94649015777845702  0.95709595644040057
  0.96818201450719599  0.97869251185867245  0.98955009492983725  1.00000000000000000
   7.1435181906825793E-010  -1.0000000000000000     
 T F T F T F T F F F F F F F F F F F F F F F F F F F F F F F F F F F F F F F F F F F F F F F F F T F T F T F T F F F F F F F F F F F F F F F F F F F F F F F F F F F F F F F F F F F F F F F F F F F F F F F F F F F F F F F F F F F F F F F F F F F F F F F F F
  <DiscreteSampler_grid>
  grouped_processes
  1 # 1 for a reference and 2 for a running grid.
  10 # Attribute 'min_bin_probing_points' of the grid.
  1 # Attribute 'grid_mode' of the grid. 1=='default',2=='initialization'
  0.0000000000000000 # Attribute 'small_contrib_threshold' of the grid.
  0.5000000000000000 # Attribute 'damping_power' of the grid.
 # binID   n_entries weight   weight_sqr   abs_weight
    19   10   8.257722056187966E-002   2.660345633711055E-002   8.257722056187966E-002
    25   10   6.470418566199995E-002   5.206542249885366E-003   6.470418566199995E-002
    37   10   6.145275160992032E-002   4.595989130791041E-003   6.145275160992032E-002
    43   10   7.479730181713741E-002   1.640225543974460E-002   7.479730181713741E-002
  </DiscreteSampler_grid>
