 -0.00000001712499259  0.00001775127429925  0.00013121696905675  0.00038715495449850
  0.00077319364457754  0.00127677534402990  0.00187171951115148  0.00256956879678130
  0.00341323618333035  0.00436559324002305  0.00544534443370859  0.00668605351686112
  0.00789311815927199  0.00908105724686064  0.01027958771700443  0.01151683293576830
  0.01281254752174216  0.01403775357369348  0.01542664872631786  0.01691417479858894
  0.01845973666309896  0.02014886895331943  0.02187824413684376  0.02354755377493922
  0.02514097633751541  0.02683343106892298  0.02851868174456210  0.03022159591484361
  0.03199537180750867  0.03380659971876012  0.03557968799057547  0.03733876527761865
  0.03910695483816738  0.04095717128168512  0.04290105721937040  0.04492264298936881
  0.04695421340150650  0.04894339399928071  0.05098670123137977  0.05309213796811468
  0.05533058588681898  0.05764425195556164  0.05991402726712335  0.06212932352089467
  0.06436530789654425  0.06658871727548395  0.06877182398042690  0.07102330914370619
  0.07347179894081582  0.07588025706730384  0.07824753573045602  0.08067155657419993
  0.08311872128594325  0.08556328971283089  0.08799369609343179  0.09036385726699533
  0.09298752008698662  0.09577859027917252  0.09852794840544167  0.10116284600779277
  0.10375749930721807  0.10635252780218839  0.10886439908631990  0.11142548032862540
  0.11400834113747627  0.11666689801373251  0.11935433411804230  0.12218902478436124
  0.12542043680715584  0.12861506418965965  0.13198361940163522  0.13533351681750597
  0.13868721790020180  0.14203992263895004  0.14536470558654485  0.14879596896893901
  0.15234265625199936  0.15592087792887424  0.16019161290290210  0.16475273758862255
  0.16938700824511976  0.17405305103034682  0.17889428183006334  0.18380713178282826
  0.18878578199339646  0.19390836014479421  0.19939848413790609  0.20550031464091567
  0.21246099974398078  0.22032436538364708  0.22862730497381414  0.23761961998126588
  0.24848407460264799  0.26257173195665717  0.30814903122656495  1.00000000000000000
  0.00972613542272163  0.01567905093017338  0.02476555422664380  0.03466270807496524
  0.04432265085172816  0.05360367632793575  0.06290695211619893  0.07265314603616935
  0.08260478956077533  0.09196225494795371  0.10056732072052593  0.10916450586658430
  0.11784397673764960  0.12625494304112270  0.13558060059912710  0.14399344283614912
  0.15417749032413428  0.16504807870780605  0.17477362914856237  0.18426619015977089
  0.19419603744095687  0.20470438803233804  0.21446016739391649  0.22341372985108032
  0.23275423741640860  0.24338271559395144  0.25394094256654959  0.26425246041283312
  0.27404176069963293  0.28555274562256389  0.29735121601615705  0.30958250198653209
  0.32211229858816770  0.33498097120553910  0.34857701932643265  0.36285824539357048
  0.37708940915150396  0.38997525984262965  0.40199568718048534  0.41431017941821552
  0.42447923517339986  0.43525321850646365  0.44597652465735316  0.45699998726252616
  0.46750945780244507  0.47811351660958856  0.48812399852043847  0.49796223787134469
  0.50783778615306074  0.51829508973678096  0.52835339425435546  0.53822755972573222
  0.54939667144566895  0.56191978159421652  0.57491673410252042  0.58671176396259839
  0.59729137392848697  0.60722525436068120  0.61695646813801552  0.62730804729702871
  0.63841847477014357  0.64933631771257183  0.65955915082062899  0.66947902219690103
  0.67930757183446955  0.68859535818057849  0.69802725866555071  0.70780866179430491
  0.71792597663544144  0.72819274594478434  0.73857436242798480  0.74891419758312894
  0.75838338411886586  0.76770935511157234  0.77741369761042300  0.78738680924769255
  0.79724104741472968  0.80737079572185710  0.81843396041249850  0.83068500908439036
  0.84287357055698708  0.85541441882039093  0.86876137831410316  0.88166255378268887
  0.89290944190436905  0.90246733662799206  0.91078227720293636  0.91955664731283837
  0.92888370390516939  0.93828830790784368  0.94671712975171829  0.95481887100049090
  0.96296436421494691  0.97263163956772003  0.98191663003057472  1.00000000000000000
 -0.00001837743579076  0.00018191720971391  0.00043007216941675  0.00084375811470776
  0.00135828271518364  0.00201706768252127  0.00273291884769248  0.00356179319213718
  0.00442329017340269  0.00537436532668967  0.00640210602177519  0.00751923011935545
  0.00870333578226760  0.00995780212118060  0.01126861620214480  0.01284081148997144
  0.01476539437813046  0.01675279723478349  0.01841727407033507  0.01994633602748248
  0.02159061658962055  0.02328335951144433  0.02508185051445082  0.02682986218744741
  0.02869989617920502  0.03061684120582300  0.03271859861724438  0.03494477664299256
  0.03708120500230606  0.03912113551495156  0.04131947467648048  0.04364780179575330
  0.04597175901262313  0.04821137959494300  0.05067725537391629  0.05326595237842318
  0.05590200494705696  0.05857656227339621  0.06132138704964077  0.06421697274899024
  0.06726806032423197  0.07036859823909186  0.07349785841021347  0.07675602632714461
  0.08006736278701476  0.08336677994537002  0.08681313610966504  0.09042448493996445
  0.09402819549387244  0.09763424568358263  0.10136824159864993  0.10528160898679816
  0.10943366898662360  0.11382196368284914  0.11842587495094820  0.12316408806881195
  0.12795824482407808  0.13276344174061258  0.13752867278849729  0.14206231965720476
  0.14696478617126776  0.15216475569564283  0.15755885510579248  0.16313134370521418
  0.16894477836406091  0.17475043203220922  0.18075603011443028  0.18687348109652049
  0.19319108509750715  0.19967178551044620  0.20610352166985757  0.21220915000312984
  0.21885981415171771  0.22563500083942947  0.23259487105777843  0.23964245636798714
  0.24728208113696740  0.25551133995221625  0.26406418066965209  0.27301847699753207
  0.28275370787245041  0.29332669581133586  0.30420321339100381  0.31766081494543358
  0.33254477471069721  0.34868814248604485  0.36619104461621682  0.38765385197459873
  0.41389414497459803  0.44072424194843252  0.47118630150455204  0.50703554705043030
  0.55333972683751464  0.62591536570289907  0.71339866896924642  1.00000000000000000
 -0.00200038642504565  0.00873963200721014  0.01735566679046577  0.02629022379899541
  0.03572907252076830  0.04520692826383270  0.05407623962755886  0.06298153795833897
  0.07258496066873554  0.08278277375213354  0.09394326584872972  0.10578692969219367
  0.11456642229792413  0.12463024170223096  0.13480463409974136  0.14541416362394533
  0.15560930192862282  0.16660550366940219  0.17871795486422495  0.19067915996800039
  0.20218625337804627  0.21405537559644860  0.22638631170601858  0.23862620857523939
  0.25012366588480395  0.26055528298208686  0.27031337706951170  0.27982528670860318
  0.28926609906644746  0.29867396581669159  0.30773854264772293  0.31762029134939840
  0.32784225299290670  0.33803220082670066  0.34836782928922405  0.35939022862227371
  0.37178852937777979  0.38400849723151970  0.39525181046628904  0.40744620565527612
  0.41859046434328784  0.42921291087472818  0.43972307781774778  0.45046048629299673
  0.46088669468815163  0.47056219932048893  0.47972702908469056  0.48899372515087025
  0.49849327036210189  0.50880600996568315  0.51917843523402185  0.53121592251455763
  0.54245264188391562  0.55441468648038028  0.56635880596087640  0.57983108482199774
  0.59185792325629838  0.60311665429281736  0.61388973375982681  0.62425673007394411
  0.63445835338353096  0.64543430710996830  0.65717825150979736  0.66886315607341285
  0.68007721447179570  0.69136484330517822  0.70277141318687253  0.71307007270294986
  0.72297394327105990  0.73270942049311150  0.74266555426926528  0.75217970852102412
  0.76198342316040080  0.77214332276865416  0.78321137263338914  0.79408155107306155
  0.80473153664071728  0.81538681927284973  0.82568126924143104  0.83569664752467809
  0.84581679982857383  0.85604985683399781  0.86641131379888725  0.87676456105077238
  0.88681091597076067  0.89649862443076866  0.90590541086727328  0.91527574998072703
  0.92478548423678941  0.93415434472560721  0.94367015939142607  0.95367338780159172
  0.96439021487872245  0.97611041734891613  0.98801939340731659  1.00000000000000000
 -0.00271706621732602  0.00877034434372969  0.02024597162365165  0.03199809804465938
  0.04361100953551253  0.05408007297280178  0.06460410296312641  0.07515228318525297
  0.08533419737297410  0.09481090063473489  0.10475085242641949  0.11621865896420086
  0.12911445226253751  0.14206482910014834  0.15412937703890511  0.16550049910280495
  0.17627628638095202  0.18655179957238541  0.19648026828498366  0.20618368716010971
  0.21633474886449555  0.22647332358696437  0.23636742979661213  0.24597589334012540
  0.25560512528146595  0.26564440705617792  0.27513859661479412  0.28374103131669354
  0.29202999692075460  0.30129977837793315  0.31050637983695845  0.31993930324486547
  0.32943434587434756  0.34015196005042020  0.35206298516862350  0.36329768749351360
  0.37450620961107139  0.38681058616386166  0.39893044035201397  0.40945452258919157
  0.41958297618624540  0.42952633785294031  0.43960046058238517  0.44981645486029165
  0.46006650692339324  0.46961853461073338  0.47965925246917812  0.49031993464374635
  0.50174850265828497  0.51267360882038249  0.52491480148118463  0.53998324319692625
  0.55197757229142685  0.56284558962544740  0.57309131832992033  0.58365530302157753
  0.59385741785745272  0.60465351598670203  0.61582720366835075  0.62711555344948666
  0.63869461483805534  0.64959501510100670  0.66011579842823853  0.67196439832384758
  0.68465306589173502  0.69663653495527833  0.70798911188732938  0.71915656925302351
  0.72988861667651228  0.73997985533037502  0.74984512199762499  0.75995656029853753
  0.77071847048254005  0.78144846108659793  0.79265192186815669  0.80426895196366222
  0.81547091111937708  0.82455502356463806  0.83388926630414695  0.84316276022985914
  0.85203520250211118  0.86001478496920647  0.86789342924854185  0.87678132029366229
  0.88630821388540570  0.89522013298252867  0.90434162640911375  0.91345704582326059
  0.92434328655719311  0.93560096493052980  0.94646773560138286  0.95709943279654219
  0.96847748940108203  0.97980375543847109  0.98994178330067684  1.00000000000000000
 -0.00224096683228861  0.01086067959555788  0.02355709848624568  0.03700355471146524
  0.05057811452854301  0.06405659224942131  0.07854551826817759  0.09168764706593809
  0.10326361838985319  0.11445366038723290  0.12575366580618469  0.13747946965928950
  0.14913531523831106  0.16098921927682250  0.17386517317552372  0.18754306026273196
  0.19934818240072860  0.21017124437992796  0.22073636373926833  0.23131062382263048
  0.24219448725539058  0.25322552442629587  0.26380077363076609  0.27360480164126533
  0.28349995712463427  0.29347960791698402  0.30330744118389363  0.31246901586589138
  0.32137952208213438  0.33052387403504235  0.34027459633976631  0.35024832713847837
  0.36009345685653515  0.37001232399648920  0.38061485439261722  0.39175088270052955
  0.40207181360445915  0.41205024848675448  0.42182841521793402  0.43136837184115745
  0.44077420045666288  0.45004111666032737  0.46007165320804833  0.47118942512823431
  0.48248437930632548  0.49358064594744749  0.50488974271649689  0.51683426393748955
  0.52829292787254134  0.53922105608377147  0.54983457010568471  0.56064400472699094
  0.57127921774400625  0.58130923430024217  0.59131145562605658  0.60107241427940994
  0.61061825737904862  0.62041174055201687  0.63074332055902349  0.64105981807283385
  0.65078491566482044  0.66013971739434918  0.67021710437220994  0.68126036169336734
  0.69248342575504784  0.70341690800270507  0.71428168091588662  0.72515861930664471
  0.73606704219607677  0.74720779750150368  0.75841754995301003  0.76872370029475035
  0.77813393392348862  0.78757590139542755  0.79745755163817533  0.80752358643950506
  0.81758508771880911  0.82746485975817197  0.83779284017633782  0.84862876013058897
  0.85926351802587808  0.86956859085320237  0.88025670455057037  0.89010352086473710
  0.90007858554605769  0.91006119412947728  0.92002065110384945  0.93088907970812662
  0.94088326904098130  0.95333188058000584  0.96167073848615581  0.96950613704470345
  0.97736958173404542  0.98491326689335035  0.99235650299393752  1.00000000000000000
 -0.00243768698454128  0.01001467179673219  0.02093586654911667  0.03106149670769071
  0.04113315957164248  0.05104901735375279  0.06246360299522339  0.07295468392150468
  0.08273640289189782  0.09254495078271557  0.10294217341683895  0.11299513866491935
  0.12317852696790565  0.13411664681505728  0.14707535591283041  0.16169916356412065
  0.17785996390758402  0.19330310833019851  0.20443220207177740  0.21531498290585319
  0.22582824469497675  0.23602557447026365  0.24598411843139700  0.25526737236457270
  0.26372205751785943  0.27300180985631606  0.28273685267366833  0.29282668201971335
  0.30275915159665484  0.31260657840778167  0.32293731249706353  0.33378117444200639
  0.34365532436415380  0.35281208222987082  0.36194884379899417  0.37181111464795241
  0.38299559687446122  0.39504579775728044  0.40794533483029927  0.42031151588773918
  0.43129500866043363  0.44211330921341030  0.45316641273894448  0.46367338437394917
  0.47397761369934649  0.48426822308494266  0.49500393249946817  0.50583179017278268
  0.51674647215831782  0.52705393556913716  0.53683238130687372  0.54625930254878075
  0.55552131100820046  0.56495161450685039  0.57449268405099674  0.58367845320447365
  0.59280756266022183  0.60214682291454380  0.61150333804308743  0.62062808389846968
  0.62970050946592371  0.63924479815134105  0.64967619683364541  0.66028387340681483
  0.67033337733552845  0.68023552140641397  0.69021003967135841  0.70047338915458934
  0.71038433801334522  0.72073141768226689  0.73105131403089141  0.74131797082104467
  0.75200216798102903  0.76326832399049982  0.77395112556445655  0.78363320635738887
  0.79289893353307905  0.80153918052590645  0.81046215624504980  0.81979648318529719
  0.82965414307586949  0.83913965175946392  0.84819298289155798  0.85817685478466088
  0.86926853790859060  0.88026851867431177  0.89205600050312805  0.90516429293898448
  0.91902173097200568  0.93276322875817430  0.94509578429199925  0.95593038772891625
  0.96691895749748491  0.97758885618588565  0.98896507247755316  1.00000000000000000
 -0.00230241287220293  0.01124360688798420  0.02210074493925446  0.03138371188050978
  0.04043682303546699  0.04894338840788922  0.05790390107030999  0.06742436084979632
  0.07687230091356295  0.08625083147277982  0.09524716571460107  0.10468729593530646
  0.11457841047794334  0.12432818569581956  0.13364848315699213  0.14336463834481677
  0.15407761922734994  0.16568264788322395  0.17777715870487226  0.19016031331606961
  0.20282126922188889  0.21632304254251511  0.23101406031115049  0.24348003077870045
  0.25571682754800007  0.26801332275375994  0.27812905651626674  0.28749165139395072
  0.29719250086700633  0.30622996253251655  0.31539059635720568  0.32392901256217127
  0.33340921837167253  0.34309266144763378  0.35321819971487040  0.36350260063562295
  0.37380221322312240  0.38368004538247530  0.39323393926237160  0.40304824206400292
  0.41331560409489365  0.42387948657409402  0.43481202104346273  0.44537937894275181
  0.45513766853213700  0.46462884758444284  0.47350463879532961  0.48247710052194037
  0.49143608289878521  0.50082008474355433  0.51114773871920649  0.52173467854435018
  0.53204291197465337  0.54194908100146189  0.55099969403619420  0.56007029148387011
  0.56929206937233146  0.57857747127179371  0.58869657160453881  0.59914218115884543
  0.60940050099542808  0.61989820574916377  0.63180056135151519  0.64415815424337974
  0.65532305017257364  0.66594381876190956  0.67724567145663062  0.68889594179000480
  0.70094572611427675  0.71359406497669464  0.72642810799323165  0.73827994986971979
  0.74837114021484763  0.75938573009325983  0.77012141581116289  0.78099961793373507
  0.79183769536716631  0.80178745696966103  0.81138428117382544  0.82039580846016313
  0.82918230539140181  0.83848022512697518  0.84811634390141366  0.85864079662471171
  0.87097591935217311  0.88444343607748865  0.89773250929598647  0.90988348646580408
  0.92095598318736460  0.93245902136825209  0.94408448209192275  0.95489638562256218
  0.96603708477077899  0.97712674376206554  0.98838525689500356  1.00000000000000000
   1.2498102636374441E-012  -1.0000000000000000     
 T F F F T F F F T F F F T F F F F F F F F F F F F F F F F F F F F F F F F F F F F F F F F F F F T F F F T F F F T F F F T F F F F F F F F F F F F F F F F F F F F F F F F F F F F F F F F F F F F F F F F F F F F F F F F F F F F F F F F F F F F F F F F F F F
  <DiscreteSampler_grid>
  grouped_processes
  1 # 1 for a reference and 2 for a running grid.
  10 # Attribute 'min_bin_probing_points' of the grid.
  1 # Attribute 'grid_mode' of the grid. 1=='default',2=='initialization'
  0.0000000000000000 # Attribute 'small_contrib_threshold' of the grid.
  0.5000000000000000 # Attribute 'damping_power' of the grid.
 # binID   n_entries weight   weight_sqr   abs_weight
    10   10   2.937452638099237E-004   1.516472454725561E-007   2.937452638099237E-004
  </DiscreteSampler_grid>
