 -0.00224171251458776  0.00885476002579816  0.01847799552791319  0.02844077667654261
  0.03850990389455185  0.04869228401509205  0.05892438484449862  0.06926770849388349
  0.07966985523689971  0.09019560627821835  0.10078904537763479  0.11149262699942296
  0.12225400943260893  0.13311496740587414  0.14403288087032917  0.15505787251395234
  0.16614208203885739  0.17732470692950988  0.18853556849869993  0.19984085164908305
  0.21119079922567027  0.22264423231654962  0.23414962351575877  0.24573329509692038
  0.25737303081170476  0.26905749843710242  0.28079325041899739  0.29256690975768429
  0.30438783886554566  0.31623746510667294  0.32813355812296846  0.34005845293981302
  0.35201321376750783  0.36398277171752574  0.37596495940233859  0.38795347875440522
  0.39994387435067219  0.41192757937876245  0.42389885057953136  0.43585510013415646
  0.44780095593448849  0.45972845158234577  0.47162929738016857  0.48348823147562103
  0.49531093028961032  0.50709451690518714  0.51883839599103609  0.53052100344404873
  0.54214547890183562  0.55370763288628699  0.56521729788026442  0.57666067341854876
  0.58803875899285907  0.59935122532899721  0.61058208909956324  0.62174272877838066
  0.63281629511701132  0.64383032856680533  0.65475109951477373  0.66558674314340660
  0.67632510782691868  0.68699964373154343  0.69758647024215625  0.70810016097565587
  0.71850589287261291  0.72883938466042042  0.73906209384559474  0.74921655524475128
  0.75926737262617594  0.76925578739017419  0.77913696080403416  0.78895026089153042
  0.79866405848488742  0.80830488364624298  0.81784971601442880  0.82731438473929997
  0.83669279812501984  0.84598845682131274  0.85520332132187671  0.86432151229632503
  0.87336281995103615  0.88231956843754145  0.89120867945658244  0.90001839915931137
  0.90875164283399146  0.91741142195844194  0.92598821103237472  0.93449442856373599
  0.94292509851135609  0.95128096258021566  0.95956924959819334  0.96777670943460437
  0.97591635893383466  0.98399797206775041  0.99201004381721314  1.00000000000000000
 -0.00198241602193370  0.00983497750219501  0.02007610396842911  0.03067914306199337
  0.04129783718443531  0.05180213146361165  0.06230266091218443  0.07282620157046685
  0.08336984251396298  0.09396195614105980  0.10454102629567570  0.11516068101411039
  0.12580630321256325  0.13636554735600437  0.14691951191898547  0.15737324090057458
  0.16787465186205533  0.17840809405206637  0.18896997149668660  0.19957694519168920
  0.21014090204101168  0.22063830670950549  0.23115468854641874  0.24168401361509709
  0.25228973875394062  0.26283462792301476  0.27344373056521265  0.28397044839573232
  0.29446720658422204  0.30498471732273263  0.31558673920169250  0.32628782064514489
  0.33691173904170552  0.34751813653406433  0.35802999014472409  0.36851312834592992
  0.37896861518979474  0.38940274708059763  0.39977073276314756  0.41015918419274311
  0.42055343265152301  0.43107664414924984  0.44159910557822057  0.45216927964708542
  0.46268598175566628  0.47323127689558708  0.48380842116827394  0.49440475681358165
  0.50497135990245146  0.51553191444043422  0.52611912787545911  0.53670593265266398
  0.54729326390146638  0.55784090751637117  0.56836612464109448  0.57887744043890765
  0.58944193892391195  0.60009065599974321  0.61072029394303162  0.62125066240986759
  0.63172959794259553  0.64216021716383298  0.65263366110063270  0.66309653728659212
  0.67362299905036338  0.68408800388220037  0.69454645338166610  0.70498082704875442
  0.71558325348708374  0.72622272116633213  0.73683227535214935  0.74740316010955310
  0.75799222542723033  0.76867334019111155  0.77934817610807350  0.79001296563413159
  0.80061074817811573  0.81120961532181424  0.82173904015751953  0.83235965599952733
  0.84281439100351863  0.85328545344417361  0.86361264128279658  0.87404485047247349
  0.88451680644369546  0.89503378503638842  0.90558535500663451  0.91604401643613020
  0.92655127304854068  0.93703136391816400  0.94752056617761038  0.95799934124166808
  0.96842312828398724  0.97890825483827260  0.98940106412140105  1.00000000000000000
   5.5976093198599472E-008  -1.0000000000000000     
 T F T F F F F F F F F F T F T F F F F F F F F F F F F F F F F F
  <DiscreteSampler_grid>
  grouped_processes
  1 # 1 for a reference and 2 for a running grid.
  10 # Attribute 'min_bin_probing_points' of the grid.
  1 # Attribute 'grid_mode' of the grid. 1=='default',2=='initialization'
  0.0000000000000000 # Attribute 'small_contrib_threshold' of the grid.
  0.5000000000000000 # Attribute 'damping_power' of the grid.
 # binID   n_entries weight   weight_sqr   abs_weight
    10   10   1.377707302988517E+003   1.956079408381990E+006   1.377707302988517E+003
  </DiscreteSampler_grid>
