 -0.00000001263179065  0.00001033755948756  0.00007595788260607  0.00023573901199341
  0.00048152995308782  0.00081487907609442  0.00120318145383001  0.00165565507791211
  0.00218052738240015  0.00281487813919227  0.00348724431687817  0.00417130198902510
  0.00487481380146901  0.00556452629589775  0.00623922303960005  0.00695553544251704
  0.00771768119110475  0.00854360513850625  0.00946271854471114  0.01038608789531689
  0.01134428925239469  0.01238680866415159  0.01340537557563523  0.01437808136828902
  0.01539695402366115  0.01646363304740229  0.01751843685734130  0.01862181922109888
  0.01979031558173284  0.02100362876569943  0.02228441229640274  0.02360571670500801
  0.02484565789267067  0.02607325350898615  0.02726254849179191  0.02844573867175931
  0.02963647031361832  0.03078853682331707  0.03199418259002638  0.03327500685146976
  0.03459689601987343  0.03591897663750169  0.03721585195750561  0.03850164678892413
  0.03976549087373598  0.04103879625552497  0.04234893532083383  0.04372788088607551
  0.04518179618065346  0.04669224153135801  0.04822096307289796  0.04973488836315626
  0.05116609709696008  0.05255971780264784  0.05390605840219602  0.05554772200659547
  0.05727783516614553  0.05900983499518792  0.06075491144845205  0.06260935084031699
  0.06445375786476802  0.06628110708074227  0.06804737702849051  0.06974531366502419
  0.07150902083069456  0.07342732865425047  0.07534657576155319  0.07724584550311572
  0.07916847048501528  0.08119489388568618  0.08323957975389214  0.08528590212031514
  0.08736889815893821  0.08948068446669355  0.09172556203863610  0.09419738283443932
  0.09666761743101365  0.09927645051258768  0.10186313208449216  0.10444106821510316
  0.10702654123878347  0.10961406565856342  0.11225613704886887  0.11502733014825688
  0.11826279003744530  0.12200069436951677  0.12633800952666513  0.13105434029393759
  0.13602871718200454  0.14128585921460571  0.14692311594468957  0.15328122113044085
  0.16279354552424716  0.17829072048389447  0.19446137745667644  1.00000000000000000
  0.00980512921938888  0.01472881352382334  0.02383697638157532  0.03410953080089194
  0.04386412126004845  0.05265643943119474  0.06148671838583757  0.07047720045852461
  0.07925568974288932  0.08768561615830056  0.09592778063399640  0.10468987562012795
  0.11408408410898092  0.12331153952085797  0.13280932705646945  0.14194684712458150
  0.15088647372658215  0.16024053162114049  0.16994887596107297  0.18008001160128886
  0.19079714342805670  0.20196012848262690  0.21309370229784053  0.22477632493109356
  0.23773170891972228  0.25066161593746378  0.26269629479797363  0.27426603075169581
  0.28578981563943184  0.29627645555622700  0.30600930906395379  0.31623574570223534
  0.32744732639313229  0.33957970753298616  0.35100615643966671  0.36329813036726477
  0.37497930323944462  0.38476318410463689  0.39474686685219207  0.40552234224483558
  0.41656857746382048  0.42765378792142084  0.43857216094753154  0.44943633516934639
  0.45992824111971953  0.47143818956967798  0.48251875239126646  0.49309741784150279
  0.50359834680085702  0.51384452508831180  0.52363381133366182  0.53323675702426565
  0.54293027228336543  0.55268535624338366  0.56259655170959066  0.57237240045164395
  0.58202968231111218  0.59163135782062193  0.60144686639975342  0.61224896263595907
  0.62373519348750217  0.63476127134543869  0.64517793406377932  0.65517150778238198
  0.66543448678938732  0.67487054465432073  0.68406765315083340  0.69299104237099485
  0.70208289399565715  0.71145286875561431  0.72018625012136028  0.72936446102767505
  0.73965661984185616  0.75143451267164918  0.76341918174618850  0.77652273172060060
  0.79042576080736693  0.80347246174094167  0.81497416909972908  0.82505368853210348
  0.83510598635221556  0.84602823432960472  0.85697211380545413  0.86833046507352196
  0.87989824615619017  0.89130567692889195  0.90162679464387252  0.91132592742914209
  0.92093187429185130  0.93094478941457814  0.94175578314319786  0.95197797574334664
  0.96150905359353078  0.97084444887481947  0.98007428491278969  1.00000000000000000
 -0.00001570917166535  0.00017355744886150  0.00045342048572245  0.00082802712269004
  0.00134880058760724  0.00202234519845161  0.00276031671596446  0.00361599137372754
  0.00459205924954484  0.00565571276527075  0.00676987931760463  0.00806991432905423
  0.00972836724071255  0.01141668290429541  0.01312218514323773  0.01484544829777425
  0.01651806569424760  0.01811756698892442  0.01975235321758605  0.02139745551975167
  0.02319037202969851  0.02516257028429826  0.02731669093485281  0.02946804118037693
  0.03152496299073586  0.03364679149536472  0.03590804802310822  0.03819331799654538
  0.04057668192438862  0.04305879084831241  0.04547549007346492  0.04779969023801766
  0.05025151538107610  0.05273336544133825  0.05513327264230115  0.05753536872039765
  0.06000834452627817  0.06262804653671243  0.06542070219666400  0.06845685362651509
  0.07178499928968438  0.07539956423403847  0.07906490236820787  0.08277959905390539
  0.08651706797927296  0.09002780739860097  0.09342344664508781  0.09684782646813929
  0.10036068259821891  0.10403869327973723  0.10786003825765259  0.11181393377211309
  0.11600178913263501  0.12121772266565170  0.12662563189450135  0.13189596809003770
  0.13707373859477487  0.14211916548384795  0.14785076691920696  0.15370169313358545
  0.15967107106978992  0.16584451435399883  0.17224463462207124  0.17896589749678263
  0.18738548824668547  0.19616310424818148  0.20518938174949225  0.21439928989573459
  0.22370505474682478  0.23138393806712468  0.23924670831632772  0.24751816336808086
  0.25610441649383497  0.26478021078728192  0.27343204682244066  0.28212639287651964
  0.29099849753637902  0.30016165011270346  0.30995586270787212  0.32214350974063299
  0.33477655565328007  0.34796156680796558  0.36203227716541053  0.37703911180157540
  0.39322697809441004  0.41218477380052831  0.43118859144798483  0.45087785446979900
  0.47320389006971592  0.49867425611967187  0.52781713978506661  0.55983662726652361
  0.60557540858629333  0.67945859080175852  0.83366381225053732  1.00000000000000000
 -0.00222556633320677  0.01070179127328741  0.02108688799025045  0.03303376417569751
  0.04482596554251846  0.05545105313574630  0.06568334518346183  0.07696612289036410
  0.08811691802017600  0.10087781616715548  0.11140771469979011  0.12160100546435922
  0.13118514215402938  0.14042680531416227  0.14950300094341554  0.15837490425897527
  0.16743358346623471  0.17862963944705826  0.18986031778661261  0.20109406261747539
  0.21108873618081134  0.22087457391117760  0.22984531640633604  0.23840507125654140
  0.24706578075612767  0.25660707083290829  0.26610242770581483  0.27577625865031402
  0.28594249677271344  0.29746387482722791  0.31070528965341965  0.32475866031359585
  0.33757115869415938  0.34880905175695659  0.35966729147864512  0.37034217436427536
  0.38028698755357582  0.38984782326267359  0.39968044077258741  0.40967744735767453
  0.41924004095457351  0.42879481161861843  0.43867974384666814  0.45007814917098693
  0.46094524960664740  0.47086146995966305  0.48051162798051389  0.49085195382848013
  0.50192293241103225  0.51339359177052457  0.52511255870545548  0.53687679257458043
  0.54885180129234146  0.56048869270243018  0.57205603419269546  0.58331429516104716
  0.59360724210583604  0.60376566198370163  0.61329966075072162  0.62286636590631472
  0.63332545206763891  0.64343556921624823  0.65341633527961041  0.66403201684139290
  0.67496964847086094  0.68618598319746893  0.69644777649044720  0.70762296120060530
  0.71861597919651898  0.72883505192155085  0.73747509806230738  0.74590896804469986
  0.75483128184513293  0.76379780687666576  0.77300917309687478  0.78385880079257186
  0.79666852100255570  0.81220987172814652  0.82263261703457113  0.83249990661146389
  0.84164790407015755  0.85113118613158545  0.86054992585094459  0.86944379776781455
  0.87876829255816158  0.88921643420191676  0.90008031826109391  0.91163235328508019
  0.92256858846668943  0.93357025832170037  0.94490144041048041  0.95586090575977689
  0.96718863530804500  0.97821884436102602  0.98933992566059892  1.00000000000000000
 -0.00217768883895847  0.01103678405836343  0.02211912722946770  0.03274638639937597
  0.04343712128462261  0.05321976576388817  0.06266306490001934  0.07246987930280001
  0.08237799966056658  0.09215327953276675  0.10118127403153482  0.11026923060971724
  0.11959855361056468  0.12913555575879429  0.13842852017417989  0.14798747109754742
  0.15798241353274770  0.16844233430784164  0.17934222731080640  0.19003599145401112
  0.20015414804593432  0.20948503107120334  0.21828881090992419  0.22698328530717468
  0.23550129531677053  0.24422934888664896  0.25380357056179997  0.26329976831696500
  0.27253222281880246  0.28389212412094045  0.29553115824578591  0.30889194497341876
  0.32280005558281988  0.33660509971036789  0.34967267343938646  0.36120100664045229
  0.37188265415130195  0.38256085712071836  0.39364292523651145  0.40462583897184651
  0.41505679178825194  0.42576277847534238  0.43722256644878421  0.44882176997492046
  0.46014664803760497  0.47075867263904342  0.48124830725303724  0.49209107977155747
  0.50420402222032434  0.51648382956422212  0.52757159034671930  0.53824640397214429
  0.54952674487385833  0.56032042948053107  0.56958307095791416  0.57820728426919132
  0.58762665649613244  0.59779459013135761  0.60756283527997745  0.61702756092344202
  0.62656440869831831  0.63852325585504410  0.65054959569420623  0.66244187671410626
  0.67395497997676901  0.68505455451534214  0.69560736636429810  0.70616935017449800
  0.71675163276921516  0.72723532905444865  0.73782612740099496  0.74834634050431292
  0.75849163387916552  0.76859533093327903  0.77876764056122472  0.78871328584028932
  0.79813160612947609  0.80758844946558650  0.81790510767240987  0.82824140262687751
  0.83818780419167760  0.84828096710765022  0.85952364271341575  0.87149345777375287
  0.88323041986308459  0.89415103480118352  0.90565884174353484  0.91722090317418115
  0.92850639384019629  0.93951009456242185  0.95082009046975946  0.96179639819499629
  0.97164302289381599  0.98170228261956327  0.99074674825702669  1.00000000000000000
 -0.00354455738637519  0.01020063052495031  0.02420403036595876  0.03794954924876560
  0.05056528216571171  0.06217024497379028  0.07442565478098273  0.08594606756003087
  0.09530140282895558  0.10470483734691007  0.11402322050074522  0.12343493357515263
  0.13291685080333698  0.14281011135422561  0.15351129541306874  0.16442802457207073
  0.17499811355337452  0.18589291266125169  0.19745140992229121  0.20924339990526580
  0.21960003149694174  0.23020656668538683  0.24187007798993745  0.25308357563218736
  0.26317885341804720  0.27318728088117605  0.28380351371732565  0.29522578374076530
  0.30721389998464887  0.31909778179484083  0.33032051523701206  0.34079269060261602
  0.35071452067534109  0.36010451070206489  0.36884213045354852  0.37786959198874503
  0.38677846763554796  0.39571082988812212  0.40502328571229640  0.41510969189934416
  0.42584108178175067  0.43649421651591919  0.44707558224780708  0.45797026969336380
  0.46907256881241705  0.48051207149395481  0.49319701107038172  0.50530906448901058
  0.51586646908341172  0.52680880099545135  0.53807571073500193  0.54916936071436373
  0.55971601924968728  0.56973525871049602  0.57953263592352899  0.58932319495962471
  0.59942884374871985  0.60974992038384290  0.62023069417656818  0.63031977204795275
  0.63986922001931890  0.64951447716821342  0.65900240309315061  0.66833132750891455
  0.67761122561088893  0.68731203393421725  0.69772446426386603  0.70791736649416204
  0.71787881856745805  0.72785746499159698  0.73760794355305304  0.74704631610696137
  0.75696792376458744  0.76737962091044432  0.77809782973534292  0.78926448261703885
  0.80031792584179762  0.81085173693456514  0.82042785977102828  0.82946380902394723
  0.83971294928469076  0.85008369702189057  0.86028643316833231  0.86946581548623969
  0.87896243089462067  0.88889778579927936  0.89861508816349045  0.90806113518994369
  0.91891387659274515  0.93212082484305547  0.94548756320875293  0.95690784402964224
  0.96766713521144909  0.97877615657798667  0.98900672211216289  1.00000000000000000
 -0.00173611953228392  0.00746016227110890  0.01604016966791445  0.02533980277276019
  0.03477954567686710  0.04451179619164369  0.05530513916942884  0.06650089174017584
  0.07756105295482035  0.08844781756436987  0.09921640784200819  0.10877007938288458
  0.11782559203785628  0.12726898564400999  0.13751910234403877  0.14751905344302657
  0.15723555423852334  0.16677702063051231  0.17714725123754657  0.18731518121772950
  0.19740439812589863  0.20777436883073752  0.21838175585754380  0.22891360448121109
  0.23925017966449424  0.25030146592327485  0.26143879045890955  0.27259523206945951
  0.28399460322554115  0.29541060923733714  0.30660054095886841  0.31784841060943020
  0.33013628854238958  0.34235305240241243  0.35391747288496384  0.36524854524286005
  0.37585308724967159  0.38606726239676648  0.39679974085585090  0.40824663150372881
  0.41984892476433494  0.43244866845925423  0.44436221070957210  0.45666833472464452
  0.46814993764563961  0.47894865742521286  0.48826103601992588  0.49742788754875278
  0.50723976616315114  0.51640457866107903  0.52577124668846609  0.53551338935600523
  0.54547386181081436  0.55643682779086723  0.56968939798679297  0.58391234559637728
  0.59682078638159375  0.60814449374386237  0.61823771390406279  0.62819367394806547
  0.63850482313662515  0.64853864037087749  0.65811244197477414  0.66783405759956549
  0.67780780076057734  0.68752280122624543  0.69683760786626359  0.70642214651184565
  0.71625532374604628  0.72609132538429411  0.73556459461996471  0.74507213898550428
  0.75523276030973907  0.76654016085406829  0.77720938004059870  0.78772023952538794
  0.79863796273944965  0.80904010562688200  0.81878195483686567  0.82769388373406938
  0.83692344068250490  0.84642683526687157  0.85626171467162204  0.86664802807791419
  0.87853748580476998  0.89206152817606343  0.90424720608326303  0.91496713692860465
  0.92507580331696826  0.93529980909872701  0.94520696421151096  0.95481136774759756
  0.96470753568062517  0.97545147085731487  0.98720437545544371  1.00000000000000000
 -0.00268858615011387  0.01089091366135449  0.02203709503603082  0.03339272490575628
  0.04404860711278407  0.05456322819339554  0.06460253771509376  0.07519087725890343
  0.08513393966510992  0.09438128211214206  0.10342242565093013  0.11243018634012646
  0.12201147131075012  0.13170244454167263  0.14063872367794988  0.15051122925412980
  0.16134815881576153  0.17211355033359033  0.18317081263863905  0.19500317166528178
  0.20590520885828817  0.21543377145064901  0.22455536263922307  0.23390594171440590
  0.24453780014757587  0.25576054174382440  0.26770226368083200  0.27991874064191830
  0.29205079066393624  0.30324314505835087  0.31380733978402270  0.32425777338288619
  0.33480773053824797  0.34517621041558799  0.35571346419410560  0.36681161828802555
  0.37889363777239576  0.39079458124947314  0.40181427888561805  0.41199155650794878
  0.42287977389523446  0.43383875504858482  0.44458923632714259  0.45523085760469117
  0.46600998574521935  0.47669220732972833  0.48640454995479099  0.49589762407910010
  0.50483872590653922  0.51382369064919109  0.52312761351117576  0.53244710722913124
  0.54235905045768718  0.55201371029060198  0.56210884975806452  0.57255287546459732
  0.58359456163238776  0.59593331786116488  0.60855542582350231  0.62034261173596794
  0.63213558851520646  0.64368876830416877  0.65453375014377657  0.66533929795794455
  0.67641098038698622  0.68672175340061237  0.69684185623712913  0.70730402326835085
  0.71828697924814233  0.72915672401957565  0.73989383540258336  0.75054494245842662
  0.76119310436010501  0.77152850461366640  0.78075402379680892  0.78970660988898933
  0.79899613106028322  0.80876439751009432  0.81791766510338804  0.82744702187006702
  0.83740579730917419  0.84787089038660535  0.85731199798359670  0.86604412987684765
  0.87534569741954704  0.88459486277214106  0.89347477444876700  0.90206265718556966
  0.91083121742621831  0.92055635595026364  0.93063387382828078  0.94225160727708790
  0.95446841534141302  0.96841699822257610  0.98407729422452905  1.00000000000000000
   1.5290335245108220E-012  -1.0000000000000000     
 T F T F T F T F F F F F F F F F F F F F F F F F F F F F F F F F F F F F F F F F F F F F F F F F T F T F T F T F F F F F F F F F F F F F F F F F F F F F F F F F F F F F F F F F F F F F F F F F F F F F F F F F F F F F F F F F F F F F F F F F F F F F F F F F
  <DiscreteSampler_grid>
  grouped_processes
  1 # 1 for a reference and 2 for a running grid.
  10 # Attribute 'min_bin_probing_points' of the grid.
  1 # Attribute 'grid_mode' of the grid. 1=='default',2=='initialization'
  0.0000000000000000 # Attribute 'small_contrib_threshold' of the grid.
  0.5000000000000000 # Attribute 'damping_power' of the grid.
 # binID   n_entries weight   weight_sqr   abs_weight
    25   10   2.882299445911364E-004   1.613440221627232E-007   2.882299445911364E-004
    28   10   3.180423612337565E-004   2.775448698904412E-007   3.180423612337565E-004
  </DiscreteSampler_grid>
