 -0.00175122361842421  0.00901056684478495  0.01863243370946403  0.02860860133176429
  0.03867606262497500  0.04885579055773741  0.05909612156359870  0.06945486027631038
  0.07987856162326479  0.09041275917583556  0.10100529474916614  0.11170920544272010
  0.12247099179353289  0.13334506144531946  0.14427521730877380  0.15531198530293450
  0.16640159052103415  0.17759003964028752  0.18883113529571358  0.20015209644306584
  0.21152264401385029  0.22297294335823470  0.23449179387781169  0.24607734983061216
  0.25769938332299175  0.26937530872020532  0.28110290458551462  0.29288276328863633
  0.30470892978608227  0.31657486990346695  0.32848436078815041  0.34041700755670284
  0.35237439939663728  0.36434420848612825  0.37631619982358355  0.38828197092808953
  0.40024464034376134  0.41220904997916846  0.42417293456561750  0.43612983159051544
  0.44807379914423079  0.45999593639100106  0.47189419495185364  0.48376079606780753
  0.49558836403244766  0.50736701827304198  0.51910204609941557  0.53079341942427227
  0.54243266043153260  0.55400747893575708  0.56551880468975613  0.57696715323687575
  0.58834483049504616  0.59965212501420140  0.61088317578831974  0.62203980243645129
  0.63311480818748112  0.64411514998625619  0.65503123435606581  0.66587975091382157
  0.67664196635566487  0.68732495431481766  0.69790561745950053  0.70839977185917447
  0.71879950585443453  0.72912858221039900  0.73936391271591029  0.74951715016831855
  0.75956148686694902  0.76952820962506441  0.77939106067585839  0.78917745856600352
  0.79886883311783763  0.80849824439875162  0.81804004069829550  0.82750274262936363
  0.83687344005687647  0.84616349034980398  0.85535743217810223  0.86446184837395978
  0.87349132666226947  0.88243866936906423  0.89131760459456311  0.90011471263353204
  0.90884155236178188  0.91749993087090576  0.92607268661155373  0.93457266904856151
  0.94299611266198247  0.95134217698283663  0.95961703418945044  0.96780655154393502
  0.97592666070060019  0.98399454174546919  0.99200291673727525  1.00000000000000000
 -0.00231252537582487  0.00971449390577656  0.01987426655104712  0.03040794168043403
  0.04090494963763013  0.05143149801791526  0.06199939499284884  0.07258119866300949
  0.08312140654726888  0.09372696813624887  0.10434101544006566  0.11494374810112082
  0.12545816380906749  0.13590501701832780  0.14637186672779531  0.15689137242835258
  0.16739554317195884  0.17793472940092256  0.18841964466657019  0.19900864216397909
  0.20958742586544071  0.22012528431104755  0.23060608069333882  0.24111685314338907
  0.25163415776918202  0.26216407261804997  0.27267047681055523  0.28321097222548758
  0.29371531746090501  0.30428675684405221  0.31485256894087815  0.32544524844687406
  0.33601629714100995  0.34657051264432021  0.35713642110979055  0.36767924489085768
  0.37821163501104255  0.38863403869750623  0.39901181254405726  0.40942993575096531
  0.41991407562141908  0.43040048906108830  0.44087719388930047  0.45144053388109329
  0.46207377489397949  0.47276701373891139  0.48337752417494495  0.49394320373696721
  0.50447591466529307  0.51500937044575446  0.52553508119224623  0.53603289546663968
  0.54658793830681562  0.55713482404162706  0.56770533530439982  0.57827273222572428
  0.58891450713883231  0.59957197561501696  0.61018205236064149  0.62076459973336173
  0.63125843782290769  0.64176710273661541  0.65226257705600255  0.66277865296996286
  0.67324653010364499  0.68372058220210719  0.69424147555589755  0.70478504010536891
  0.71534496448433327  0.72593111698092938  0.73655491858553845  0.74717768429989417
  0.75771270702819948  0.76824601274698268  0.77869936790544292  0.78918521130022767
  0.79969698763568942  0.81024068947412153  0.82082179007724776  0.83135536230777085
  0.84190381416332150  0.85243504415905491  0.86305038153914748  0.87364308972102367
  0.88422123435273869  0.89477836396360522  0.90530786859460954  0.91586638707149892
  0.92631032112282408  0.93677667073948934  0.94727680407884640  0.95780924586809413
  0.96833374723993215  0.97885187962698805  0.98943084279864379  1.00000000000000000
   5.5937004446578793E-008  -1.0000000000000000     
 T F T F F F F F F F F F T F T F F F F F F F F F F F F F F F F F
  <DiscreteSampler_grid>
  grouped_processes
  1 # 1 for a reference and 2 for a running grid.
  10 # Attribute 'min_bin_probing_points' of the grid.
  1 # Attribute 'grid_mode' of the grid. 1=='default',2=='initialization'
  0.0000000000000000 # Attribute 'small_contrib_threshold' of the grid.
  0.5000000000000000 # Attribute 'damping_power' of the grid.
 # binID   n_entries weight   weight_sqr   abs_weight
    10   10   1.302069268436373E+003   1.722473692527137E+006   1.302069268436373E+003
  </DiscreteSampler_grid>
