 -0.00000264343874145  0.00011356248913563  0.00047624899430837  0.00099594476319633
  0.00160005567857499  0.00230634162183978  0.00311898529427555  0.00399987019282938
  0.00491789568902999  0.00588258295953121  0.00690151898457236  0.00794468110819317
  0.00902585133811984  0.01013661972472065  0.01124565452145348  0.01237023700618729
  0.01348684308764283  0.01461815940485192  0.01579359895284101  0.01698837548116625
  0.01814866111127076  0.01929991023675966  0.02048713145925220  0.02168531960143988
  0.02285314025897126  0.02400847511292893  0.02515858013464638  0.02633714500746232
  0.02759218658908563  0.02888457906185860  0.03016241626826238  0.03146256352529761
  0.03274510565230328  0.03400242408366546  0.03528468714901895  0.03659321428934333
  0.03788872237398023  0.03920916865714100  0.04056594226504184  0.04191753768630851
  0.04326302765937874  0.04461750772977758  0.04599882117624083  0.04741583779443326
  0.04886751640479087  0.05033155286382394  0.05179729343913388  0.05327564364584803
  0.05478342916035525  0.05632010108974903  0.05785401740818083  0.05938820029028483
  0.06094006539913535  0.06249470241865631  0.06407773642440907  0.06566643338657357
  0.06725421758414130  0.06884430011581634  0.07043402316140923  0.07202793700646903
  0.07364252922569219  0.07528762271371324  0.07695748984477652  0.07869099278629253
  0.08042520060993640  0.08224539284164682  0.08411690570758251  0.08599679351641082
  0.08786497895091244  0.08974197748526863  0.09166628473656610  0.09366282661193144
  0.09571837430453688  0.09781403049107061  0.09997560306740896  0.10204123705528963
  0.10423746694961755  0.10648023744752341  0.10880667168593598  0.11128345846519117
  0.11383972666232908  0.11642610297362810  0.11913176243715826  0.12193269513428419
  0.12488836600307887  0.12810473530337674  0.13154260779627897  0.13508029007552960
  0.13838539901750987  0.14328250912829379  0.14896745645284409  0.15546141955109918
  0.16385470403888386  0.17722135242882450  0.19530650069139460  1.00000000000000000
  0.00907801093995365  0.01721040386310213  0.02794255984477127  0.03946772344861826
  0.05037051976600197  0.06150327756915282  0.07199297647689022  0.08258347283648797
  0.09330491338659493  0.10403246506628169  0.11386134313079366  0.12374943975062105
  0.13431595473825342  0.14496561253359988  0.15521168382198586  0.16514109905173979
  0.17563373600966573  0.18636696016011375  0.19676577276287432  0.20698616070440198
  0.21730801560622712  0.22764895800253201  0.23818405457942401  0.24870565629131305
  0.25939119456198600  0.27024081846501202  0.28136126334805417  0.29215817684674478
  0.30230997476759319  0.31239749616314361  0.32280863128411569  0.33330304495853219
  0.34353292526789048  0.35301262442067832  0.36301951227276563  0.37274676322661038
  0.38336508493064692  0.39447017196144990  0.40595656500885036  0.41687271595337821
  0.42762518364632091  0.43817725058234303  0.44926509074264498  0.46016097858295768
  0.47078473699203505  0.48062070635435322  0.49038568216329192  0.50049965970707733
  0.51135573935862433  0.52226905177143912  0.53366840129785886  0.54461919447758489
  0.55561257862967206  0.56656270170883405  0.57784810602561509  0.58835077040812067
  0.59866311151864704  0.60854568512041929  0.61860031535183280  0.62828877969691366
  0.63851574062801830  0.64824169359929273  0.65877972077926916  0.66858187550383785
  0.67956840329253299  0.69007942546117484  0.70265878691591033  0.71384731697993531
  0.72445404329534524  0.73508999796708652  0.74551928007414558  0.75559614892195714
  0.76531802187420717  0.77589347932114006  0.78700730977705569  0.79783873981958930
  0.80850719727508558  0.81883641076983360  0.82904457080750049  0.83897208290725900
  0.84887670647864111  0.85864977913315299  0.86861403386350466  0.87888878605642939
  0.88967823004963209  0.90010651946182263  0.91034433023947314  0.92084636824475619
  0.93152745235292644  0.94227467936919929  0.95274023902168536  0.96314471572482796
  0.97285957298440595  0.98285670993031127  0.99091509929290311  1.00000000000000000
 -0.00238190343575038  0.00948016027583271  0.02008934636786575  0.02855322329330855
  0.03776783876114134  0.04696101089579344  0.05654586084003730  0.06621593207425723
  0.07598225032805027  0.08601406459444796  0.09655382673539145  0.10692158681356091
  0.11715619937018459  0.12756563588495429  0.13836243797179060  0.14941601975028201
  0.16081427172030063  0.17224714670182573  0.18346490269655197  0.19445004614583350
  0.20551256819564126  0.21660283931800658  0.22747236000063956  0.23793255515301515
  0.24818918794483003  0.25868571195257656  0.26966880813132527  0.28055473521444829
  0.29099493531852338  0.30109194382710658  0.31107897203984491  0.32115888935624542
  0.33112857718095839  0.34086090238312522  0.35064862444762390  0.36083583257940699
  0.37133485154381651  0.38181494414427031  0.39254696740125306  0.40389391634404570
  0.41572539169950307  0.42657990245411509  0.43734809392102886  0.44744179402322293
  0.45786387113560051  0.46842732597120346  0.47890148155670142  0.48914460595169551
  0.49945539704535213  0.51017411997696294  0.52101758992446912  0.53153217978193501
  0.54181415618166151  0.55191933466713972  0.56212049756152671  0.57268036321741589
  0.58331719741693866  0.59384461934153965  0.60421163294891911  0.61483097701262435
  0.62543649390857781  0.63579813942668195  0.64599208010579134  0.65600325251183389
  0.66565138795331436  0.67532661469169641  0.68521045624919752  0.69560662161571107
  0.70635838129412787  0.71750459974574521  0.72856441922271475  0.73923526475887291
  0.74988254381609842  0.76074304709806162  0.77154576926182683  0.78233129633129561
  0.79297396716348789  0.80409547867012732  0.81562303484540899  0.82713645376109024
  0.83842107989416259  0.84923948204736854  0.86001308264354503  0.87096079956679062
  0.88228642963139370  0.89352593696435467  0.90447879499546746  0.91526637180104786
  0.92609294139229759  0.93659238440348891  0.94704084928813137  0.95713723552187224
  0.96776369850542998  0.97844474551857619  0.98921872091785013  1.00000000000000000
 -0.00244283735069256  0.00990631369757810  0.01998689125132363  0.03014143666812103
  0.04024533641028430  0.05036227490107499  0.06086109670897855  0.07151344331531097
  0.08166134453132867  0.09185283012255779  0.10214475181425431  0.11311509839850058
  0.12394726968778863  0.13440723364976831  0.14481141465995123  0.15486926403442858
  0.16491170556933268  0.17468380880620274  0.18470771530667576  0.19470675081538441
  0.20490356236410573  0.21540651267419639  0.22597086133590594  0.23643389869996628
  0.24690479455348438  0.25740518478265662  0.26811551008748030  0.27910130499779906
  0.29027401786841600  0.30134375736154378  0.31244001739663568  0.32365114987078242
  0.33504488919127923  0.34604722181332415  0.35681820994722563  0.36697042625954396
  0.37674508299323251  0.38649559370981990  0.39634076207977442  0.40676838258484904
  0.41648975320635057  0.42715152524252670  0.43763849538240268  0.44883505265701140
  0.45992091953406605  0.47069402790355558  0.48111623452950875  0.49139541451627672
  0.50194690731261105  0.51240149796134771  0.52290271455332460  0.53312891837591825
  0.54372157035424706  0.55475394137518053  0.56653278203012036  0.57847025423269038
  0.59010141873107824  0.60155637734102896  0.61293138924277091  0.62412564012605187
  0.63504116778279451  0.64566534670141018  0.65615197113715062  0.66676347806755909
  0.67783003124607077  0.68900094760331165  0.70015239252803829  0.71089800538537173
  0.72126295208616797  0.73119551292880469  0.74091968753068060  0.75068252209390174
  0.76020166236781173  0.77001962661077850  0.78018038248412858  0.78985886981695574
  0.79949870591264049  0.80950842507077325  0.82055474771242465  0.83218520354470704
  0.84320389796653117  0.85395908251799479  0.86434938603497558  0.87471949515455205
  0.88416889207085991  0.89440253170922368  0.90493391877699925  0.91555454812812920
  0.92577243823360889  0.93632146129622973  0.94718042539915348  0.95867138421734521
  0.96961253677056114  0.98011999674081884  0.99016993759542082  1.00000000000000000
 -0.00226741816123056  0.00917837682557821  0.01919415268597888  0.02945962371263519
  0.03941615544988740  0.04936874745580259  0.05912719711343473  0.06923269045184063
  0.07967946798477593  0.09075319322105907  0.10237508921677958  0.11295437672146749
  0.12358511754168441  0.13376983425359801  0.14396888985645342  0.15415454691389530
  0.16467288511256270  0.17539782261308956  0.18636112884560532  0.19741636552787484
  0.20819067458221410  0.21858980294426317  0.22895578619384918  0.23898335504603524
  0.24871360287222993  0.25873359011706243  0.26926443607757394  0.27969326820688545
  0.28963360417887535  0.29981164010447253  0.31006842221664849  0.32066058869204889
  0.33093193740969290  0.34196790084199641  0.35262400370870306  0.36301928317061694
  0.37342458283519342  0.38468001144164859  0.39631190867981692  0.40782347645522854
  0.41881600838011035  0.42940976859223712  0.44008254941964225  0.45042087703855493
  0.46071916378547623  0.47099271343034405  0.48145250906934312  0.49220322569889546
  0.50323650705392087  0.51458325487967083  0.52544612455387285  0.53596325611203510
  0.54645523049305400  0.55707051510297922  0.56743881677471819  0.57771249973276662
  0.58813417013657043  0.59882829065624876  0.60984533868582880  0.62130395724126453
  0.63188741362812972  0.64245531742487705  0.65308126817446899  0.66397545262751645
  0.67454754544518758  0.68484324777559169  0.69502118253008349  0.70497961319345803
  0.71512249282843976  0.72537145007450932  0.73613262138794910  0.74687784323052897
  0.75716943120782731  0.76732293206519520  0.77741420177567022  0.78768279233699834
  0.79809467478308405  0.80871197318552990  0.81938926667748557  0.83079075886095521
  0.84154614539236161  0.85246855355440232  0.86296636318107134  0.87374303811785736
  0.88395598799344699  0.89438039601398667  0.90531003550858025  0.91627447198235090
  0.92683266419864696  0.93755225866955083  0.94888742204814391  0.95983238300760010
  0.97014999641623689  0.98046323184761974  0.99017117432315183  1.00000000000000000
 -0.00203967182231326  0.00875042906075653  0.01792636296260460  0.02777212313720578
  0.03744970945603199  0.04738451804413518  0.05784854186663320  0.06819846103136540
  0.07846592936588380  0.08855435837456388  0.09860915655287855  0.10903480000386687
  0.11941956603608905  0.12957396255958734  0.13922256883275752  0.14917823666339128
  0.15925134472805638  0.16937689781918752  0.18000250491034792  0.19088197098670853
  0.20243341803767170  0.21358449421459522  0.22486825069547889  0.23594929596738548
  0.24704772360993263  0.25775933700061715  0.26844414914028536  0.27868143624888869
  0.28940849520199713  0.29962620972916387  0.30999210488371481  0.32058713863714416
  0.33116463531150014  0.34201584111719857  0.35316552706859505  0.36436328590499328
  0.37558679554624441  0.38653268669094709  0.39745809895003542  0.40818282238462239
  0.41870763248797194  0.42931106318007156  0.43978991853088545  0.45100402637359693
  0.46242889854372859  0.47413720511879109  0.48583844026732398  0.49721654463451403
  0.50780677482645742  0.51803882491259901  0.52853162585015923  0.53911655560904759
  0.54926181275130526  0.55912432579136762  0.56952366150654998  0.58031577478965979
  0.59085763317307005  0.60118094289331192  0.61210338132777820  0.62351359118923866
  0.63480443034251610  0.64585161757511800  0.65650817969720920  0.66672178090162215
  0.67653396887856510  0.68638939594686610  0.69650281905523093  0.70686291079794805
  0.71745114156046541  0.72796524706337418  0.73837433962165366  0.74888023063745557
  0.75963438133297534  0.77068516227809225  0.78143460740855775  0.79216684080107036
  0.80276887796349761  0.81332667011184545  0.82364628838605514  0.83402857763854621
  0.84420464575968068  0.85448131252113801  0.86487436545529817  0.87531748192563708
  0.88622142348148636  0.89731344943452196  0.90869689073487492  0.91956276701732420
  0.92983724939766055  0.94013579527928193  0.94969118853820611  0.95918427115130123
  0.96863840976430005  0.97859686742585161  0.98953919523454914  1.00000000000000000
 -0.00201327440944093  0.00751080938586985  0.01544405220104380  0.02413690140976386
  0.03317804552201835  0.04216929880785784  0.05106636499778792  0.05980995726333264
  0.06874860772116088  0.07796902877639854  0.08723897539808299  0.09652463869765068
  0.10587708133856778  0.11550391258059189  0.12547344845353134  0.13577144661681409
  0.14623527533528935  0.15676707380438057  0.16748503084988769  0.17832226800869855
  0.18916643023838953  0.19996361022853887  0.21089702320862957  0.22242202125612895
  0.23411509823253687  0.24570588289718592  0.25734231759134152  0.26887790896008212
  0.28013712565841653  0.29112420081967827  0.30212122780287248  0.31281646899598309
  0.32293274965216096  0.33325037418407422  0.34423832322953402  0.35539081695416197
  0.36624487033797015  0.37720603861131025  0.38874917959349647  0.40059525626554604
  0.41217664876305382  0.42358798999625114  0.43477524425038339  0.44629485845997763
  0.45816692704041106  0.47055452181648177  0.48299000536176440  0.49485611077622110
  0.50703991982665031  0.51920717194944910  0.53074129657360070  0.54222677788315887
  0.55446616436420093  0.56692804707160194  0.57900412688761049  0.59149609448091478
  0.60405717390859581  0.61655307192007847  0.62901543096357915  0.64142609061103606
  0.65321823900443077  0.66462728243991209  0.67600880871662894  0.68708105848593970
  0.69771076096611817  0.70863846212693049  0.72014266594487752  0.73164008668500025
  0.74240715370308930  0.75320642061709753  0.76409668219403637  0.77502677992688285
  0.78578511394694306  0.79606067783746348  0.80632309850142903  0.81642870184870142
  0.82698030253169075  0.83729329294815213  0.84762176924948429  0.85791448087054878
  0.86792160527925344  0.87768174747842420  0.88720170347848282  0.89670244521237363
  0.90632008259503960  0.91609415536348937  0.92609387416487776  0.93590876561972902
  0.94495455026042485  0.95301614747723717  0.96112498238220234  0.96909073509619170
  0.97700176115356951  0.98456969639700720  0.99225570042150824  1.00000000000000000
 -0.00214084077120291  0.00883856563701872  0.01835530646914175  0.02842672901706289
  0.03898190186690610  0.04966648880777889  0.06056876626120365  0.07115509740917181
  0.08192690031579263  0.09266933904464685  0.10317467803691721  0.11384899580317229
  0.12473207582860021  0.13531171133261347  0.14535846332242225  0.15529193031908672
  0.16546124564456563  0.17575477835942946  0.18567803040215630  0.19522459686344645
  0.20509246208705659  0.21527200881840958  0.22552558310613061  0.23575593792858102
  0.24610027580107302  0.25647310302613879  0.26685284147467331  0.27717523934202115
  0.28756919247667312  0.29809108898023740  0.30863982247016736  0.31917072443511763
  0.32965074336971195  0.34023362639011079  0.35082362272559453  0.36116609690459173
  0.37130241226240479  0.38144037440912965  0.39143684703895898  0.40133380246608408
  0.41140048228615694  0.42205257476763319  0.43307254877098955  0.44388057617316140
  0.45433793501598735  0.46476493976817573  0.47535175848813321  0.48595665486335504
  0.49647401143977837  0.50694006872781960  0.51745312350492667  0.52789470314592446
  0.53799231012862669  0.54790787735530766  0.55789945001248542  0.56817800374809357
  0.57860871260733049  0.58900028096923451  0.59946315282835616  0.61003060212169069
  0.62056330046572050  0.63080469362984903  0.64074092184072207  0.65079748772947388
  0.66111711541813978  0.67179843603230116  0.68294877796380093  0.69439153085498051
  0.70562259560047214  0.71654293780857925  0.72734958969078034  0.73812020723867855
  0.74885876943750740  0.75931495633017554  0.76968562163925758  0.78017417646688725
  0.79068630482328306  0.80107203392017667  0.81178470636487265  0.82297019018739193
  0.83415773821058470  0.84510498557977376  0.85590938708599740  0.86663336677054392
  0.87719945070683281  0.88770234884432586  0.89826383618288419  0.90885744118942369
  0.91959775277546030  0.93061211831936330  0.94181066324321294  0.95309397139951002
  0.96446345851327031  0.97607398242395005  0.98768216692794308  1.00000000000000000
   7.1458008448388923E-010  -1.0000000000000000     
 T F T F T F T F F F F F F F F F F F F F F F F F F F F F F F F F F F F F F F F F F F F F F F F F T F T F T F T F F F F F F F F F F F F F F F F F F F F F F F F F F F F F F F F F F F F F F F F F F F F F F F F F F F F F F F F F F F F F F F F F F F F F F F F F
  <DiscreteSampler_grid>
  grouped_processes
  1 # 1 for a reference and 2 for a running grid.
  10 # Attribute 'min_bin_probing_points' of the grid.
  1 # Attribute 'grid_mode' of the grid. 1=='default',2=='initialization'
  0.0000000000000000 # Attribute 'small_contrib_threshold' of the grid.
  0.5000000000000000 # Attribute 'damping_power' of the grid.
 # binID   n_entries weight   weight_sqr   abs_weight
    19   10   5.459907025437285E-002   6.542375879267606E-003   5.459907025437285E-002
    25   10   1.325305793595816E-001   3.202738124999108E-002   1.325305793595816E-001
    37   10   1.513804765658173E-001   4.706569881484314E-002   1.513804765658173E-001
    43   10   5.097920715083264E-002   5.804372623778901E-003   5.097920715083264E-002
  </DiscreteSampler_grid>
