 -0.00188147705181082  0.00679515371087338  0.01468285963822324  0.02264986527256825
  0.03077726082131976  0.03898011120132966  0.04725443008877560  0.05560190910169443
  0.06402438582347149  0.07252926865437491  0.08110161862269402  0.08975298721351929
  0.09847927945099619  0.10727449023531729  0.11615622539407490  0.12510316314092287
  0.13413764079328419  0.14324392481934795  0.15243703933390959  0.16171274068448668
  0.17106630456503094  0.18051418741060432  0.19004167495493735  0.19966972941468708
  0.20937221567855402  0.21917616367372558  0.22905202166960845  0.23902230107920802
  0.24906376272620825  0.25920502841861731  0.26943208048834799  0.27975785679750687
  0.29016793363074811  0.30067281231153736  0.31124952633902236  0.32191668625552533
  0.33266204227225538  0.34350741762040854  0.35442247596205906  0.36541724781552815
  0.37648085257347552  0.38763191350049742  0.39885849794270545  0.41016644820358106
  0.42154679470293233  0.43300223448091002  0.44451520772814790  0.45607698630115401
  0.46768018196738242  0.47933180140888765  0.49104168599085407  0.50281207282541329
  0.51464051244622078  0.52650246411437962  0.53839203537428149  0.55030237640667745
  0.56224256166967934  0.57421083369053094  0.58619860953841285  0.59819159820313250
  0.61018445004485278  0.62217211783018056  0.63415330845642837  0.64612193898011849
  0.65808038883928188  0.67002034445008418  0.68193345137577854  0.69380897043022993
  0.70564749472597887  0.71743953762445012  0.72918634371731439  0.74088550901410410
  0.75253652975992846  0.76413419903734103  0.77566057196342564  0.78713056595447206
  0.79852410384867878  0.80987496834983008  0.82111897191455752  0.83231649463833990
  0.84339687319845846  0.85443850929854048  0.86535976224562960  0.87623926055842793
  0.88701064590755019  0.89772839731016707  0.90832778481862375  0.91887200621212517
  0.92930429704865947  0.93968381425776359  0.94994396222955357  0.96013970910988367
  0.97019751596412329  0.98020058655522080  0.99011076464767089  1.00000000000000000
 -0.00240986666280634  0.00991876666540819  0.02022817561836305  0.03085437467097922
  0.04146358700427386  0.05200781204266103  0.06257796396984068  0.07323527416458560
  0.08387801336367927  0.09440618755581692  0.10490863583574250  0.11542025019911191
  0.12593027216403024  0.13644998392104726  0.14698331515499496  0.15752462094339931
  0.16807723126113319  0.17865820605484653  0.18920747927534801  0.19970781173570479
  0.21023960053006749  0.22083421646895679  0.23144583173661093  0.24208610060521918
  0.25271168127011423  0.26327923510000290  0.27384188206590299  0.28434767528825949
  0.29485938524871080  0.30527936048507653  0.31576414905457101  0.32621301950564158
  0.33666135488668175  0.34709466454480487  0.35758507861280292  0.36813811925793372
  0.37864365943676126  0.38910820790486567  0.39960996375617258  0.41017704633022484
  0.42078824623960120  0.43141997555184525  0.44199062314500204  0.45255765140764170
  0.46302764545529229  0.47354643950292569  0.48404846496125054  0.49451632360062719
  0.50501545531018621  0.51555327083129832  0.52612343214118285  0.53671860817724126
  0.54735584783855662  0.55796388111846151  0.56851163199712662  0.57904686374708458
  0.58964335547637481  0.60020998692897165  0.61070446916641585  0.62121532578210414
  0.63166412193399391  0.64208412848347607  0.65250742898599756  0.66290342643991762
  0.67335045700857310  0.68374161430731273  0.69427954777285517  0.70481668376901285
  0.71534876109665080  0.72584958768700747  0.73639482970049908  0.74701914906696787
  0.75763159903683730  0.76825383129212510  0.77883755808108601  0.78947312775539613
  0.79997569659295287  0.81047542208165901  0.82098991971819291  0.83159726690157110
  0.84218098340926884  0.85279708373046093  0.86338084792042791  0.87397530095661158
  0.88449912571122136  0.89505032891665248  0.90559517455386418  0.91613422108554854
  0.92661890011467207  0.93711416370009626  0.94766885990403849  0.95816525945553321
  0.96856990938283505  0.97901229192273043  0.98951742790605934  1.00000000000000000
   5.5939693222486413E-008  -1.0000000000000000     
 T F T F F F F F F F F F T F T F F F F F F F F F F F F F F F F F
  <DiscreteSampler_grid>
  grouped_processes
  1 # 1 for a reference and 2 for a running grid.
  10 # Attribute 'min_bin_probing_points' of the grid.
  1 # Attribute 'grid_mode' of the grid. 1=='default',2=='initialization'
  0.0000000000000000 # Attribute 'small_contrib_threshold' of the grid.
  0.5000000000000000 # Attribute 'damping_power' of the grid.
 # binID   n_entries weight   weight_sqr   abs_weight
    10   10   1.372486616864608E+003   1.953157728050111E+006   1.372486616864608E+003
  </DiscreteSampler_grid>
