 -0.00000000571417928  0.00000286013957196  0.00002042509035179  0.00005737313811327
  0.00011620127721097  0.00019212131163652  0.00028076448341640  0.00038612558683397
  0.00051166590760002  0.00065438013858773  0.00080538408515213  0.00096239406163659
  0.00112844582867256  0.00130900467391587  0.00150209811822572  0.00169933981321475
  0.00190417962377960  0.00211341220182087  0.00232420850911268  0.00254690996615944
  0.00276126485465180  0.00298607717848438  0.00321229503721181  0.00344150749004296
  0.00368051431502125  0.00393043784561182  0.00418617345588521  0.00443934369220658
  0.00468881437552893  0.00494378363495341  0.00523082281498119  0.00552282707931495
  0.00581174792814965  0.00609610066138694  0.00637975769113200  0.00667565268438428
  0.00698476443125791  0.00729621277089593  0.00760813940845851  0.00791650500121236
  0.00822090030167385  0.00854485386639778  0.00888613586419354  0.00922571515348929
  0.00956148926030670  0.00990128261908392  0.01024681779886022  0.01059869750289536
  0.01095344812023033  0.01132803169327473  0.01170553090699029  0.01208230208740278
  0.01245464117009524  0.01282172688248068  0.01318999505257465  0.01356431904765423
  0.01393770940848654  0.01432479104333137  0.01474733437351765  0.01519591395827377
  0.01563197027635126  0.01606537645341896  0.01649914185965122  0.01694024468599088
  0.01738304417159750  0.01782516621047620  0.01827268332853069  0.01873857127056154
  0.01924177461488316  0.01975142724768926  0.02026591188143496  0.02078660990396904
  0.02131910486457783  0.02187055998996390  0.02243669282361091  0.02301497801149380
  0.02358490308476608  0.02415161297081290  0.02474674634635883  0.02541135268610839
  0.02612189933205388  0.02684816543467707  0.02760251515706737  0.02839179485473541
  0.02922051260238260  0.03009309152143174  0.03101022189384557  0.03196837748153804
  0.03332135071567858  0.03482005392575899  0.03644262950372112  0.03827603375728950
  0.04063891863360821  0.04482591329287701  0.04852482711452041  1.00000000000000000
  0.00976055402372842  0.01511611046861071  0.02333827436872471  0.03277816496220601
  0.04217332229278827  0.05136704621976297  0.06065553758575445  0.07023115445425693
  0.07992780997737745  0.08948647873764681  0.09921478350106820  0.10902777706078801
  0.11910033196950190  0.12929508935716583  0.13992692746172095  0.15041816233978075
  0.16094070057865084  0.17175717865820761  0.18346994600848771  0.19487750530042650
  0.20651861141310171  0.21665769046665820  0.22741204591821165  0.23834925048072719
  0.24964323566905713  0.25983037821780136  0.26983276405975731  0.28038333244071789
  0.29104404937963635  0.30179867537348765  0.31243600593795889  0.32271355261303003
  0.33262055758739506  0.34223120826115272  0.35192878066286865  0.36159358661184593
  0.37117037151193455  0.38099847246720647  0.39145530878525181  0.40191387441108184
  0.41257778067415984  0.42329278144276472  0.43367161164464019  0.44396977154380862
  0.45447353057870649  0.46500459651272052  0.47547907023302416  0.48586962239571041
  0.49658816570695036  0.50699908291661078  0.51692510015946469  0.52724715539588496
  0.53834716184214348  0.54974875146727398  0.56126027625845798  0.57217511845050373
  0.58308155072725631  0.59403847088567641  0.60524152194175374  0.61699885537837607
  0.62912118428083319  0.64174862322610804  0.65370977378927864  0.66559055667904432
  0.67665452218534927  0.68739990827912145  0.69821670784451950  0.70934395862447763
  0.72087350455250954  0.73291842814589236  0.74527550518287888  0.75767146112480444
  0.76973098571636411  0.78107358277679440  0.79188878675161389  0.80227544624046221
  0.81250267737193282  0.82268142700436375  0.83251934582436005  0.84225212338747513
  0.85163190680889400  0.86128830296787684  0.87078068982957124  0.88161174240064066
  0.89303888970584933  0.90461843460013169  0.91549974390434408  0.92555651197363298
  0.93552480480067157  0.94544360286323648  0.95498305053772381  0.96448807874673392
  0.97322233916516954  0.98232580091786548  0.99081082402811538  1.00000000000000000
 -0.00251509969171097  0.01021152526945776  0.02179501822083250  0.03254280769409570
  0.04317868444762198  0.05362580832228159  0.06386811000666125  0.07323112575532469
  0.08284740524339844  0.09233021445756469  0.10233842814349894  0.11295845349766621
  0.12411657740324415  0.13571338438643726  0.14636743728115553  0.15633107755088546
  0.16614622551877831  0.17630426929721693  0.18729102068646628  0.19793584638895598
  0.20864143881916017  0.21969176280831063  0.23106638594571358  0.24259350756012293
  0.25411765558823485  0.26551303238346008  0.27626839427230065  0.28698697556662128
  0.29792674731440644  0.30905851696049919  0.31995743804880311  0.33108100990070360
  0.34279544052062716  0.35471400851663998  0.36611018328153294  0.37716628948956638
  0.38809129434247985  0.39857022967771583  0.40881538008508694  0.41946905583882860
  0.43049126901839241  0.44144377530623313  0.45221431992908129  0.46280586916368394
  0.47321713078420052  0.48345915717773119  0.49346202063968314  0.50309989087590457
  0.51241062139654436  0.52211367677543674  0.53180943474314413  0.54133560860851382
  0.55137749375897438  0.56217925038147198  0.57353568613371120  0.58503104807483663
  0.59621962936566231  0.60744985814198982  0.61862654869940437  0.63010801627341850
  0.64190217883491296  0.65333371029230836  0.66419760774972436  0.67459154136545219
  0.68490816579017078  0.69521176905169368  0.70566540545777900  0.71629872071399248
  0.72675194974691970  0.73709093660347080  0.74734335723233802  0.75728812005720403
  0.76711559676184382  0.77702712770058513  0.78722173840180965  0.79725394947059991
  0.80668371468660183  0.81666670347558801  0.82691279229777637  0.83681693806706969
  0.84667569711515989  0.85729252843228287  0.86918814363611141  0.88065671922480593
  0.89094879875626343  0.90134360763371724  0.91140922070748442  0.92160375400852657
  0.93182778579634173  0.94230613533437335  0.95274114048518044  0.96253936217721314
  0.97181383027584811  0.98083537374113094  0.99018681477127735  1.00000000000000000
 -0.00268673764608155  0.01035524106584752  0.02154293454423120  0.03328737056953357
  0.04553470649485312  0.05822304261246700  0.07138053337666915  0.08415112348130714
  0.09628549370434311  0.10799940029839517  0.11928293873703161  0.13002083988529120
  0.14012365731320048  0.15016908892397926  0.16056693970999525  0.17135338719395130
  0.18223920297144802  0.19321020253180640  0.20416972594596713  0.21456316956490779
  0.22449373166408271  0.23444801980688706  0.24412911700764997  0.25337124274827627
  0.26211248837480261  0.27152447823815279  0.28234943700246529  0.29415964797137228
  0.30597633978764377  0.31691441995134068  0.32736544789726701  0.33826010698183762
  0.34945390627160811  0.36038233028831279  0.37109978546008709  0.38253735075871526
  0.39415344153357262  0.40519652220553376  0.41570394921657494  0.42582777315185377
  0.43564066689504671  0.44507875190469215  0.45478982270648222  0.46423810732875903
  0.47333544937518712  0.48240870571551864  0.49130481379313873  0.50023197764061478
  0.50973843270438324  0.52001872150928230  0.53069270612113817  0.54134811528079974
  0.55197413618368318  0.56236521431400410  0.57236928291682798  0.58266526968243137
  0.59358038386879619  0.60456147517858427  0.61479539173444797  0.62533094657705834
  0.63639831300457284  0.64709864830712882  0.65662734175348070  0.66660683009492749
  0.67705791898306522  0.68772900603867515  0.69830320678871327  0.70899560946675466
  0.72002322865734858  0.73117793215641369  0.74380504032840156  0.75603824382757867
  0.76881805956438276  0.77968635971173306  0.79005669357844555  0.80043086053431822
  0.81059364495805053  0.82046795042299414  0.83027733253430425  0.84030381030444368
  0.85048673624306226  0.86032901107534310  0.87000972057750503  0.87974574807621853
  0.88963486962774230  0.89927806979588065  0.90859628174981855  0.91792907639569155
  0.92714438369152519  0.93677786104307403  0.94689651858264623  0.95709820768842613
  0.96732333345005050  0.97778088610953551  0.98869562538566891  1.00000000000000000
 -0.00235273449858901  0.01026884533804632  0.02079604260428801  0.03106931495933251
  0.04129987659016471  0.05185917439825032  0.06278405957664597  0.07289547497969874
  0.08344995135417750  0.09343075613917581  0.10301784301407887  0.11232381506589539
  0.12165683776001977  0.13161457161172369  0.14232197138632241  0.15363243171048338
  0.16591449120982207  0.17738736501700805  0.18876523564634357  0.20051046424739455
  0.21233646351952304  0.22360625247456503  0.23489774631103238  0.24579920177691417
  0.25707349743590019  0.26764290690323433  0.27765397238478817  0.28758485997066402
  0.29754509938969403  0.30769063751487719  0.31778940302994130  0.32779963658657929
  0.33785557081427942  0.34817727561270584  0.35860709440080146  0.36945074521128707
  0.38002984135631646  0.39060511663913194  0.40095692423790330  0.41135971389021814
  0.42228180313002367  0.43292975698434244  0.44301910810791606  0.45286116310556312
  0.46278224347551122  0.47290306689107564  0.48314339004234458  0.49320430438342810
  0.50388425298342099  0.51506991547728209  0.52652894492365487  0.53790876675818089
  0.54947319371533154  0.56097671488209966  0.57239599026816612  0.58345406497548635
  0.59407632904907681  0.60467470444659488  0.61564081804612036  0.62676420916146602
  0.63758625623704401  0.64854676493354635  0.65984735568918895  0.67180813601298905
  0.68350284698184283  0.69465406590603085  0.70507995855770078  0.71527355794889302
  0.72546765424955129  0.73586757798327596  0.74651779757257686  0.75643544296310949
  0.76583625250064791  0.77516915415123888  0.78442462731303830  0.79363823283250190
  0.80261133582266353  0.81175689001649509  0.82114340166597655  0.83021438374605738
  0.83964621020111685  0.84898501264426929  0.85882258748667273  0.86874907138502877
  0.87921602325958526  0.89009107103497020  0.90068456918722140  0.91126071471185910
  0.92130290991626473  0.93175372443059290  0.94348830581351295  0.95667935705063700
  0.96769934352628550  0.97835604005151044  0.98922233718282893  1.00000000000000000
 -0.00250912842430401  0.01022712909541953  0.02042791792658259  0.03121790725043574
  0.04188550060777899  0.05298074886386246  0.06434290545085106  0.07589403413431248
  0.08690737232830080  0.09756974837099830  0.10831992109027841  0.11914911366094404
  0.12953554202216294  0.13936898430235720  0.14916100759082346  0.15886956134109179
  0.16875831699743560  0.17863132380007618  0.18858603566910520  0.19822632765258008
  0.20758579309595068  0.21719077951024493  0.22698985705712268  0.23713820658817511
  0.24750387021846995  0.25861171875462330  0.26949681253256835  0.27995091446590192
  0.29040071745679363  0.30129912715351925  0.31237254276071125  0.32335798539530741
  0.33433565639570972  0.34472164283095735  0.35522130162997878  0.36518707227265679
  0.37508141301112685  0.38454888796534542  0.39407641567956031  0.40386099858679297
  0.41376127059947654  0.42396385947776938  0.43475660723734705  0.44584533357013073
  0.45685817862880879  0.46771003383575205  0.47833669947871782  0.48882194893291769
  0.49957587488334515  0.51060218588275941  0.52112711979734661  0.53093844124038669
  0.54065254766735926  0.55057717130111083  0.56052418662459191  0.57053100425771652
  0.58073489502246300  0.59085523532502460  0.60073481995166800  0.61070809045143182
  0.62051703303373595  0.63006675310509841  0.63951423021198239  0.64943307149918228
  0.65981863158793386  0.66983267077003672  0.67949915100839808  0.68908079378553855
  0.69875448609847035  0.70836949498376012  0.71807081811791373  0.72783366920985770
  0.73780982491638980  0.74818241044081024  0.75918018638645590  0.77030241326937554
  0.78103665834035652  0.79151890221937482  0.80191534112463603  0.81223879507377073
  0.82257996014797186  0.83332960291685321  0.84471237186737735  0.85642480129208154
  0.86819905704524303  0.87987123641601239  0.89157280271581274  0.90380356710485610
  0.91687724612900512  0.93026197342290895  0.94334047312605085  0.95557288911935079
  0.96679105574086543  0.97819957573853566  0.98920831477086557  1.00000000000000000
 -0.00141632896256715  0.00664354775728918  0.01405927717050350  0.02214134826020173
  0.03077948351231248  0.03947690546839575  0.04779650607469529  0.05567076406756299
  0.06348663878525558  0.07138421006994697  0.07933863205414819  0.08720414426859628
  0.09502072396796045  0.10322394301094996  0.11189214645851062  0.12074827555770923
  0.12923126919447142  0.13771572104398047  0.14643637276376492  0.15560410696189128
  0.16481991323299144  0.17371484823375585  0.18255518066276849  0.19205522391163241
  0.20286626239665620  0.21393814992788809  0.22523572198846656  0.23616949826071759
  0.24689995533686485  0.25765228764820891  0.26818140226796139  0.27853983968554241
  0.28883120113688548  0.29930958926403783  0.30977558402980393  0.32051532294322388
  0.33152522253758848  0.34254499191455223  0.35345326349400602  0.36472755515403144
  0.37602998011858962  0.38692635018441768  0.39808198191649291  0.40986369072265399
  0.42175318567616199  0.43367183326803049  0.44611001724865573  0.45937478082618877
  0.47228316937515485  0.48497151109325259  0.49750044098100665  0.50972148143011020
  0.52193202283865248  0.53338892389385451  0.54528531186575135  0.55729169332874429
  0.56958534229321223  0.58273828032072750  0.59629619652337729  0.60991398701284250
  0.62329796302023710  0.63634164119266812  0.64905717401729968  0.66140266430147365
  0.67374387125407631  0.68599711320461765  0.69738681973894867  0.70841785716882077
  0.71960977147659455  0.73098567698180361  0.74212952785954434  0.75407876229664872
  0.76689577422120547  0.77979943137486774  0.79224631181779259  0.80464604464770573
  0.81652927296466793  0.82795866144870356  0.83934298869135537  0.85059464479537128
  0.86118489112984631  0.87139270123849633  0.88100115808827917  0.89058761476641912
  0.90031371069387778  0.90975804475867006  0.91893908058741647  0.92799576599981248
  0.93698516040175006  0.94633016446344098  0.95526629989385936  0.96417331359901381
  0.97303727071042034  0.98169823764791719  0.99107725950409398  1.00000000000000000
 -0.00256831495260639  0.01034566850970307  0.02043165476540925  0.03045246514311840
  0.04050685264236405  0.05167979454145215  0.06278797535860862  0.07429134329652190
  0.08545501394804256  0.09588797865977043  0.10646858876900325  0.11735043699686874
  0.12819383824810737  0.13848166083086838  0.14866338842065277  0.15865033293879827
  0.16840740446232536  0.17813349216838595  0.18784967982219919  0.19862291915326652
  0.20938538430588144  0.22129196481579325  0.23287751713428628  0.24332644731785008
  0.25400030644470289  0.26545607567447294  0.27732112364252398  0.28862350013511839
  0.29957840120102508  0.31031240136528887  0.32065488015983135  0.33132604153486872
  0.34340569729219272  0.35516117879531028  0.36591510630409824  0.37624214031011149
  0.38676628744895974  0.39690981416292986  0.40611319116889105  0.41536138322339766
  0.42468006136287456  0.43403593771044258  0.44320942398436924  0.45245937996699481
  0.46203021926802340  0.47215139095760122  0.48277116542467080  0.49436592359072928
  0.50640728595378404  0.51874371650093498  0.53095908832756522  0.54309841004215964
  0.55527954103961430  0.56744559566913300  0.57942528790844272  0.59096406857947192
  0.60219059215320603  0.61296902158233613  0.62345993312167469  0.63415799625411706
  0.64530697817420835  0.65682934522642245  0.66809506779571692  0.67868617437002576
  0.68896755752334127  0.69931111722946782  0.71011546223590138  0.72130808623906373
  0.73170234382377941  0.74156979398682521  0.75136999145303474  0.76167739292843384
  0.77211983476543822  0.78180949326598004  0.79129701897336679  0.80054997429974462
  0.80942097898283394  0.81854974863385288  0.82838855839447934  0.83902373957335530
  0.84965278512082487  0.86016464900174816  0.87085647868515914  0.88149334200249740
  0.89186846517938612  0.90201673654793890  0.91188012665857276  0.92153780738659852
  0.93098978791685616  0.94104029435190650  0.95149051814460317  0.96136615958062410
  0.97086921855349440  0.98051825872575160  0.99026107405766295  1.00000000000000000
   5.2244092240177275E-010  -1.0000000000000000     
 T F F F T F F F T F F F T F F F F F F F F F F F F F F F F F F F F F F F F F F F F F F F F F F F T F F F T F F F T F F F T F F F F F F F F F F F F F F F F F F F F F F F F F F F F F F F F F F F F F F F F F F F F F F F F F F F F F F F F F F F F F F F F F F F
  <DiscreteSampler_grid>
  grouped_processes
  1 # 1 for a reference and 2 for a running grid.
  10 # Attribute 'min_bin_probing_points' of the grid.
  1 # Attribute 'grid_mode' of the grid. 1=='default',2=='initialization'
  0.0000000000000000 # Attribute 'small_contrib_threshold' of the grid.
  0.5000000000000000 # Attribute 'damping_power' of the grid.
 # binID   n_entries weight   weight_sqr   abs_weight
    10   10   6.536829991825739E-003   1.001535203319431E-004   6.536829991825739E-003
  </DiscreteSampler_grid>
