 -0.00186128327163365  0.00758872400893595  0.01609056581457672  0.02474389840187182
  0.03352670102544593  0.04237646032187192  0.05127908450168533  0.06022306698008786
  0.06921514153277897  0.07825232123175430  0.08734152250881196  0.09649153780165766
  0.10570095921386401  0.11497803803345720  0.12431271373542170  0.13370500778810951
  0.14315077710713256  0.15265465447506851  0.16221394708424566  0.17181649129198936
  0.18146873632038121  0.19116795165967454  0.20092625057068267  0.21074233442262816
  0.22061046051567129  0.23053062153978948  0.24051028292234836  0.25054301653853833
  0.26064387111377024  0.27079490330757544  0.28101340105970496  0.29127943032901094
  0.30159342055143817  0.31195536115677930  0.32237038619803399  0.33283768261174757
  0.34336053533872435  0.35393563910752435  0.36456699444249446  0.37523471975306755
  0.38595068538676769  0.39670906081338242  0.40752033363813078  0.41837266731002271
  0.42927171421888261  0.44020819020866236  0.45118739018035303  0.46220447031327133
  0.47324437744461539  0.48428798835784154  0.49537220039383212  0.50651115584250128
  0.51771506530505840  0.52894403930514156  0.54019820506207905  0.55147557079985521
  0.56277692346983765  0.57409990693445057  0.58544270518962294  0.59679751288927130
  0.60816531517575523  0.61954950003851728  0.63095334261864955  0.64236480859193656
  0.65377577683919219  0.66519278054533748  0.67661987128557655  0.68805473471836676
  0.69948669770561900  0.71091221728359622  0.72233329367448640  0.73373992645978836
  0.74513371702989040  0.75650156593535756  0.76786015792687190  0.77920718968864644
  0.79053906319438882  0.80184784027465605  0.81313261200089593  0.82440271936812648
  0.83565395172126711  0.84687364065940174  0.85806512637175059  0.86922660603722834
  0.88035274001165009  0.89144997000300841  0.90248367216105296  0.91349214728603390
  0.92443138539006320  0.93535914664883058  0.94622412401244127  0.95707857920815576
  0.96787264092946346  0.97862071111789617  0.98932184994237327  1.00000000000000000
 -0.00242625676203925  0.00949421549923116  0.01967595540262823  0.03019753330295217
  0.04077382110745443  0.05126099780430929  0.06175726163022883  0.07224041936450519
  0.08273502587273834  0.09321533389065607  0.10371155094624793  0.11424827828176823
  0.12476904461159781  0.13530558897846848  0.14585828072321563  0.15640136092733420
  0.16690837521711438  0.17742810322145999  0.18791945196587503  0.19845454451783745
  0.20899195403257931  0.21958767338379573  0.23015463092946109  0.24071410960453082
  0.25123285450724031  0.26171473182647687  0.27222677020218372  0.28274286157866013
  0.29327055140768671  0.30376595652481081  0.31429234418831453  0.32479988779536073
  0.33534350348872288  0.34591823572365121  0.35651748978096187  0.36708194901168234
  0.37764767710414404  0.38818962263914430  0.39874308632290439  0.40928287368093563
  0.41986773312396281  0.43041244495973496  0.44094289630382805  0.45143404284833982
  0.46194156239282941  0.47243667950619889  0.48291709503505892  0.49340548618742003
  0.50392138985573520  0.51447679277987923  0.52502284146734879  0.53553131821816891
  0.54609575366378282  0.55666787421169750  0.56724601204154446  0.57782220710040422
  0.58841382739015180  0.59901222670606391  0.60958145758768323  0.62010315873116550
  0.63065720984023610  0.64122585731187709  0.65182401158782843  0.66245140310398232
  0.67307721896889561  0.68368977577893530  0.69423818021652972  0.70477415984835545
  0.71531352102820300  0.72584233790465980  0.73634265307603497  0.74681777499387592
  0.75732522655991430  0.76785570345276200  0.77844501235455610  0.78903042798279432
  0.79959720084998076  0.81015600034489288  0.82065964502276312  0.83118497884334275
  0.84166985612878065  0.85221549571670563  0.86275339840499521  0.87326141367474175
  0.88379043291331716  0.89432457359645079  0.90488109003926398  0.91543936525036518
  0.92604297712434713  0.93668205625777956  0.94727701900979300  0.95785867171120376
  0.96840097238755740  0.97896445791272035  0.98947171826188651  1.00000000000000000
   2.1650451749850561E-008  -1.0000000000000000     
 T F T F F F F F F F F F T F T F F F F F F F F F F F F F F F F F
  <DiscreteSampler_grid>
  grouped_processes
  1 # 1 for a reference and 2 for a running grid.
  10 # Attribute 'min_bin_probing_points' of the grid.
  1 # Attribute 'grid_mode' of the grid. 1=='default',2=='initialization'
  0.0000000000000000 # Attribute 'small_contrib_threshold' of the grid.
  0.5000000000000000 # Attribute 'damping_power' of the grid.
 # binID   n_entries weight   weight_sqr   abs_weight
    10   10   8.897615201930279E+002   7.993291574195283E+005   8.897615201930279E+002
  </DiscreteSampler_grid>
