 -0.00000271480021444  0.00012087797436691  0.00050041832691971  0.00103735289766834
  0.00170154076905884  0.00243366341752064  0.00323217428379896  0.00412355234447515
  0.00506168830004296  0.00602151345945201  0.00700700651946015  0.00799523025674616
  0.00903365946961287  0.01007890226838201  0.01113424440497793  0.01223938651281373
  0.01337996505549612  0.01452208987523462  0.01570476792522196  0.01690746356965868
  0.01807908876014955  0.01925520901894009  0.02047719606748791  0.02174307750748711
  0.02296921722048119  0.02418726308790852  0.02539721522109178  0.02664003839815641
  0.02796434899443405  0.02928904138608994  0.03059000228528458  0.03189101720350195
  0.03316889664638587  0.03446146756610906  0.03578706846034990  0.03711705730647478
  0.03842635766410479  0.03974171482978135  0.04105215051738479  0.04238957386793049
  0.04373619740241575  0.04508786307232781  0.04648774696552867  0.04792537691984852
  0.04937400176276049  0.05082724932957449  0.05228126073394129  0.05371808696095485
  0.05512558647461881  0.05652118282878391  0.05791763816108914  0.05937661082761595
  0.06089018863979957  0.06243478314323650  0.06401205576617928  0.06557566783227591
  0.06712282871978544  0.06868176894917642  0.07025953835670572  0.07185890244593332
  0.07349042946178376  0.07514387444114017  0.07679964515499153  0.07847854176894342
  0.08021649395601949  0.08203148980199751  0.08385251400081990  0.08566465138516266
  0.08749864761995875  0.08934832515987014  0.09121575436342537  0.09313611325188971
  0.09511936270779529  0.09714623226757875  0.09924246321034555  0.10130234361451267
  0.10336100283423309  0.10557981782987386  0.10806572084782076  0.11061273384926672
  0.11325531062072210  0.11600197853884180  0.11883203982997503  0.12176791185353947
  0.12484947694666049  0.12803706120486169  0.13131941107975742  0.13461125232202170
  0.13865634759182285  0.14338869773926360  0.14889199811218953  0.15548411848970498
  0.16394299952647962  0.17800147372352859  0.19477163062476802  1.00000000000000000
  0.00911836011258414  0.01727645140030717  0.02759843231867346  0.03915283547065065
  0.05024353269766559  0.06128211378965791  0.07184641460671798  0.08225407141162129
  0.09254177730591909  0.10275928209433152  0.11281951879050582  0.12309946380618104
  0.13346753182432292  0.14386584347154943  0.15395962523590193  0.16437238186789835
  0.17427287508934358  0.18398044891798926  0.19419232530309183  0.20447819029573769
  0.21517023942456726  0.22599110852116225  0.23669460042689877  0.24711892804249191
  0.25749008708433435  0.26759826014241400  0.27797535093892034  0.28809146150098980
  0.29837334150145756  0.30874251109752970  0.31937111161826676  0.33028721216629453
  0.34124021674140892  0.35200369305061441  0.36225257683361078  0.37220737758125771
  0.38237488416527116  0.39268362519513506  0.40296036738421825  0.41304160239747978
  0.42333589757152940  0.43378373876573290  0.44403056550965742  0.45409574767074951
  0.46397518322953224  0.47383705149153599  0.48387600831554878  0.49411821845253528
  0.50452430641014645  0.51494666232115860  0.52541671879311780  0.53574790418827589
  0.54596743598212116  0.55601572739499305  0.56624354839272650  0.57669283673767779
  0.58750066518576527  0.59849057210899625  0.60945796402191443  0.62029596711652912
  0.63122294664746292  0.64224249424831925  0.65292236819124438  0.66349386796676635
  0.67406229898571279  0.68458216080784950  0.69489554605476267  0.70509450520073191
  0.71557658638286847  0.72638272688925321  0.73765948619520483  0.74918614679305839
  0.75975969259110787  0.76977761665009670  0.77932061733248947  0.78875858129474896
  0.79818388530671813  0.80750059372506200  0.81693369015469386  0.82674009888379973
  0.83689307116755518  0.84726105063765089  0.85769874554295633  0.86825988356150652
  0.87887005699949239  0.88935217836266611  0.89993728020379382  0.91092127638711284
  0.92199633681314941  0.93291764298188296  0.94373666265230083  0.95466328029904679
  0.96575387865401119  0.97730064763177771  0.98856799395996720  1.00000000000000000
 -0.00252495540300603  0.00994915690296547  0.02039662832989002  0.03059512577537984
  0.04105880373547997  0.05125985218201912  0.06118791070386956  0.07116867536945920
  0.08141017037686063  0.09177468289940627  0.10222580237792378  0.11253539024103799
  0.12296835557758623  0.13343430402074907  0.14384930040974206  0.15412727148105335
  0.16451912233440175  0.17478604571696324  0.18529680224146988  0.19579728614890865
  0.20660333427645050  0.21732224432441097  0.22856062340164754  0.23934113565913759
  0.25051462526294332  0.26114206508379867  0.27171208578115214  0.28225132022864335
  0.29285649015497028  0.30370850811361039  0.31460342139239772  0.32576623334537153
  0.33640510956746361  0.34694887222662046  0.35727801198752929  0.36730666187869881
  0.37758786782913789  0.38729894233714496  0.39743828397633429  0.40736647846323859
  0.41738146475591364  0.42770182837101678  0.43825119443854854  0.44887702034663035
  0.45961510384413612  0.46992932314509189  0.48005334310955328  0.49003894463938608
  0.50000645807831989  0.51032673144110718  0.52098792357254553  0.53186092580930322
  0.54253262659869106  0.55299984366030164  0.56352694979897744  0.57417225828877350
  0.58485411433871992  0.59516480851098341  0.60532439369260993  0.61543498935704521
  0.62566650495762965  0.63607202755042791  0.64645933479863804  0.65717954960790759
  0.66790343573596112  0.67900659046549694  0.68999981854466774  0.70136590654898501
  0.71198237905594064  0.72288547278043036  0.73376077311821730  0.74506409508073013
  0.75644918645730141  0.76796560045934070  0.77941071665802686  0.79051787806602825
  0.80121141783953576  0.81214812748271059  0.82339746270835279  0.83437810133672996
  0.84498582007074952  0.85560523514358899  0.86623673142557167  0.87679548754652892
  0.88715633163196406  0.89736452964336777  0.90753653059781725  0.91782981415635367
  0.92838176519631765  0.93871561207402654  0.94866507337601569  0.95904667592084236
  0.96967312949225481  0.98007830961161135  0.99000829379095956  1.00000000000000000
 -0.00239065772734109  0.00944224672209128  0.01950461274315883  0.02973158321605303
  0.03998181990958626  0.05027242224778322  0.06028832463696638  0.07031392183200136
  0.08041356558921456  0.09080442250879049  0.10119926475860030  0.11196817491761980
  0.12278568407273997  0.13348258386611783  0.14411899278512622  0.15446971514399294
  0.16449953082740984  0.17443263070598988  0.18466745565147991  0.19519920525374757
  0.20607103339994351  0.21680006519824960  0.22736434176790449  0.23773354058594665
  0.24815519692237906  0.25841461678702110  0.26862844051460510  0.27902009305713937
  0.28969883080362829  0.30044602611930166  0.31118359506699383  0.32188376919322204
  0.33236637556459581  0.34263077545028031  0.35309681784058816  0.36374390344629332
  0.37420939404958048  0.38457710541664458  0.39467206567687385  0.40499344729787917
  0.41530284213506974  0.42605498320189555  0.43741641396110015  0.44849451903680415
  0.45979262632406714  0.47152531559041883  0.48315259592762289  0.49492939887514831
  0.50631044611821896  0.51743022103952974  0.52777401451556083  0.53787609833661398
  0.54818442988027205  0.55877141575804756  0.56931374242899524  0.57970301052931528
  0.59038918417543840  0.60123693695557445  0.61217652794056177  0.62296145357333987
  0.63346689564225622  0.64397192109466805  0.65426246439497893  0.66420889233839608
  0.67447227472844484  0.68443239735332473  0.69530687696740023  0.70638470491553329
  0.71766121256317383  0.72849138917383360  0.73905198884588841  0.74947591602351049
  0.76027411146557533  0.77081356326447092  0.78152129087053368  0.79197644723066085
  0.80278893552635666  0.81336891284048285  0.82364598835739844  0.83385851450014847
  0.84430662845283522  0.85463222929575933  0.86518552070307897  0.87529092124971908
  0.88534320497108598  0.89531279596078717  0.90556678061642237  0.91584591451094921
  0.92577302516737703  0.93566879831112104  0.94562838604045074  0.95625135846782783
  0.96672324366234352  0.97745278920963596  0.98881834353199605  1.00000000000000000
 -0.00227190441402249  0.00880632940292369  0.01923008012615076  0.02997854604721613
  0.04078672482262410  0.05145507409589938  0.06190858569436327  0.07204066979908884
  0.08215339915588882  0.09240224815168158  0.10269714779136080  0.11278802980604351
  0.12271614412146184  0.13275537355192746  0.14244359895899908  0.15254435036647532
  0.16298677549803198  0.17397804636098507  0.18496866004792661  0.19586281400566050
  0.20693888053106127  0.21803997198467986  0.22900210781811467  0.23976501582488108
  0.25074977771816914  0.26192243657160152  0.27276516898131942  0.28301430043855036
  0.29321636866120365  0.30348764826026758  0.31370726225317330  0.32345724572147305
  0.33312391075830367  0.34312529561678684  0.35321392611073482  0.36358492725356711
  0.37416180809611477  0.38535259085902401  0.39704359565644654  0.40841569281946133
  0.41974336958414254  0.43100590756501511  0.44155816094376010  0.45218568083314836
  0.46229588754428580  0.47315606531704191  0.48388822140258814  0.49488817390753115
  0.50530132190942445  0.51546376114788406  0.52590830971135627  0.53649547571859413
  0.54651905809146384  0.55649569398069976  0.56648435200478187  0.57673456632937892
  0.58719634093400497  0.59752720412665061  0.60784861336348250  0.61798071551774014
  0.62814058991992161  0.63829756133038262  0.64907104991023756  0.66027454888632608
  0.67169721157103046  0.68272841052718836  0.69375427783976373  0.70468329141749120
  0.71524240858285282  0.72591128714672060  0.73658337306694266  0.74709220024102507
  0.75740549201699137  0.76791982673428649  0.77869981528445154  0.78929389475966760
  0.79963467496979246  0.80993032593302272  0.82043517061996918  0.83079624313776113
  0.84133402803010149  0.85200113536213762  0.86249354493042296  0.87285990561624816
  0.88326399226090002  0.89417265567742432  0.90498425581043851  0.91560287484490799
  0.92570205872275790  0.93582770818821703  0.94663419231065704  0.95742704357233621
  0.96802449273292435  0.97845145529720234  0.98939680906076422  1.00000000000000000
 -0.00224176901252786  0.00934624178298882  0.01917675054335566  0.02917939579530452
  0.03921439781738181  0.04913337095386388  0.05914552053613729  0.06918790160259763
  0.07976169217196429  0.09031159428046528  0.10066588480432130  0.11115849317782964
  0.12187976949342486  0.13305776477627337  0.14391228926881866  0.15474401151568662
  0.16576687431343667  0.17703649578983238  0.18864191523344614  0.19911814106229331
  0.20941030532049168  0.21925433654793133  0.22897781180090962  0.23896545852584111
  0.24902029946911122  0.25927565821584081  0.26940551310464278  0.27966282649372354
  0.29017694757878543  0.30071679834686649  0.31142292036146402  0.32221222984371695
  0.33315492140078096  0.34401084634065510  0.35475607674048071  0.36538489122281709
  0.37623543929568104  0.38767449536574589  0.39924988947002965  0.41038776028081769
  0.42142860575090263  0.43232214731716578  0.44307553141413497  0.45359079294313298
  0.46393528161213676  0.47406702992004057  0.48405607272159012  0.49372285983655184
  0.50391722794241467  0.51445806302051789  0.52521537139454155  0.53612119843181105
  0.54661359476446636  0.55733605425942456  0.56830884627151190  0.57939580100095522
  0.59008317065404348  0.60009045272151151  0.61061204337484853  0.62132845801808767
  0.63160185297183191  0.64175719538329079  0.65185862310288856  0.66198811185794704
  0.67223772885358557  0.68244143744087549  0.69268200251600609  0.70272171103585390
  0.71299352864807697  0.72398200387471257  0.73491619307749956  0.74603776954577861
  0.75698549030992790  0.76761406329766846  0.77764050333145951  0.78807626491890703
  0.79859216153945189  0.81007793444593279  0.82088440206958369  0.83135966690090701
  0.84155615584626642  0.85170000262975498  0.86188817777905025  0.87193022759863203
  0.88227814119761505  0.89291917856588132  0.90379399730257548  0.91459914491125971
  0.92535022930492428  0.93596251571684375  0.94666634799947258  0.95734230119098385
  0.96834101928513294  0.97916094247830732  0.98977568640186875  1.00000000000000000
 -0.00177094659547561  0.00642091723667391  0.01463654058421226  0.02275995750086372
  0.03124455773582201  0.03982055593601048  0.04827445894476771  0.05661796294701971
  0.06521635248734033  0.07392233457707986  0.08301208690189249  0.09248926053082558
  0.10204723839991560  0.11157307785698831  0.12112850457727442  0.13062645450119553
  0.13994524859939042  0.14916267315704318  0.15852251512211613  0.16841616943378412
  0.17886811825326038  0.18959463010062624  0.20024223549393910  0.21088855740012491
  0.22148809744646647  0.23200262966351473  0.24234770594240787  0.25318043427016668
  0.26474686672803655  0.27679220239840574  0.28912559314575320  0.30161531063235014
  0.31398105874674354  0.32597677636740324  0.33765059269557390  0.34912211256800491
  0.36051537574589637  0.37194004438925593  0.38347511003631479  0.39544217421387040
  0.40763099446389850  0.42003900438623981  0.43266547930491728  0.44536535012944856
  0.45804023424323909  0.47035097190319669  0.48282208055808162  0.49479234848443032
  0.50647682710992914  0.51816242027114712  0.53048488501014912  0.54318443489380519
  0.55590397236935229  0.56838231231244885  0.58070424102951868  0.59297965139903797
  0.60499593731409285  0.61687927714828694  0.62875705263567716  0.64038684121882050
  0.65215008258236717  0.66413838566059902  0.67611085372241730  0.68798413374709499
  0.69997983816299536  0.71182137110013777  0.72353359693427088  0.73487022129021073
  0.74590678691882850  0.75676502749349495  0.76749216620477245  0.77808896509298653
  0.78852443253650162  0.79899712365039977  0.80932801078748351  0.81941973443907001
  0.82977452289883891  0.84005023207104035  0.84998213662951483  0.85971507923121682
  0.86942417193814314  0.87905413589874282  0.88850973938199274  0.89778997116135961
  0.90753608785126039  0.91683034265155328  0.92595997233481842  0.93501836346267497
  0.94365332959843140  0.95255171510252457  0.96094291574228308  0.96894690285950991
  0.97692857718323511  0.98471536568587215  0.99239539539247357  1.00000000000000000
 -0.00239076204484119  0.00924786309464762  0.01897784951294303  0.02947819221649128
  0.03995265553022381  0.05090750475070882  0.06175331862536080  0.07214600981437520
  0.08251127023559111  0.09277678439487640  0.10292271321582266  0.11329499257555527
  0.12359305714877544  0.13421112462287457  0.14497631493091173  0.15558580598035143
  0.16637527939021887  0.17704351629240911  0.18773306454527769  0.19821959518285059
  0.20868749609306528  0.21915721595240142  0.22990668505455372  0.24085421036968135
  0.25171917635584207  0.26244041660645218  0.27360370430482489  0.28504943233270552
  0.29617289569210625  0.30706166795215728  0.31774355364691670  0.32865232291992075
  0.33903806462811115  0.34928122521464028  0.35968666667473348  0.36993984644769368
  0.38028218064605090  0.39076120243147511  0.40150496640089633  0.41248151267336219
  0.42339617607122748  0.43434274981278770  0.44489412801932188  0.45536523036967352
  0.46571128774336301  0.47624976543854453  0.48697992572089077  0.49779153162562012
  0.50880595797876826  0.51969405047204875  0.53016049274723454  0.54012866673478355
  0.54973938880133244  0.55967560740718292  0.56995892810413051  0.58056799434239459
  0.59096127409566246  0.60115871722839354  0.61128806432849392  0.62145016844340628
  0.63164781912299839  0.64219033483981736  0.65279783195126073  0.66310103358775108
  0.67315962036609711  0.68317804671783500  0.69360966227163956  0.70398689552517069
  0.71503007232539251  0.72645998879018703  0.73715756400305221  0.74791115301966782
  0.75861902747415022  0.76940178994226427  0.77993390130107787  0.79045718849395186
  0.80041246687404921  0.81046661339566017  0.82035223766522813  0.83038301602440201
  0.84031951364182000  0.84999637309556852  0.85985071028765359  0.87019696645994371
  0.88066715742896284  0.89165335848895610  0.90249593632321601  0.91359873550194748
  0.92491394751743683  0.93620451018568474  0.94692822487683481  0.95738396901443246
  0.96785832599298405  0.97837023879472784  0.98921254777108347  1.00000000000000000
   7.1471563933224946E-010  -1.0000000000000000     
 T F T F T F T F F F F F F F F F F F F F F F F F F F F F F F F F F F F F F F F F F F F F F F F F T F T F T F T F F F F F F F F F F F F F F F F F F F F F F F F F F F F F F F F F F F F F F F F F F F F F F F F F F F F F F F F F F F F F F F F F F F F F F F F F
  <DiscreteSampler_grid>
  grouped_processes
  1 # 1 for a reference and 2 for a running grid.
  10 # Attribute 'min_bin_probing_points' of the grid.
  1 # Attribute 'grid_mode' of the grid. 1=='default',2=='initialization'
  0.0000000000000000 # Attribute 'small_contrib_threshold' of the grid.
  0.5000000000000000 # Attribute 'damping_power' of the grid.
 # binID   n_entries weight   weight_sqr   abs_weight
    19   10   1.102923792878395E-001   2.287557463859375E-002   1.102923792878395E-001
    25   10   1.999641528756523E-001   8.520076512136207E-002   1.999641528756523E-001
    37   10   1.794156648417564E-001   6.194640670215005E-002   1.794156648417564E-001
    43   10   1.270996468422885E-001   3.527689550772839E-002   1.270996468422885E-001
  </DiscreteSampler_grid>
