 -0.00000001398234942  0.00001117451783903  0.00008616442650521  0.00024238212075288
  0.00047046124560619  0.00077589976019771  0.00114717910752068  0.00158935499029097
  0.00209870674968727  0.00265868729857392  0.00326976366695420  0.00392241750792294
  0.00463563834007404  0.00537530131639244  0.00610841720404363  0.00690103950834329
  0.00771881528607246  0.00855744730242161  0.00942515650053842  0.01029195680660228
  0.01118283993393526  0.01214831555950051  0.01312965786861713  0.01408934101581297
  0.01510018009832196  0.01612703800818484  0.01714680739772826  0.01816087590428278
  0.01926753649651115  0.02040443238296446  0.02155595081380937  0.02269922080751675
  0.02381848357538087  0.02496156995215253  0.02614542732644309  0.02735068426211161
  0.02856647500479359  0.02979122489910786  0.03101430756025163  0.03224694112769266
  0.03361952073175659  0.03499359288043782  0.03635957506397194  0.03771419869306975
  0.03904878466231246  0.04037832339028496  0.04174256311781186  0.04317299154616368
  0.04463310345138084  0.04610616750837349  0.04758626848919461  0.04908321198136648
  0.05059236850335697  0.05208929870632326  0.05357475144457360  0.05516418371899150
  0.05682412859896981  0.05848040693070157  0.06015603813090805  0.06185308806509288
  0.06357259389456382  0.06531881359042030  0.06704927704900615  0.06874922963816386
  0.07056701857851858  0.07243988225519699  0.07433650044523972  0.07628443908925325
  0.07825769218987029  0.08026149383679050  0.08228924966684213  0.08435606853701393
  0.08646464711701668  0.08857995598917370  0.09064903725636579  0.09297888167133399
  0.09550574047052156  0.09811934574036411  0.10076151816916584  0.10344199500784294
  0.10623193385093430  0.10911858717117627  0.11207688870478268  0.11503238234916154
  0.11820738055855926  0.12188186352849915  0.12581225682156097  0.13038794093115194
  0.13518364131764746  0.14029942246070323  0.14595632513742904  0.15267839928928695
  0.16258390769401770  0.17820282221643147  0.19537121733697385  1.00000000000000000
  0.00956093108440845  0.01572266177313235  0.02519316646562130  0.03592625005847713
  0.04603174800927103  0.05552803572378428  0.06503731350459586  0.07493497475205285
  0.08494840123347223  0.09498432032200593  0.10504071260159512  0.11543300414746627
  0.12572649383816814  0.13567478448877815  0.14560056533883073  0.15582002777422688
  0.16617906815216424  0.17680984544712938  0.18758092454681588  0.19827561358860585
  0.20880057115300790  0.21909162329267759  0.22928764563480505  0.23952264532770554
  0.24984627515784619  0.26021210678250722  0.27037490118162005  0.28018353553403880
  0.28966600170760859  0.29912395858932850  0.30868370859245942  0.31847722967782660
  0.32830270345819590  0.33823535859246695  0.34863400862612387  0.35940614175320873
  0.37046078851041514  0.38178840450686874  0.39327542781718239  0.40450344586012654
  0.41530819316449452  0.42609066030679893  0.43690300353998512  0.44779515263031699
  0.45886057628006888  0.46976003368380759  0.48008527648819710  0.48992941653461597
  0.49953851870805049  0.50902001281243525  0.51846880253928163  0.52824996633793109
  0.53824419021705472  0.54830021578315635  0.55856273654639133  0.56898391670713322
  0.57927098848610570  0.58948938335410206  0.59982235658029148  0.61010846849785627
  0.62035582883803031  0.63083025417229677  0.64151169081112647  0.65200370485711789
  0.66250252880849592  0.67375766360460621  0.68557366851900248  0.69689151844076236
  0.70800146606375425  0.71924705727625815  0.73048586610184330  0.74165719933176366
  0.75252734907953778  0.76266171390777115  0.77262012812916814  0.78262432552130967
  0.79243397295149498  0.80226055736038737  0.81228868177471647  0.82305247429183381
  0.83424831037907343  0.84533093672312187  0.85637392422163783  0.86728777625111286
  0.87804490079545139  0.88840473197355030  0.89886028011410579  0.90973424194075514
  0.92050620976535891  0.93164571271618113  0.94319633556296190  0.95508153969821064
  0.96605971923278589  0.97669345618160963  0.98807767942017566  1.00000000000000000
 -0.00245347139485446  0.00936919327988531  0.01967235699072387  0.03020291558151714
  0.04077809212897055  0.05086310460497916  0.06077753107499501  0.07072405345916709
  0.08059210935637814  0.09045489665732560  0.10013704177855076  0.11011199982082395
  0.12001733708520006  0.12968140485016044  0.13961719677008047  0.14953400670989761
  0.15974056948256832  0.16973248696081586  0.17973551162134008  0.18998040900803045
  0.20046602935649885  0.21068189217306413  0.22122327198682309  0.23167590376654365
  0.24257393253999140  0.25317693840699868  0.26438248386706559  0.27562404061032703
  0.28670776455045055  0.29746526350983044  0.30782381930002906  0.31780530235730337
  0.32746730793825396  0.33724664285216471  0.34724395431046651  0.35737911754657337
  0.36821376340825895  0.37898953046162986  0.38973502698925677  0.40041856356716937
  0.41179110510258743  0.42296430870468277  0.43413412912803639  0.44564562397353308
  0.45746055987083767  0.46816710550439367  0.47874217648246969  0.48914847785432780
  0.49932731032743011  0.50922864417690861  0.51930441854216269  0.52994677047426353
  0.54106829375808096  0.55214187090415878  0.56304197779805554  0.57375619268675848
  0.58439909572202864  0.59487079881841676  0.60543234029346704  0.61594016003124885
  0.62620036465300788  0.63681110594923085  0.64778336296490657  0.65908461563657483
  0.66984392589234099  0.68015923738932738  0.69059409717949305  0.70150648413510541
  0.71269298083386645  0.72383081359746049  0.73459930214002833  0.74525826868144596
  0.75581590963478118  0.76650976605096333  0.77725859113620266  0.78735324111793970
  0.79772496521993541  0.80790891118609831  0.81850951553813067  0.82915584842188850
  0.84001426056830553  0.85104075015281777  0.86175487307947274  0.87244025820244397
  0.88317302530802699  0.89374946612941042  0.90437871679886495  0.91486312357374455
  0.92476991872346082  0.93467558088076341  0.94493494770344366  0.95558313873248757
  0.96600413055398826  0.97659950724422606  0.98799561215758747  1.00000000000000000
 -0.00217085160063723  0.00904817995900515  0.01865938478490184  0.02887825843629352
  0.03923416876137260  0.05038231982819482  0.06176570579604772  0.07282732864911859
  0.08379219561520791  0.09477163247565673  0.10581610413598902  0.11652693219934342
  0.12686706792870370  0.13707709725382858  0.14733208377424040  0.15773180150121169
  0.16814797519082017  0.17860145999947527  0.18903542308258051  0.19961896228600023
  0.21021549481612645  0.22086694018757763  0.23134250331837439  0.24163822330967846
  0.25175746693864648  0.26174889207386665  0.27211630243984369  0.28250634227226590
  0.29269871609603076  0.30244530591408425  0.31238167771833070  0.32271291888536047
  0.33301065743539005  0.34344412384347756  0.35379809355681741  0.36483527109343566
  0.37567055637358321  0.38715053976033265  0.39858745820642594  0.41059453159883674
  0.42205110715499849  0.43334999644066496  0.44390155487293614  0.45417544447117236
  0.46433196424990442  0.47455233934613472  0.48553783899581843  0.49645109699308576
  0.50791112054855592  0.51939229476217619  0.53062198345437039  0.54154665678649894
  0.55226858316570737  0.56265240437698238  0.57264808869664596  0.58248128073292871
  0.59236653341910239  0.60229390754820245  0.61248393653591582  0.62232634262856001
  0.63265920627599204  0.64284453996615765  0.65305673884432458  0.66342874459529377
  0.67404127441665262  0.68473865950362300  0.69523909314493704  0.70589613848075883
  0.71664752258437148  0.72734575806673962  0.73805589863935761  0.74864718433121302
  0.75859857926119367  0.76812368065926961  0.77813284449402809  0.78830190275156098
  0.79838982470527331  0.80851775981488294  0.81917951569063974  0.83034601082256421
  0.84120632513427085  0.85235427650964268  0.86309696061211461  0.87381654748668502
  0.88435872169763996  0.89459644940721839  0.90495398883862732  0.91503544817919169
  0.92529217692132981  0.93577218037882781  0.94647053064531883  0.95682658153445055
  0.96707967110538717  0.97742780449823641  0.98856064118374010  1.00000000000000000
 -0.00278370998902520  0.01048503577099442  0.02153626425441645  0.03224493671449947
  0.04312471754035754  0.05376818476475655  0.06419619180778219  0.07391076720933892
  0.08367237834152971  0.09326934668925292  0.10284335316613361  0.11254538147921139
  0.12246796914933310  0.13241438848317394  0.14250710105604231  0.15309071562109491
  0.16430107532505492  0.17496042140438267  0.18542006479713707  0.19608826289361989
  0.20690332746201026  0.21699798519869587  0.22661815014014655  0.23700112723495095
  0.24754447752585423  0.25759354422692976  0.26746098706819560  0.27748809339635722
  0.28793200358132387  0.29821460577912723  0.30856664596555983  0.31885616353841101
  0.32908489714231587  0.33969550675984084  0.35040029550522406  0.36130568945398384
  0.37195682679184011  0.38406936434188960  0.39610178916672245  0.40728354793593130
  0.41789161213247339  0.42825323026350615  0.43818409849426521  0.44764570371428630
  0.45699776648736917  0.46675863411802931  0.47655342429670605  0.48625932762314195
  0.49593532295022202  0.50631644491869965  0.51725823582486363  0.52804081291100513
  0.53871671443115088  0.54948445071112273  0.56036080090895646  0.57075219896232587
  0.58087474298449049  0.59106283407206683  0.60156545738855582  0.61282238177889181
  0.62411806772465428  0.63487858324647317  0.64558281758923619  0.65727678874040807
  0.66858214276447059  0.67928868394674402  0.69011545142882402  0.70143306579438980
  0.71247470682552005  0.72317466769391792  0.73423027011175201  0.74526619914742009
  0.75625862736737570  0.76704130307606433  0.77818036935125845  0.78956987412260060
  0.80067197158618186  0.81169606107053704  0.82291501880390261  0.83448029141507163
  0.84662973594891200  0.85829772892869483  0.86963977894836630  0.88026816272544051
  0.89074494104510726  0.90105618222047368  0.91109295333805274  0.92147574493423201
  0.93198357453293479  0.94255700426435240  0.95283558223930698  0.96251040052560433
  0.97182504070793985  0.98124537821303504  0.99058425531440641  1.00000000000000000
 -0.00250380685164052  0.00983000766136922  0.01975769317191581  0.03059300687257252
  0.04124722408660598  0.05234314647367487  0.06337205557021761  0.07461738631254532
  0.08580291260755955  0.09717865894630678  0.10857294534406499  0.11987112347044802
  0.13076432479592340  0.14136897521787389  0.15202208337348230  0.16252928315538906
  0.17329965172010028  0.18394181346872424  0.19461440907179942  0.20543148253970211
  0.21604753587364439  0.22626413167923096  0.23643204661411224  0.24665568204139598
  0.25715170274028715  0.26766224891528728  0.27785506447077946  0.28824307225271961
  0.29876570258253177  0.30927431512248893  0.31994011724725718  0.33052417426588537
  0.34183436577430515  0.35330087250660791  0.36512520614620303  0.37685128616471403
  0.38826327657574849  0.39954840227301280  0.41036123921466289  0.42098062852252338
  0.43130899188984889  0.44147925046190856  0.45171373946105048  0.46217185776029024
  0.47277740424620074  0.48317499195916674  0.49358529411942392  0.50439377564734800
  0.51572588459007340  0.52691812125027904  0.53769470739677827  0.54795206678964814
  0.55779703401167358  0.56769051016463090  0.57758175221821439  0.58765208748897180
  0.59788854660542745  0.60842017322527264  0.61882585745845864  0.62873958966618693
  0.63852463340499921  0.64869279468570462  0.65888773134800305  0.66881752510657111
  0.67864175648504288  0.68833579540212242  0.69855562499854928  0.70850102623065658
  0.71811339569275789  0.72783919049609080  0.73825604816554236  0.74916502497879933
  0.76004296279128303  0.77083117810809676  0.78180312050183376  0.79253216735397736
  0.80276535597851351  0.81276813406517956  0.82284900089248347  0.83327845378569620
  0.84396960172097679  0.85465089449373233  0.86533234714264207  0.87633331055954800
  0.88736673688050527  0.89822258421945467  0.90803158584023036  0.91807922531095920
  0.92816543559259979  0.93836370465695140  0.94834187952965543  0.95844323737928117
  0.96923236112044153  0.97987984385250992  0.99001192375075275  1.00000000000000000
 -0.00186731186848397  0.00681342892723649  0.01465370338150062  0.02291948443706299
  0.03134822283126833  0.03988056083418001  0.04847786571957807  0.05728480327085200
  0.06639596918124926  0.07559146166314110  0.08472793997844066  0.09355486572357771
  0.10235827374662800  0.11157076081227198  0.12089096291886899  0.13067222936133174
  0.14062573695649561  0.15073386767805527  0.16084544768590847  0.17132247302315973
  0.18194613828242412  0.19248829776507753  0.20288889382252071  0.21351360651718559
  0.22447193005383451  0.23572029995344071  0.24731867845431996  0.25908584197638707
  0.27102846951184251  0.28299474699242438  0.29480524678961983  0.30669423736083107
  0.31879702141982336  0.33094602557697678  0.34275377798967149  0.35419018126174767
  0.36546000687499380  0.37671576690354330  0.38802883907427316  0.39944589855927209
  0.41101430649433068  0.42307279074945575  0.43522868450693802  0.44706464626262499
  0.45885012254474217  0.47147140717353031  0.48375811132418955  0.49585932645342568
  0.50742145504779701  0.51903526256127031  0.53052411456188642  0.54226958141142179
  0.55421805579621874  0.56637647271347247  0.57881812743624694  0.59155485761349957
  0.60437422947198205  0.61678017088930182  0.62901702989929953  0.64087364284661130
  0.65259323394417412  0.66422135004762251  0.67586588227406785  0.68750215533253056
  0.69904444260447740  0.71066116863879281  0.72227552618051161  0.73368911938220338
  0.74453982256598938  0.75489410517980826  0.76463261721129894  0.77429109322102052
  0.78369410582530585  0.79308727998976136  0.80265845633737909  0.81241358598189817
  0.82281845429465628  0.83359793110672620  0.84451404098792771  0.85530188244429972
  0.86549724750956458  0.87538792483891903  0.88501018226214156  0.89455742409450401
  0.90398826130587662  0.91325748666323781  0.92232586046108100  0.93110954238665100
  0.93968276266986273  0.94822266209693518  0.95673153226661811  0.96541318575772828
  0.97433409028513263  0.98321677097888316  0.99177558848888647  1.00000000000000000
 -0.00231253046562014  0.00886851092329721  0.01808826955779860  0.02795059597599370
  0.03766482433999369  0.04793675473888115  0.05837159746300897  0.06849477876668258
  0.07831240294342767  0.08819465725325831  0.09891918834419693  0.10981512294893364
  0.12114194899961744  0.13259188620950432  0.14417744081010730  0.15483252123320360
  0.16569207535767522  0.17623120633755945  0.18671171907015824  0.19724168205522416
  0.20799426705465385  0.21884983050741694  0.22954146726721242  0.24000460596484727
  0.25055446872680970  0.26085386183488518  0.27114685298121383  0.28135586842631244
  0.29153260250877916  0.30198308438870919  0.31241695861676222  0.32277045999720727
  0.33327472868272645  0.34428619143174355  0.35562415375768308  0.36715783230445265
  0.37839357502486964  0.38847471698598252  0.39884335900434609  0.40909018758265392
  0.41941098543411737  0.42920259419525275  0.43892953709843452  0.44915553420845139
  0.45946546409417088  0.46975521100968731  0.47986548508298410  0.49025084292299997
  0.50099057675694492  0.51154894233142867  0.52249673455181833  0.53319655158942625
  0.54370799278679138  0.55355140744949982  0.56356659267769460  0.57367741289823904
  0.58358527971987151  0.59363999307859427  0.60393025675049616  0.61479497405783845
  0.62569126312008361  0.63698781053951925  0.64810162550524708  0.65817658458914741
  0.66860713866349453  0.67853635906022891  0.68857886554849512  0.69851185825310336
  0.70913369410735838  0.72019950190527571  0.73102167223139702  0.74086530267427897
  0.75110564935896418  0.76119035746280417  0.77137558761554637  0.78131876475733242
  0.79126296974692034  0.80164737932460750  0.81236833821509413  0.82322901022285688
  0.83418744294283231  0.84541457869066816  0.85665948050746721  0.86779184988378344
  0.87928831702109667  0.89142432441992758  0.90290058623806624  0.91391140711323759
  0.92471741919655914  0.93607361911374110  0.94721396151717308  0.95845653619733384
  0.96885949693773299  0.97957967927775813  0.98976316744165049  1.00000000000000000
   1.7179426439188944E-010  -1.0000000000000000     
 T F T F T F T F F F F F F F F F F F F F F F F F F F F F F F F F F F F F F F F F F F F F F F F F T F T F T F T F F F F F F F F F F F F F F F F F F F F F F F F F F F F F F F F F F F F F F F F F F F F F F F F F F F F F F F F F F F F F F F F F F F F F F F F F
  <DiscreteSampler_grid>
  grouped_processes
  1 # 1 for a reference and 2 for a running grid.
  10 # Attribute 'min_bin_probing_points' of the grid.
  1 # Attribute 'grid_mode' of the grid. 1=='default',2=='initialization'
  0.0000000000000000 # Attribute 'small_contrib_threshold' of the grid.
  0.5000000000000000 # Attribute 'damping_power' of the grid.
 # binID   n_entries weight   weight_sqr   abs_weight
    19   10   1.319321189001521E-002   2.757297361430469E-004   1.319321189001521E-002
    22   10   1.978566996787057E-002   6.822240963631097E-004   1.978566996787057E-002
    25   10   2.256172542796807E-002   9.027353824106394E-004   2.256172542796807E-002
    28   10   1.787070503415438E-002   5.254024502396395E-004   1.787070503415438E-002
  </DiscreteSampler_grid>
