 -0.00000001055542017  0.00001295324057321  0.00009954283423461  0.00028731351736213
  0.00056918166448034  0.00095383952029273  0.00142080336221850  0.00196669742134539
  0.00258164257726238  0.00324556656799893  0.00394943326594321  0.00469256759959090
  0.00549396443407772  0.00630855167131354  0.00721523793424673  0.00810923703694390
  0.00906273681749249  0.01002587394237048  0.01098231771391510  0.01203453482207893
  0.01311483233437957  0.01420996386364840  0.01535532818520102  0.01652525221759369
  0.01766707272338065  0.01879848622151605  0.01998093750864379  0.02123204510799846
  0.02251605714714875  0.02377948489980282  0.02502478582358374  0.02630173652408273
  0.02761871574708126  0.02894754890822024  0.03027212687263574  0.03158824981292957
  0.03286644707274181  0.03414957861643125  0.03543978081384013  0.03677835236741992
  0.03812726197530859  0.03948675366977977  0.04085654069141004  0.04221865207124652
  0.04356864189095394  0.04494874070408051  0.04643057595192109  0.04798019261309722
  0.04955683393301592  0.05111294952550854  0.05265387396325673  0.05419337568168754
  0.05573411616952602  0.05724216668084333  0.05882068830685509  0.06042772499434897
  0.06210505646723134  0.06382882973383808  0.06555902444270767  0.06731295596844276
  0.06909686396114567  0.07088378682128328  0.07266885652424271  0.07445220232817801
  0.07623572473877852  0.07802344149307014  0.07997519100576134  0.08195877746327240
  0.08397508354542732  0.08601808484043046  0.08805163620407518  0.09010002485426136
  0.09222862893199943  0.09442223331879272  0.09665050902329504  0.09887594089267630
  0.10115679778917441  0.10338942056866747  0.10590439356497099  0.10867219904459123
  0.11150357905352079  0.11448847580887117  0.11753421034700388  0.12070720425304737
  0.12406503714742491  0.12763080161688717  0.13133983436887131  0.13504614158987652
  0.13962973228013031  0.14486943765244664  0.15091303032626843  0.15800056478376270
  0.16671745762961776  0.18036562684470805  0.19363403154861281  1.00000000000000000
  0.00975985747217223  0.01485448340894251  0.02362394105019808  0.03397613594089108
  0.04423251991916916  0.05422089540199232  0.06439889244848798  0.07529626823697111
  0.08663809061291269  0.09868171968083456  0.11144780590943168  0.12485483122947194
  0.13710869314128540  0.14813384762181919  0.15840199113333042  0.16809936224258365
  0.17774744406050980  0.18752780549752965  0.19762520171072157  0.20786746336810275
  0.21845094580869939  0.22936986897400014  0.24046423603642611  0.25104096059331721
  0.26068813236416466  0.27009290516673573  0.27972252714598111  0.28967227134867524
  0.30017742690518778  0.31032652302826019  0.32145190093506465  0.33285430788690495
  0.34389449173956893  0.35460302392893117  0.36496401630360753  0.37556505054393163
  0.38675477998921104  0.39771489661691622  0.40824720250636343  0.41850201994561059
  0.42889042015512063  0.43921716514149151  0.44924644462900293  0.45930338307939855
  0.46924802664761500  0.47897179767701276  0.48858410902880756  0.49807149323782213
  0.50773961668548329  0.51768311316251414  0.52784314404976340  0.53821666421580872
  0.54842771967816684  0.55849765942225527  0.56867698789823307  0.57857294558856753
  0.58836064404880195  0.59830012223010531  0.60842483158061977  0.61874822439862398
  0.62903628840851522  0.63970668304750411  0.65024798053351096  0.66057997584271944
  0.67126188950976839  0.68294850983822131  0.69438503197813883  0.70563062404104815
  0.71627654617137027  0.72639809993037519  0.73659983849031363  0.74670491134240879
  0.75707091868516319  0.76753417145552738  0.77813910812552589  0.78866465368569938
  0.79892913200080884  0.80890780152265296  0.81886939860009156  0.82873388018046124
  0.83864685219380031  0.84896057340863385  0.85965052758549776  0.87077906406150618
  0.88139351822746947  0.89165259021118970  0.90176275600218625  0.91187758499350624
  0.92237152704522407  0.93298867266393204  0.94375258956116614  0.95488836868966243
  0.96630530886874955  0.97809662877488190  0.98915236618052915  1.00000000000000000
 -0.00244737877073302  0.00858544708522645  0.01858362924942029  0.02903973549731574
  0.03986103837356968  0.05104249866634469  0.06207984098221041  0.07328377865064711
  0.08426348994268502  0.09517203193163301  0.10586165001649889  0.11608048683017332
  0.12634579823345615  0.13663330237260152  0.14738688300017713  0.15846768812321987
  0.17021193313766306  0.18218056465857643  0.19398078419025477  0.20537801681716253
  0.21636905286968344  0.22712157192970014  0.23762354557347706  0.24782946924391486
  0.25764169957265898  0.26753970688405326  0.27783247558780955  0.28819162669445103
  0.29804652452818287  0.30776853711789115  0.31790015309451597  0.32870642947346657
  0.33974259435800486  0.35068069777048222  0.36128572823846294  0.37186385484671586
  0.38267394843835167  0.39334926640528978  0.40358718706240426  0.41365126424845133
  0.42423296202279109  0.43521375847015503  0.44585431970294537  0.45640197745907840
  0.46700026135749129  0.47748642431954902  0.48746422077456425  0.49765394768870042
  0.50854500026195804  0.51935362971392895  0.52929526356213963  0.53876275090259129
  0.54848798205480842  0.55862924895092403  0.56888317713129355  0.57901108424347514
  0.58946998286944163  0.60036017934122987  0.61105582043467999  0.62186334955036981
  0.63198864374781694  0.64183120560960194  0.65157809822029222  0.66133638653513560
  0.67112405137140363  0.68073776156042320  0.69078290025347644  0.70168166258496689
  0.71251157022006573  0.72299459685113654  0.73341922332800935  0.74426836113273154
  0.75519758409897564  0.76550874213226316  0.77544193966266584  0.78534528185503227
  0.79549416509809301  0.80601023028941998  0.81674033022518133  0.82768270763667473
  0.83848401792401839  0.84919941591284964  0.85965608847326380  0.87022973348385746
  0.88098020359324769  0.89230888506209083  0.90293496150703445  0.91353466306369835
  0.92389741898873490  0.93409401087705812  0.94437228357010883  0.95440441660994746
  0.96536656628102657  0.97682070384022801  0.98854090889212531  1.00000000000000000
 -0.00240341430695520  0.00939733529697429  0.01978251381653439  0.03054446695836854
  0.04155289078694146  0.05311076572211741  0.06485168514166703  0.07647696799090802
  0.08799674978429012  0.09914431767101473  0.10987245310481152  0.12032320212927716
  0.13071605608305589  0.14112430991489500  0.15155872745761961  0.16174295616132664
  0.17208425998559401  0.18225715624535624  0.19268004377368941  0.20321653352997771
  0.21378841452812336  0.22466899211676120  0.23592492258554421  0.24690458084072991
  0.25730403450743028  0.26753591582751518  0.27799287622500057  0.28885886235216490
  0.29986483443047696  0.31096916013783971  0.32230394352214198  0.33335637619543179
  0.34386931066314513  0.35418916159846653  0.36441450425704208  0.37465748859195258
  0.38486569961540451  0.39465487530716520  0.40415829620489729  0.41365240627839039
  0.42338376276602258  0.43352909162410536  0.44382594566376637  0.45435228447735637
  0.46462059693583285  0.47439835947628706  0.48415295237138040  0.49412915931354368
  0.50435795367196934  0.51436431332305987  0.52458354546353270  0.53512592032796669
  0.54602640762150234  0.55724676259864236  0.56773288939129873  0.57837081268685897
  0.58908620147567714  0.59954561167655673  0.60923432507396647  0.61872875285397200
  0.62888774956795068  0.63916122794216257  0.64935647494992155  0.65944279079985313
  0.67027528752427179  0.68177926321922799  0.69297014126175327  0.70394390839783094
  0.71549530926625693  0.72685757052233946  0.73782968293084938  0.74862171138643396
  0.76061168197112494  0.77176249405155539  0.78281589859766665  0.79343662808952586
  0.80483714000688034  0.81578439987935902  0.82684370723528389  0.83726669540836740
  0.84712656532992514  0.85700561630027172  0.86722448113367601  0.87818831658904739
  0.88897307221874966  0.89926546739196866  0.90940558304481667  0.91956247921177714
  0.92936339499929310  0.93919830269478466  0.94894455924009669  0.95870072562624042
  0.96875742608894333  0.97915478034959780  0.98947756676724319  1.00000000000000000
 -0.00241992602799348  0.00997780397131428  0.02087984063378880  0.03159221672697542
  0.04211347502583163  0.05214533035646355  0.06244105020130268  0.07227669671959489
  0.08179879768695447  0.09221865113890411  0.10294421223976509  0.11395893407695326
  0.12480689193660714  0.13596555536615157  0.14682023794536278  0.15713456597034403
  0.16705654780327958  0.17644624173482756  0.18575671309317721  0.19501343321039316
  0.20430839936610193  0.21350522745984601  0.22270324964714600  0.23201024182458871
  0.24186049919760030  0.25194427758958626  0.26227197482369707  0.27290242689013910
  0.28368333534009393  0.29450575722771988  0.30521736602694705  0.31559858708435579
  0.32576458508365663  0.33600434211018243  0.34624690827754834  0.35687462655097762
  0.36763236377062197  0.37819774637882164  0.38836434224247279  0.39826775890733224
  0.40819444408206135  0.41832842746102578  0.42866597757163377  0.43879283559897947
  0.44879730326863781  0.45906784931630223  0.46966260787555703  0.48018824994782827
  0.49058187099185030  0.50131975612820190  0.51233015585147335  0.52361242899232308
  0.53516299617978613  0.54654548304430217  0.55767333030927757  0.56879746307427193
  0.57973096416462744  0.59042941897299972  0.60123079903408605  0.61240274069714795
  0.62404330040210909  0.63588536402315776  0.64745128635965232  0.65874642441392162
  0.66904671670263804  0.67907723780827134  0.68896558741478642  0.69923943416499668
  0.70950864218518905  0.71963378458841754  0.72958521344273053  0.74018897381276771
  0.75138994203162601  0.76304662921747812  0.77476797844652878  0.78668171596103498
  0.79856661078595703  0.80976008556723156  0.82020167844788916  0.83062044170140659
  0.84129406774490001  0.85152382166861618  0.86178478925074919  0.87237071891337348
  0.88332166474335871  0.89442449922693146  0.90516003272289780  0.91568640464427897
  0.92576669931242750  0.93575790202279197  0.94614542759604647  0.95644028734098607
  0.96727328559762249  0.97794827118443617  0.98907789434466242  1.00000000000000000
 -0.00266374707387027  0.01022682799645051  0.02061311383289830  0.03110974217076841
  0.04159932704546468  0.05190171816319981  0.06218970225578018  0.07299347018684209
  0.08382816934320418  0.09432370430908130  0.10468832036005270  0.11539118178759283
  0.12586884817203553  0.13619364082811206  0.14615341682102087  0.15668831057998844
  0.16737440061183195  0.17828302309169505  0.18898623896224348  0.19956600335528132
  0.21014506401037658  0.22044444681931838  0.23048823446765773  0.24024990423737880
  0.25015456499666971  0.26049843309543058  0.27059206486839110  0.28140999738443079
  0.29220594677096973  0.30280510528713173  0.31307276998332428  0.32309463850306119
  0.33317419129612280  0.34361565051884035  0.35446333920133744  0.36521126540840093
  0.37587287029211153  0.38626194722248486  0.39697321578835493  0.40757255501188872
  0.41868496651810649  0.43017646877021770  0.44203745323566662  0.45428055374752929
  0.46624499606077380  0.47759204364173163  0.48811921795695346  0.49808185657981163
  0.50780872873061278  0.51777197123343388  0.52776611331050316  0.53817681754776014
  0.54865677768674481  0.55877125012339579  0.56884934140324750  0.57874247226718534
  0.58883742751292989  0.59917539122461738  0.60950307079229993  0.61979388031614457
  0.62986863148471206  0.64003400524058496  0.65023737902906553  0.66044562025026121
  0.67077966630166541  0.68195096912581565  0.69294906156528924  0.70380779183972642
  0.71473419062861610  0.72619117955854662  0.73726582641497529  0.74809774033231069
  0.75853467362261406  0.76888641334575847  0.77931713952618020  0.78979918845755992
  0.80025731617814655  0.81082614956487919  0.82186899402721347  0.83309033478994499
  0.84417788916855729  0.85497956160305688  0.86546444557792512  0.87543746147329737
  0.88518988078658845  0.89526113953915154  0.90532177298369154  0.91497622249290378
  0.92464419418374988  0.93455930513896024  0.94494184168373418  0.95581317827348122
  0.96708960988979809  0.97847291854575558  0.98928628040165045  1.00000000000000000
 -0.00243093345127559  0.00772389451879845  0.01759211456679953  0.02738289630244816
  0.03730635889798882  0.04729040161387452  0.05739782977014000  0.06730709890043865
  0.07666402748665818  0.08585439007693939  0.09468794775934744  0.10360491477770228
  0.11251969569147040  0.12125483684948379  0.12995320369487334  0.13869052151650749
  0.14752849305397212  0.15683725814635713  0.16655450163782476  0.17639950196202819
  0.18616010746269360  0.19607290705762412  0.20627020267094168  0.21672147694796709
  0.22760296980635503  0.23902277962815688  0.25064815556932279  0.26193865172051234
  0.27316522665446541  0.28440088041512374  0.29553351691396057  0.30632970341482035
  0.31677875495550811  0.32696635786490397  0.33761503044080271  0.34882956750713601
  0.36097414641284720  0.37335279271093835  0.38578498267973721  0.39765133744314624
  0.40923500770150761  0.42100713099753184  0.43284219951668823  0.44523317935910139
  0.45740957813969196  0.46889632495324451  0.48009237452218673  0.49136761802451817
  0.50286706550240889  0.51444866387077282  0.52582098935259902  0.53737957426284833
  0.54878667884518673  0.56010931037333334  0.57173885660226609  0.58363837371355931
  0.59534228287069146  0.60723765445367139  0.61966520492385813  0.63274328856300333
  0.64573918271160857  0.65819665439534158  0.67062608999542406  0.68299916611383948
  0.69488165874429741  0.70633410099248972  0.71768666143673421  0.72863597105693167
  0.73911139709992379  0.74935334259592790  0.75937888730089731  0.76903454298830975
  0.77874523735388290  0.78817014258902485  0.79741038702041589  0.80677231273595085
  0.81619923405646322  0.82633838122414105  0.83617237726580018  0.84571424022065089
  0.85544464799508924  0.86531681251350512  0.87523430851217787  0.88525392459439955
  0.89505370284755148  0.90567430962069406  0.91591819705604816  0.92584453612261863
  0.93534385794213604  0.94453767751248729  0.95361768070904807  0.96272325061418451
  0.97194460327103283  0.98126035274237766  0.99062189654603439  1.00000000000000000
 -0.00230428564599506  0.00965928339899695  0.02028991129740144  0.03076116850237830
  0.04141437011889924  0.05188525267453924  0.06250430033021812  0.07245880163500537
  0.08205856348681421  0.09111230490587614  0.10040506613006342  0.11034480274931040
  0.12089142691552379  0.13169622317607743  0.14228094347283401  0.15292976539629527
  0.16372235512635089  0.17460005416885990  0.18618035864234161  0.19730823707972872
  0.20832593152875889  0.21933253180437548  0.23028546320914756  0.24107289670477772
  0.25167996408662791  0.26243996596917163  0.27352835234048711  0.28408984309347840
  0.29464451821845300  0.30455242481762174  0.31486479147348306  0.32542063989291103
  0.33614613554689576  0.34615030920875278  0.35569357541008767  0.36529841892634235
  0.37522826472657994  0.38586599137818201  0.39712215205715107  0.40858049773024274
  0.42002006783722334  0.43083578612534906  0.44119849242911141  0.45167487578878079
  0.46238690306298807  0.47355013163215476  0.48437015479466378  0.49506864596103989
  0.50575973442107125  0.51661231710366207  0.52783629320762815  0.53900834261046815
  0.54986924581302410  0.56020687394487534  0.57068678073661316  0.58145264519452955
  0.59184117624580301  0.60230222760463636  0.61339289937518671  0.62501475005984453
  0.63527671010172115  0.64543058526887964  0.65629842028722696  0.66729176725324246
  0.67743615216573472  0.68734120588658265  0.69700619112044870  0.70664363275629738
  0.71674898269567899  0.72693209848348239  0.73732232338783854  0.74775201617879328
  0.75856310435496255  0.76961199931692581  0.78059555616011189  0.79111433782923324
  0.80160324961959917  0.81180116504924904  0.82220224818885013  0.83251722930456695
  0.84267879023777970  0.85275317885252511  0.86286857873313338  0.87300436611203569
  0.88301931485594076  0.89293664368126135  0.90310943566822910  0.91329356548080665
  0.92325684200907088  0.93311485014939399  0.94326572964455568  0.95396110223529618
  0.96450711810078393  0.97531639377105273  0.98683558411517214  1.00000000000000000
   1.4215060906755474E-009  -1.0000000000000000     
 T F T F T F T F F F F F F F F F F F F F F F F F F F F F F F F F F F F F F F F F F F F F F F F F T F T F T F T F F F F F F F F F F F F F F F F F F F F F F F F F F F F F F F F F F F F F F F F F F F F F F F F F F F F F F F F F F F F F F F F F F F F F F F F F
  <DiscreteSampler_grid>
  grouped_processes
  1 # 1 for a reference and 2 for a running grid.
  10 # Attribute 'min_bin_probing_points' of the grid.
  1 # Attribute 'grid_mode' of the grid. 1=='default',2=='initialization'
  0.0000000000000000 # Attribute 'small_contrib_threshold' of the grid.
  0.5000000000000000 # Attribute 'damping_power' of the grid.
 # binID   n_entries weight   weight_sqr   abs_weight
    19   10   1.294231502708090E-001   3.088485173922875E-002   1.294231502708090E-001
    25   10   1.095812220150609E-001   3.006857037713625E-002   1.095812220150609E-001
    37   10   9.073321227633210E-002   1.795913863678490E-002   9.073321227633210E-002
    43   10   1.402286350755748E-001   3.758364332327834E-002   1.402286350755748E-001
  </DiscreteSampler_grid>
