 -0.00000001043584900  0.00001251431064993  0.00009759190139332  0.00028084944930126
  0.00055874746917233  0.00093114314783068  0.00138794557661176  0.00191486683322049
  0.00249215309682149  0.00314329597139762  0.00385550317450754  0.00463133954825964
  0.00545043915613522  0.00627454942945039  0.00718173679945698  0.00807872583674176
  0.00905490798902079  0.01006668641634159  0.01107275295450708  0.01214116667503394
  0.01321960679057485  0.01428657553814438  0.01541115367657005  0.01658779436769037
  0.01773418300468104  0.01886831232252547  0.02004097287102656  0.02124200613748843
  0.02242330790562050  0.02360632592740003  0.02478812614236370  0.02598438011652325
  0.02731467537823298  0.02863147775239398  0.02994010488494088  0.03124421846832644
  0.03254249817660938  0.03384680007490772  0.03520061111866295  0.03658496905295905
  0.03797893880721327  0.03937487773539251  0.04075297221123243  0.04213371504875476
  0.04350108649380238  0.04483169390182343  0.04634991773397173  0.04791544833845720
  0.04949105973044719  0.05105139921349464  0.05257899812803148  0.05409634147064006
  0.05562583630392293  0.05715626521399068  0.05870725936736532  0.06029313612415976
  0.06193825593619180  0.06365105073341085  0.06539649552823845  0.06712686575838228
  0.06885125855768438  0.07055951207044542  0.07225576855805184  0.07395159790723847
  0.07565703913245853  0.07734308133163109  0.07919232157176201  0.08108408353179308
  0.08308562895096987  0.08521089714288617  0.08736959698493259  0.08957654876984816
  0.09184082282473446  0.09413717809547283  0.09645216578317713  0.09875689496057689
  0.10100963991021744  0.10326760779469037  0.10580516969395515  0.10852474732173534
  0.11141908457679411  0.11446059819155653  0.11757018899282803  0.12071673959003641
  0.12400030497792998  0.12743621393131768  0.13101141883105691  0.13475089779645427
  0.13892167898010108  0.14423725450920313  0.15066010168108152  0.15807454820515726
  0.16708477821085205  0.18082765657898994  0.19380431063789125  1.00000000000000000
  0.00949516195565575  0.01578958873052605  0.02512466406441909  0.03608599337311837
  0.04647476028198892  0.05667050744858904  0.06645386963018715  0.07578688695222292
  0.08498384175748418  0.09419145661004301  0.10362440558965920  0.11327487362462227
  0.12322746312653436  0.13342525508824954  0.14429253403683462  0.15419763583956225
  0.16410977375656033  0.17399826482909397  0.18375381428305271  0.19309503998216623
  0.20243571024916679  0.21261122579933658  0.22438718269599967  0.23596703457948340
  0.24721815554823792  0.25850110293207434  0.26940956947159539  0.27984851860392840
  0.28986279756923772  0.29961882314364041  0.30960671540454843  0.31962560938137735
  0.32977123401393721  0.33986856709377566  0.35012241703708630  0.36079722055139074
  0.37169253472838870  0.38166245732187887  0.39160558635485210  0.40150272376898355
  0.41136648104835499  0.42081807739593546  0.43010185013253838  0.43940699703887554
  0.44944643666512279  0.45938364993424047  0.46985522597426049  0.47997907422740255
  0.48948524004137123  0.49946816229431745  0.51002764044314963  0.52065376353375714
  0.53101264521260461  0.54148986923469178  0.55201903562628385  0.56244189429933067
  0.57320072526090127  0.58436168970126456  0.59525210839711251  0.60648684461045033
  0.61842377914752800  0.62966601594286631  0.64027348777445003  0.65078975732690736
  0.66112104290770235  0.67088158619167682  0.68036695389043755  0.69025235215234582
  0.70096503069358163  0.71213295506939978  0.72341324491395198  0.73491051209345126
  0.74627716684579926  0.75721857719519170  0.76796140429123105  0.77922083845441781
  0.79091489033806361  0.80231210216507109  0.81307280254889758  0.82303593988859758
  0.83275471760599795  0.84258441249448401  0.85259560729735806  0.86251266895504353
  0.87241342918100906  0.88267894508975153  0.89338725400639651  0.90397828774113098
  0.91442817957048228  0.92497768766543720  0.93577988912624110  0.94680015087871550
  0.95821492287853482  0.96971043398672974  0.98077707531574232  1.00000000000000000
 -0.00231586556849482  0.00973055245166042  0.01943218684828619  0.02960554532144422
  0.03945038569619515  0.04923569388326063  0.05882620966654627  0.06882276917878447
  0.07912186427959234  0.08936761567005162  0.09943531723164277  0.10965696667259865
  0.11964600192552984  0.12960160846404092  0.13985743027610414  0.15028478572214715
  0.16043442910785283  0.17039148767262241  0.18039016090239074  0.19053672694376314
  0.20064753909464098  0.21088869919489284  0.22173951860887411  0.23225350814260956
  0.24243186587975990  0.25294811322761046  0.26379445360989645  0.27418377447761877
  0.28433134000889232  0.29488180556451427  0.30590178271685309  0.31666162509090989
  0.32708334621912710  0.33751005863438061  0.34778705465194198  0.35755911193608381
  0.36691597994062769  0.37630737158992733  0.38609095557829276  0.39637004650379215
  0.40687229346832038  0.41730240320818240  0.42765660089118157  0.43829025515965836
  0.44924301813950085  0.46002588795020843  0.47069154514089473  0.48149167926742453
  0.49246440181348805  0.50330216836648867  0.51396175607809980  0.52495666483371073
  0.53665214943451933  0.54886129059052935  0.56092958544877536  0.57233712693928152
  0.58340956710031511  0.59404273139974173  0.60472234749705267  0.61565589602738369
  0.62655646658516506  0.63724081327598703  0.64802813712477514  0.65906016638325005
  0.66979039310042043  0.67956280598706664  0.68990892326517483  0.70034782398222228
  0.71080515386890419  0.72116267700169345  0.73176212994414358  0.74281583660775607
  0.75342214171799471  0.76308001806571912  0.77289592253158723  0.78302479145876680
  0.79309711051217324  0.80316109261265090  0.81287673472030886  0.82286905379186603
  0.83301007439938612  0.84331200930285211  0.85361282903194557  0.86399595540319230
  0.87460205021102988  0.88582029457665612  0.89765179516837890  0.90963317735014237
  0.92126421792409940  0.93267847303539597  0.94392912375142679  0.95494020978454863
  0.96600288282054758  0.97708824702304320  0.98841182938361150  1.00000000000000000
 -0.00240511621535063  0.00993436989879178  0.02036451215255260  0.03080723833238088
  0.04081112940106059  0.05139536538720173  0.06190003661805133  0.07252355551293285
  0.08365529671444238  0.09580905127767782  0.10810949755250228  0.12037000107203130
  0.13258483125792941  0.14467997153004694  0.15635934306873384  0.16775186459675090
  0.17909306549471643  0.19005463376635803  0.20064663899999827  0.21076023263239860
  0.22060623262188839  0.23036154325821179  0.24026692579019424  0.25047528121914459
  0.26163631439232071  0.27368127630427019  0.28636763878600058  0.29812904470852658
  0.30910839756847464  0.31981241586658621  0.32998536041509635  0.34011288077318491
  0.35017347093321177  0.36012708993301484  0.36973311937898151  0.37953234735983654
  0.38994326888752706  0.40069513255684053  0.41153389068731866  0.42178372329900365
  0.43166640231726155  0.44181938628906514  0.45207735405891813  0.46222740727168121
  0.47204513882932408  0.48174744340410020  0.49165165372757885  0.50129550005372581
  0.51066182755157319  0.52012681286822926  0.52981337854271260  0.53967739369486389
  0.54916880754562436  0.55842920159752074  0.56736053587082613  0.57664653301828550
  0.58623510096923193  0.59607990952013001  0.60605128518228568  0.61681933804100197
  0.62729178429575960  0.63803274122528852  0.64889729432030363  0.65982023201359064
  0.67079543415798681  0.68129217198420666  0.69154784830013882  0.70164775062583828
  0.71223550188640405  0.72311001939081676  0.73351971058716658  0.74323579424570962
  0.75306428577352347  0.76294633460522043  0.77333881698081375  0.78362536613931710
  0.79403625436343317  0.80454296647632062  0.81473163273165039  0.82528047248535197
  0.83561876036139726  0.84615935389915842  0.85680151276137240  0.86765640186233273
  0.87832822016744228  0.88864884727102511  0.89878306930473406  0.90896498731847430
  0.91923552006393694  0.93024083076031816  0.94135090438472968  0.95273924771160878
  0.96384907519892038  0.97548212776813792  0.98756365210988162  1.00000000000000000
 -0.00257255243650746  0.01068499105818815  0.02125092046033915  0.03138082230848097
  0.04109478003137331  0.05121365817255025  0.06187055038303586  0.07240070749044665
  0.08250286348555468  0.09233867714953940  0.10246867471199385  0.11298756629632364
  0.12398670669959076  0.13511549006750886  0.14609437457771118  0.15698700432130119
  0.16775992293704314  0.17773069753116852  0.18771916792310800  0.19750207728991265
  0.20769904211836704  0.21808591656116430  0.22870238034354565  0.23857221020174879
  0.24818564411687233  0.25784348413165642  0.26759246329224495  0.27712923003412043
  0.28654895781695860  0.29652728434928627  0.30742352682379953  0.31845406606667392
  0.32961440071668391  0.34109280829069027  0.35224036149255694  0.36302069611561227
  0.37374539357975389  0.38484414254537846  0.39591748727535941  0.40644517211686004
  0.41647907516853322  0.42655572031900324  0.43681482825442203  0.44736174595035028
  0.45827240944049757  0.46974833255710963  0.48157199251730815  0.49267590418727680
  0.50371095785716524  0.51462134919832736  0.52543320312644071  0.53613042721738735
  0.54656207994245076  0.55711238193787138  0.56739807527593156  0.57783142774585816
  0.58883224688469316  0.59996771560397089  0.61115933608776563  0.62213089019741985
  0.63313504336200033  0.64411681352963257  0.65498343730418240  0.66580241718276434
  0.67641624327838468  0.68753413319953460  0.69915152979704498  0.71082688517313264
  0.72227763638011711  0.73314271473101744  0.74385043941144469  0.75452981770086414
  0.76546597844753361  0.77700571891731385  0.78827137541403547  0.79930350695842389
  0.81028474280778873  0.82144446350386058  0.83268684841221696  0.84381444770731584
  0.85450771918649371  0.86444481316641775  0.87426764791098555  0.88413993582940298
  0.89412089259485195  0.90389664545468928  0.91354508379442734  0.92328097754160354
  0.93301374090865008  0.94246977844117408  0.95194658222316308  0.96141210880289341
  0.97106408725712179  0.98062888515820745  0.99022521505001104  1.00000000000000000
 -0.00244897963950704  0.00939494704536453  0.01948010999155667  0.02969424050787558
  0.03977749537874804  0.04969733681338506  0.05975828391613606  0.07023347211462354
  0.08083042820756381  0.09101569850899537  0.10110013185381754  0.11156761308911421
  0.12241116016272244  0.13349098120665456  0.14405727099105670  0.15417976734633229
  0.16418673311794812  0.17468709134264299  0.18515930753839388  0.19541154705696281
  0.20525660568317824  0.21580419482418775  0.22647100252500341  0.23712307253259612
  0.24768923557260544  0.25905730448180420  0.27056933858931026  0.28187213552426993
  0.29335498690767964  0.30456336486949115  0.31547179339739095  0.32618113705217910
  0.33712238125703670  0.34823853258576121  0.35893318554566611  0.36914324432456697
  0.37914092414696310  0.38888241484995889  0.39845161375626925  0.40785554401694807
  0.41761312433719905  0.42808602950670210  0.43879494485496556  0.44936941942988112
  0.45944943999563947  0.46924732550753628  0.47880736141907304  0.48890278096673023
  0.49870621724132697  0.50884405561885859  0.51870322920735956  0.52877339151458402
  0.53921912570236052  0.54971331156644321  0.56073981812259410  0.57108691353467311
  0.58100466324763311  0.59053107794975701  0.60000299423966186  0.60905680125030115
  0.61754535371634789  0.62611506554815766  0.63538850280984371  0.64494880201739468
  0.65500780024696370  0.66513539492350238  0.67565210049075330  0.68645467138338989
  0.69673400979624356  0.70678079473584732  0.71740225991062001  0.72843513839445651
  0.73996299920915232  0.75174773773242942  0.76418619494328610  0.77684661201610339
  0.78886813782316090  0.80022826244236034  0.81095410112567801  0.82170697042412244
  0.83256328907440980  0.84374061228196529  0.85507288626163103  0.86671012965458261
  0.87827797167462784  0.88966588527260670  0.90077831703319466  0.91173364698239212
  0.92234180480695982  0.93237473112415881  0.94266653901828279  0.95324100176014037
  0.96418001792638153  0.97529581789201014  0.98750852708083936  1.00000000000000000
 -0.00200662466321160  0.00749921742906652  0.01630872737823014  0.02534825885264560
  0.03457280538686288  0.04389764608979609  0.05313747308049107  0.06251665833289730
  0.07178486488415771  0.08129872470759163  0.09139222919469195  0.10134540777571073
  0.11022887107731713  0.11856866286261492  0.12697983989042122  0.13560702092290738
  0.14470877901384299  0.15402374725684814  0.16324386330531207  0.17296637379747754
  0.18319821645806078  0.19395745786819704  0.20500151765311231  0.21592554667746519
  0.22664792936382203  0.23718396560990085  0.24751525839401781  0.25786651757669449
  0.26838584631791568  0.27876255757446095  0.28902615963377415  0.29932573513569505
  0.30991056445691817  0.32080006884210549  0.33193697372370651  0.34338183037131631
  0.35478731369043032  0.36598628849883091  0.37704212096982603  0.38811310472483368
  0.39944010508025513  0.41113444870606447  0.42299560050895574  0.43529781936083789
  0.44814799097803415  0.46099973965449170  0.47346728149900535  0.48594247464383794
  0.49847468962408886  0.51098732401642588  0.52369830517116989  0.53671230158397909
  0.54994704181739373  0.56280854270871006  0.57485458828617508  0.58635777261652211
  0.59819355298776034  0.60992508029303194  0.62161991202663291  0.63348144004570939
  0.64559924661821244  0.65784196706622222  0.67005828201773587  0.68196653454396183
  0.69330653754376159  0.70439775810301453  0.71558526865634686  0.72685284183802301
  0.73750965561223580  0.74770397377517006  0.75780954180898552  0.76816134509399847
  0.77870073140761409  0.78904883001422788  0.79911212099716056  0.80916024308249013
  0.81925787504289116  0.82934396486516304  0.83946682626891900  0.84967246082872927
  0.85990683917272470  0.86981327881735504  0.87940061670537961  0.88869259758156871
  0.89779067433634852  0.90682219277023823  0.91576777598807602  0.92483942529468277
  0.93426353941046203  0.94356968020184329  0.95310932256180159  0.96251661142988476
  0.97201525170696290  0.98160094409582377  0.99087110322759919  1.00000000000000000
 -0.00223135839577254  0.00928230100136563  0.01882014712317686  0.02923615733211478
  0.03923986605964065  0.04997855667834150  0.06074108217077295  0.07132396422267745
  0.08147474644871014  0.09196356323107120  0.10275749771809457  0.11342222654171599
  0.12406479899148834  0.13399750059608295  0.14414220336605635  0.15387257960361297
  0.16359584538350433  0.17317964407504399  0.18292843489114569  0.19354725641716386
  0.20421219472530697  0.21523310500643403  0.22637324084698895  0.23706810570014927
  0.24776281566970929  0.25795636473974065  0.26780885246724795  0.27729067535878410
  0.28675475126814837  0.29695474591507826  0.30762617290380817  0.31850263715197308
  0.32952857590186818  0.34100197024676066  0.35292942469165606  0.36412679887244009
  0.37494849155293009  0.38533459597528819  0.39577642626763376  0.40612843734168130
  0.41637460806157922  0.42633952969678213  0.43648296356918975  0.44678816716766295
  0.45727814525922184  0.46784418515305881  0.47862674171632907  0.48998764850544907
  0.50130596998003563  0.51296766212471034  0.52420627044257118  0.53554458846037001
  0.54685948375099047  0.55821561610109471  0.56952701063014777  0.58056865688149462
  0.59205977999467330  0.60334828278649977  0.61412876346041279  0.62461713902565985
  0.63488910274252142  0.64498802685408430  0.65498090372080076  0.66482203026019493
  0.67500904204167511  0.68542867264406571  0.69580700051025435  0.70594263331112839
  0.71607131288133019  0.72632840431020584  0.73696982084417217  0.74832791353805495
  0.76022132196580017  0.77285510114005251  0.78564458855788832  0.79761708493854655
  0.80875720466245016  0.81933111719450069  0.82940936715733171  0.83895395217728741
  0.84825447106781215  0.85788065960339954  0.86812747786620847  0.87862174960420569
  0.88924173213781887  0.90001422839153888  0.91064997381983293  0.92098269364698448
  0.93099926847575731  0.94128679360073442  0.95166875927191963  0.96161611875105180
  0.97117239267081790  0.98104534871601390  0.99070576739070881  1.00000000000000000
   1.4122169017739022E-009  -1.0000000000000000     
 T F T F T F T F F F F F F F F F F F F F F F F F F F F F F F F F F F F F F F F F F F F F F F F F T F T F T F T F F F F F F F F F F F F F F F F F F F F F F F F F F F F F F F F F F F F F F F F F F F F F F F F F F F F F F F F F F F F F F F F F F F F F F F F F
  <DiscreteSampler_grid>
  grouped_processes
  1 # 1 for a reference and 2 for a running grid.
  10 # Attribute 'min_bin_probing_points' of the grid.
  1 # Attribute 'grid_mode' of the grid. 1=='default',2=='initialization'
  0.0000000000000000 # Attribute 'small_contrib_threshold' of the grid.
  0.5000000000000000 # Attribute 'damping_power' of the grid.
 # binID   n_entries weight   weight_sqr   abs_weight
    19   10   1.080641963255982E-001   4.205642433828542E-002   1.080641963255982E-001
    25   10   1.474190817279092E-001   5.831206519338872E-002   1.474190817279092E-001
    37   10   1.635005045027618E-001   9.057581672473876E-002   1.635005045027618E-001
    43   10   1.048197921276066E-001   3.140833607235625E-002   1.048197921276066E-001
  </DiscreteSampler_grid>
