 -0.00000001026080667  0.00001287124072554  0.00010039077742676  0.00028899991576474
  0.00057471889484569  0.00094558395416165  0.00141488813686911  0.00197129350356723
  0.00259481552515026  0.00325481498928223  0.00395017473514727  0.00472284109931939
  0.00554505163300907  0.00637014194362714  0.00726575891594696  0.00815891485189148
  0.00916738827364201  0.01018656533859144  0.01120445756309582  0.01227651558465597
  0.01336742012076421  0.01445093454680629  0.01556052158055010  0.01671686750840118
  0.01785779844289574  0.01899124730275545  0.02014551404196695  0.02140545959890507
  0.02264866252367597  0.02389610682473444  0.02512690738645674  0.02638026199966863
  0.02772870979036792  0.02905698062229351  0.03035418164621409  0.03165108997489152
  0.03297021862395261  0.03432707302661958  0.03572653268931227  0.03714756490492421
  0.03853394703232945  0.03990710248097661  0.04128176191636357  0.04265583542463188
  0.04402821773085919  0.04541733979931358  0.04687659834875615  0.04840383854326067
  0.04990243102467667  0.05141685968878924  0.05295097829613562  0.05449553664331504
  0.05601150612050953  0.05749118822060681  0.05899317335046267  0.06055333483924633
  0.06215720765568593  0.06380048562038741  0.06543763964731568  0.06709019468238635
  0.06874134538438206  0.07041232545247456  0.07212098226673240  0.07385969263241753
  0.07560830511701379  0.07730152660804565  0.07910725981087942  0.08100357737391617
  0.08302031983650593  0.08512583980330744  0.08715382748068451  0.08917553995181753
  0.09127324123767742  0.09339113683575820  0.09555637068538683  0.09782431698951553
  0.10008925999051482  0.10234483319223769  0.10485139712402747  0.10754108884826154
  0.11038587334438331  0.11352940308389695  0.11671350770988544  0.11995276465979603
  0.12331841449990250  0.12686221858439042  0.13048577106340231  0.13416899007983457
  0.13866176021148965  0.14391869457633516  0.15019866409984542  0.15779932767334182
  0.16733886733569409  0.18195869178238716  0.19340429988474095  1.00000000000000000
  0.00948200497626965  0.01584078801523541  0.02541858579111276  0.03670164465963822
  0.04697347557496329  0.05800707692786832  0.06866206036583541  0.07953138193258560
  0.08961703361656279  0.09937522658730333  0.10884878373949862  0.11863450621751526
  0.12836439806852731  0.13887714077226038  0.14968358247531902  0.16078040983414341
  0.17148460293551399  0.18203580173465930  0.19286065674552305  0.20393957394134141
  0.21409835312426331  0.22349342399874617  0.23333049568868347  0.24353863472965520
  0.25385741826288954  0.26433476567860753  0.27488562653959353  0.28569220020263170
  0.29598067327709437  0.30603611521985147  0.31612733322124026  0.32650838895794199
  0.33758613507155327  0.34918461463584222  0.35967543699323362  0.36991835358780228
  0.38025520963579890  0.39074413244945416  0.40057741704331440  0.41048230576714612
  0.42087436725856492  0.43143143624910246  0.44148640435201203  0.45171131674722687
  0.46150461198738452  0.47091490368654337  0.48013377790041389  0.49019904325587610
  0.50086385895638275  0.51129363232937519  0.52149299935468063  0.53187504069712532
  0.54248215416280798  0.55318846947592937  0.56366618293078252  0.57415508646890268
  0.58466031729546386  0.59532490844283348  0.60568900371229495  0.61608908627740322
  0.62704322694367365  0.63866795527987807  0.64983391032315951  0.66113243416456946
  0.67197049214519411  0.68333337071288047  0.69426222067792631  0.70522132545151450
  0.71520078143028798  0.72519487544331951  0.73620294877512771  0.74759801338014609
  0.75915604161355932  0.76999213292766211  0.78165222617410712  0.79289334267105749
  0.80381345149631001  0.81484989275633113  0.82524709287746101  0.83523132017943069
  0.84500178706942108  0.85543638221867979  0.86638525035011060  0.87648486689859995
  0.88704547770385600  0.89755001656521216  0.90814250656452156  0.91881356919904555
  0.92990817250974667  0.94127890242332435  0.95201028795132803  0.96295673068628762
  0.97314399386431905  0.98301543476853859  0.99079631423683023  1.00000000000000000
 -0.00252875743219601  0.00930989548238123  0.01908502260931515  0.03013050017612445
  0.04120634499901063  0.05231220125285864  0.06298569713086417  0.07395914657841751
  0.08481226344868681  0.09513540802370592  0.10573576848559886  0.11604136162826865
  0.12646777300025963  0.13682429172844596  0.14758700924206911  0.15850493005145930
  0.16943211944133130  0.17975416065946573  0.18981488106473768  0.19989328120837568
  0.21030551318976309  0.22079188093860042  0.23126824529948442  0.24174637884320088
  0.25212996835614127  0.26265898972506035  0.27315830652468992  0.28398734958380162
  0.29533504079987705  0.30711087882691984  0.31940192972616899  0.33179319638131277
  0.34430682367992915  0.35625079740982657  0.36746885341784508  0.37813292686363392
  0.38857195478892764  0.39915302565929894  0.40979240867162087  0.42033032505035139
  0.43061333446447358  0.44068696838523608  0.45056981732896306  0.46065929138703032
  0.47106847157026299  0.48164653420334058  0.49221063170674428  0.50284468512035962
  0.51340166385653774  0.52363237195441481  0.53365980437142380  0.54368913745911895
  0.55399679885181030  0.56416458019722138  0.57433717484922397  0.58446858533140655
  0.59440483272998679  0.60394340142856018  0.61367469385007711  0.62333015212444198
  0.63353560914590501  0.64371096469716316  0.65404324715465045  0.66444942971832421
  0.67547904963929095  0.68650424762618778  0.69786997483673885  0.70876887688916013
  0.71974023279476762  0.73048105041222111  0.74111168536730165  0.75173608304550665
  0.76217956691153299  0.77260317365109887  0.78318963665968810  0.79441535247472406
  0.80619869668461352  0.81693702204193464  0.82720662605662365  0.83671111117789965
  0.84585719382106017  0.85529401495616741  0.86435759362254405  0.87358260633124940
  0.88319178682040500  0.89259867559199080  0.90225654622235263  0.91264599707446570
  0.92305523925122202  0.93394582479386423  0.94470064867508619  0.95552828126530220
  0.96646046788911300  0.97757561053514197  0.98882380363653377  1.00000000000000000
 -0.00205984642051966  0.00811601002361251  0.01700478984192422  0.02678440870519844
  0.03682537541230943  0.04717896671808150  0.05769007623974920  0.06823250238771085
  0.07834471716004343  0.08845268254358525  0.09868755847744719  0.10951570458375108
  0.12043080174711877  0.13161870331328177  0.14269423331222983  0.15284729395600208
  0.16282550423128397  0.17295364189502715  0.18336957666983392  0.19383228623030641
  0.20420158609093428  0.21506187661259091  0.22588406414123516  0.23663539592201210
  0.24735238013976577  0.25800712625287703  0.26869130434143529  0.27963325794149685
  0.29081733917106317  0.30162645037865377  0.31228571363130597  0.32331831385998649
  0.33457913119734239  0.34574746347529389  0.35667278967452748  0.36806579345881224
  0.38007598435783174  0.39217456837098497  0.40353840614609715  0.41429999306061072
  0.42497466289291702  0.43544221836686570  0.44543965792249879  0.45544022911264881
  0.46627142193501792  0.47762623278004462  0.48915492604131633  0.50038239748730984
  0.51134546716547158  0.52206826143474172  0.53243689082430001  0.54277021162488936
  0.55294060669711476  0.56331036252660960  0.57439129259471500  0.58567690458004451
  0.59667802494517119  0.60729878015882099  0.61762210755964098  0.62789298065000765
  0.63818016840637637  0.64882030461959317  0.65925605379752206  0.66949316249960622
  0.67980378936889752  0.69073565774913137  0.70207419721244257  0.71275037968714028
  0.72304342765081941  0.73310520325922202  0.74339098306115547  0.75330428407503747
  0.76309002643308688  0.77269421975028285  0.78257438792075340  0.79306292521337696
  0.80422693153854419  0.81591831937318027  0.82760886154725477  0.83865165082505688
  0.84931029965950278  0.85976955557199453  0.87010110386153416  0.88017037837567624
  0.88941080884911805  0.89860763961340429  0.90790311682444746  0.91763641791948125
  0.92754843222754968  0.93789766632082172  0.94766693046321437  0.95748597423232618
  0.96749443061197649  0.97786199558149367  0.98884837250261981  1.00000000000000000
 -0.00253088255008443  0.00994112908745832  0.02025389161648582  0.03141304270325467
  0.04256615665766232  0.05373824169383717  0.06480127365832998  0.07607933121143366
  0.08760665603344821  0.09838149498641725  0.10851937869581635  0.11843032637383830
  0.12841034743263738  0.13860270042506936  0.14881718678862479  0.15958517333294814
  0.17096561749383962  0.18304277577755415  0.19456700242445629  0.20594723716079075
  0.21729406581337324  0.22922906773683704  0.24112447515784455  0.25290370803213547
  0.26493394509782403  0.27669094350157053  0.28815994333467859  0.29903531177208731
  0.30929992468208728  0.31932007479280911  0.32872516399996626  0.33846300153768194
  0.34849159004403457  0.35902114262615131  0.36985652562286853  0.38064480348211399
  0.39115219985571870  0.40107483786337295  0.41115755283944277  0.42117089873340219
  0.43131594321827260  0.44101971775069115  0.44999671978279848  0.45922554650413494
  0.46874404454519031  0.47787488327393501  0.48741554615447130  0.49705982668017545
  0.50847405770427179  0.52022332117266901  0.53168976408832247  0.54289094851470909
  0.55423163851085355  0.56547367736638710  0.57675717146704175  0.58789612341213149
  0.59931423866734590  0.61044724401893846  0.62106633789585397  0.63168893829271922
  0.64266338171253867  0.65335702106779003  0.66370716491330417  0.67410353009075430
  0.68420729692405080  0.69370971847052920  0.70318862599654075  0.71348648411544147
  0.72442322297226447  0.73537214999033240  0.74593026515566507  0.75593396143583247
  0.76565144503801164  0.77531247737906561  0.78502678211316779  0.79435589150291841
  0.80348589724538610  0.81318797325950298  0.82391450383282672  0.83553888998130843
  0.84658091432377036  0.85773619815242663  0.86832150967242983  0.87922197991622919
  0.88993698337531724  0.90062399353249800  0.91097393469669330  0.92101392247620872
  0.93110981559481498  0.94092113681235334  0.95070774600241437  0.96050407419547323
  0.97093335996389107  0.98098396616542960  0.99082458562153408  1.00000000000000000
 -0.00196257353636698  0.00791474484900746  0.01677591521191031  0.02635200659220104
  0.03615405998199881  0.04602435798164720  0.05595793073679496  0.06566468804563351
  0.07596361002832137  0.08597365128212341  0.09665255143879041  0.10732521008611716
  0.11744366841478822  0.12710214303969436  0.13698550099333182  0.14699438213657348
  0.15880496418114445  0.17044319695620266  0.18210291019720970  0.19352618819568546
  0.20503475421874140  0.21597710358896000  0.22705717968969794  0.23887980399918807
  0.25076529868367425  0.26277679289045558  0.27465298485701956  0.28631005983584290
  0.29761570984835634  0.30870908038395362  0.31935797227829227  0.32980533862159106
  0.34077819893549333  0.35201554731836260  0.36314178420676657  0.37410150424296373
  0.38488712934604541  0.39528470248839176  0.40517398206201466  0.41482734567147861
  0.42409665246631356  0.43306673530882206  0.44245722938796073  0.45264812121852654
  0.46364733701864280  0.47524623461474602  0.48683198186763343  0.49855789491955299
  0.50955364288636373  0.52045121179656073  0.53114014850916180  0.54182588759571126
  0.55277744054691969  0.56337344220204666  0.57381161025363170  0.58420974043442087
  0.59509306834197084  0.60595068441797972  0.61646662974677158  0.62647394111326093
  0.63615070896616477  0.64596624543377645  0.65584386812032147  0.66582927464545494
  0.67611551735877595  0.68632607299314852  0.69605126131279693  0.70560019829276521
  0.71488969216472509  0.72445807083621128  0.73422525409474870  0.74423461350558240
  0.75462545485254084  0.76519930482160003  0.77587631452562789  0.78657247587060319
  0.79683853970516727  0.80689302066099922  0.81700184949706534  0.82768534794809545
  0.83885651016511220  0.85063251340447488  0.86172844278106031  0.87226039377886400
  0.88231011725625352  0.89211607696789119  0.90228910032260068  0.91243528659088624
  0.92330863991770296  0.93419775408727046  0.94547232675927484  0.95656752697459946
  0.96665714157218507  0.97680361239206470  0.98806432613349049  1.00000000000000000
 -0.00212345578744582  0.00722566843957403  0.01505150046750696  0.02345439895462285
  0.03235648960900739  0.04141112115247615  0.05117721097124787  0.06009231060758079
  0.06958444261412450  0.07901543818674074  0.08862343177108337  0.09820844796714653
  0.10800687101839146  0.11823442258365327  0.12862840315911306  0.13894843374784602
  0.14928051550246782  0.16015363480930775  0.17104175543286998  0.18182875957989406
  0.19263914699866602  0.20335509898267823  0.21321926174436362  0.22257812636531032
  0.23232086153817205  0.24255655692925585  0.25295293423306181  0.26291049481074269
  0.27324606454521588  0.28426011667565920  0.29537766789332914  0.30626239758200674
  0.31714045868798402  0.32892430049963750  0.34029224527539798  0.35151997720756811
  0.36243943828858705  0.37378302782730988  0.38479052828277654  0.39589363746310891
  0.40711754383224580  0.41860991490418792  0.42984526941169904  0.44145029119516216
  0.45351133689858031  0.46550797304521313  0.47686937088613368  0.48815792557994997
  0.49946856210775081  0.51117545400320541  0.52357714971622193  0.53670392317117843
  0.54913425672635230  0.56084627557613276  0.57233170492511964  0.58352824925566016
  0.59398866011622409  0.60413586220036286  0.61499183835421800  0.62630043683089442
  0.63788785897012834  0.64961534433543089  0.66175049708032641  0.67330960466752032
  0.68490372124162247  0.69585673584026819  0.70685804037590627  0.71746139461231906
  0.72783701576086834  0.73856285130002119  0.74958353914359499  0.76057754261400845
  0.77155841921477375  0.78242122439532857  0.79321080542051547  0.80329090791693736
  0.81316338550147416  0.82294362484978600  0.83285466005474906  0.84302341945686221
  0.85311471590619903  0.86318918441144621  0.87321005615770919  0.88309895146897732
  0.89323263944533549  0.90336216794425983  0.91386594756803408  0.92459190688307302
  0.93499563228003923  0.94493887707379731  0.95449324909469591  0.96379214055619700
  0.97308123194479379  0.98224401297548392  0.99104699125195650  1.00000000000000000
 -0.00222313967453081  0.00931290985092962  0.01873155652234866  0.02819604070026493
  0.03749999792551592  0.04682687163051009  0.05581134771813172  0.06519395516512344
  0.07499573815669679  0.08522362545996687  0.09558638789909990  0.10541065147674551
  0.11482457168434668  0.12406515995931519  0.13385892576445385  0.14433857777232276
  0.15509880162823930  0.16610781170619679  0.17710832088871781  0.18853133825313034
  0.20023123273855759  0.21139685095032670  0.22250822917101790  0.23281020611755254
  0.24289345213629937  0.25291118464139861  0.26279535939911564  0.27248240456596717
  0.28220527658571942  0.29277833576374090  0.30469477567905506  0.31671104508219794
  0.32808370983413254  0.33954858563778861  0.35138731867938400  0.36302496763124326
  0.37405580243266551  0.38486584897770310  0.39524760460838720  0.40568965647542499
  0.41684994840935280  0.42813729474685180  0.43918148668184775  0.45004513138718660
  0.46124926323758081  0.47263315249005478  0.48420951300130349  0.49615738053000036
  0.50669877189604573  0.51676133247104294  0.52640288499209176  0.53586105760783831
  0.54523062409980749  0.55458580812896119  0.56425156798481424  0.57416608832441629
  0.58401181743921915  0.59381251755365527  0.60355157289281447  0.61345509875068971
  0.62383417210942893  0.63499643152759089  0.64628072040667350  0.65701159900027983
  0.66721089500510478  0.67756204933486919  0.68830846222120290  0.69949882714163603
  0.71093203113587156  0.72192365655303004  0.73266083583399588  0.74299497298343475
  0.75356031926995137  0.76440532147492246  0.77521646037940439  0.78572544980046299
  0.79619285575209331  0.80692483002114623  0.81767706761639625  0.82824258301536369
  0.83891235436668232  0.84975777654118634  0.86088730881235576  0.87249342365663873
  0.88427577766473375  0.89620217327237006  0.90878082633025203  0.92032199700420902
  0.93143396886958141  0.94204575080333941  0.95283722211829791  0.96279374724249744
  0.97206186830557662  0.98136327385678845  0.99064342622017898  1.00000000000000000
   1.4452744677244497E-009  -1.0000000000000000     
 T F T F T F T F F F F F F F F F F F F F F F F F F F F F F F F F F F F F F F F F F F F F F F F F T F T F T F T F F F F F F F F F F F F F F F F F F F F F F F F F F F F F F F F F F F F F F F F F F F F F F F F F F F F F F F F F F F F F F F F F F F F F F F F F
  <DiscreteSampler_grid>
  grouped_processes
  1 # 1 for a reference and 2 for a running grid.
  10 # Attribute 'min_bin_probing_points' of the grid.
  1 # Attribute 'grid_mode' of the grid. 1=='default',2=='initialization'
  0.0000000000000000 # Attribute 'small_contrib_threshold' of the grid.
  0.5000000000000000 # Attribute 'damping_power' of the grid.
 # binID   n_entries weight   weight_sqr   abs_weight
    19   10   6.617187358258479E-002   7.070403476993700E-003   6.617187358258479E-002
    25   10   1.599608811927936E-001   5.822492771222896E-002   1.599608811927936E-001
    37   10   1.994047155091542E-001   9.937698769912093E-002   1.994047155091542E-001
    43   10   6.139846300768344E-002   5.346511612555334E-003   6.139846300768344E-002
  </DiscreteSampler_grid>
