 -0.00000000991850445  0.00001245373785288  0.00009814369454790  0.00028548775534964
  0.00057029571254096  0.00094164045773261  0.00138527392443222  0.00189355980471697
  0.00247943266459268  0.00313536654936030  0.00384361318862665  0.00459825272974656
  0.00539925028303452  0.00622175263642336  0.00710493627506160  0.00800296034092033
  0.00894519163152606  0.00990088538466673  0.01086393284980931  0.01189540454428393
  0.01297426235257588  0.01402441723775161  0.01511041577876308  0.01627318223034912
  0.01742700931732682  0.01858645763832446  0.01976293939161147  0.02096807250234427
  0.02217321857037937  0.02336758517148222  0.02454582529229147  0.02573826168339659
  0.02705939514291978  0.02838213139481889  0.02970958115389254  0.03102648280290219
  0.03231643421976547  0.03363245830489646  0.03497577991740448  0.03634790562406257
  0.03775013586302658  0.03916919649219214  0.04059749107894716  0.04203093884102527
  0.04347315229167189  0.04494513358810057  0.04645923632702539  0.04799686020720297
  0.04954728126608563  0.05110457282039248  0.05266531892305150  0.05424933420782675
  0.05583589996064284  0.05742915835497341  0.05906059237186845  0.06072558933095382
  0.06242883319786651  0.06418692073794798  0.06593515142339451  0.06766964504500393
  0.06938738968710034  0.07109472285034310  0.07281175693797751  0.07456496165693349
  0.07632196134563188  0.07805500601862367  0.07997035367808206  0.08200984769705727
  0.08411319640740468  0.08626301498735871  0.08840744309911309  0.09056487291266183
  0.09272004912779390  0.09489482758013776  0.09709760707315024  0.09928648050715877
  0.10149691162970480  0.10374299642413577  0.10612977734335528  0.10876041431041018
  0.11168529347779338  0.11468027969512697  0.11772916162441639  0.12096523115442875
  0.12433802325059069  0.12776303584055451  0.13133687828475146  0.13491696572022840
  0.13890536455770430  0.14416098770934999  0.15044164762671930  0.15771279539343699
  0.16654079222769919  0.17891465766038034  0.19456685463816178  1.00000000000000000
  0.00969158546262631  0.01510651615624223  0.02328136369528349  0.03321937275524642
  0.04306524083408406  0.05267648802394459  0.06219931302473042  0.07174229253524199
  0.08159464316771550  0.09173575585963685  0.10198209553363217  0.11171807106360880
  0.12103204994299965  0.13074137740642644  0.14057836409206206  0.15019620937617598
  0.15959413390391239  0.16928268358339721  0.17962149292331447  0.18984124034860153
  0.20008131742340063  0.21016716552947437  0.22037134242983605  0.23079177484737340
  0.24091508565540273  0.25084922822751959  0.26049349413115608  0.27009617231789634
  0.27989440970213492  0.28975831007262559  0.30020904655435782  0.31105455840306317
  0.32238704723824130  0.33372377840889089  0.34489634314314876  0.35576090741450273
  0.36593800378422137  0.37627241916508775  0.38664677767931849  0.39696069773232073
  0.40721996887076872  0.41795553786801842  0.42913366782802564  0.44038069335320057
  0.45136875423243067  0.46223392875233549  0.47250870518045618  0.48222020529408699
  0.49195180750919804  0.50186904242269792  0.51221239565047305  0.52316023367925446
  0.53489865529172365  0.54683973265057828  0.55826431849600411  0.56932256971208672
  0.58021110673947918  0.59101849561056918  0.60193030835267136  0.61274564174209722
  0.62346155279624071  0.63457671818163019  0.64580143122924127  0.65704394964140989
  0.66820014777091241  0.67887325422790146  0.68965891848984251  0.70065950801681798
  0.71142989325396000  0.72251043670039794  0.73339262830880314  0.74376966629830443
  0.75426477500289002  0.76464561359770233  0.77574044125052177  0.78671652460974273
  0.79766415807736435  0.80860620064891187  0.81917308901181873  0.82963098960253567
  0.84032965151619177  0.85143135488290744  0.86242089534536848  0.87291308614163743
  0.88456826005499734  0.89640652131223753  0.90741990704885145  0.91821396536647815
  0.92904331668692519  0.93998429741958467  0.95050442759821541  0.96069642070683803
  0.97061635260628876  0.98096564205648251  0.99148288958562214  1.00000000000000000
 -0.00254883034624981  0.00975115662097312  0.02036109877086213  0.03163296906646771
  0.04282959443358628  0.05350214039918359  0.06416808195395381  0.07496297360018847
  0.08585652327390712  0.09707533281000816  0.10791459326196746  0.11888363391984996
  0.12959198908389541  0.14008674269936747  0.15074460083319485  0.16048005491557363
  0.17043868291502989  0.18064541783694418  0.19130114116994831  0.20217352723436055
  0.21263549528257297  0.22289165642938963  0.23288990918927555  0.24271866995713015
  0.25284930766443364  0.26247227867996553  0.27192346031534509  0.28169012212821110
  0.29167927573679331  0.30256769053489713  0.31351209963908577  0.32464115412638644
  0.33562938681944987  0.34681649016832344  0.35769506437057852  0.36773794167499790
  0.37800514400389507  0.38845125732963665  0.39888357865571222  0.40880499852026209
  0.41859083214267506  0.42868391363842095  0.43848673844176350  0.44822465404471462
  0.45802456768561550  0.46784292693762403  0.47770428695312284  0.48735947412873398
  0.49707700614349043  0.50708853081886729  0.51732189081356084  0.52804448682412042
  0.53913758228502195  0.55007934189306229  0.56070683396059828  0.57117093012675679
  0.58199418539210390  0.59339105892294375  0.60489045400439323  0.61570329421333481
  0.62656743193407749  0.63763224892687398  0.64837381349706835  0.65872203182595146
  0.66924425359294248  0.67980636828284102  0.69041716485101368  0.70068749006501185
  0.71135949200234172  0.72213718314046249  0.73352660553291404  0.74463288355511548
  0.75533241155578035  0.76516651575710593  0.77486756484083041  0.78478487282329956
  0.79516535421522483  0.80611453159562219  0.81729421745098163  0.82909384494485683
  0.84056597905630048  0.85192374538188442  0.86306469441368405  0.87461138003576089
  0.88504702171576077  0.89621597310711654  0.90727730908846393  0.91868200107481335
  0.92852712712909247  0.93852311232317198  0.94828725921923152  0.95861681094578011
  0.96852415956304572  0.97832789470219017  0.98877661309546627  1.00000000000000000
 -0.00234722711494566  0.00895447876184463  0.01852630056317332  0.02913528814676362
  0.04003244371969867  0.05084745852625523  0.06125817980254240  0.07126991112507279
  0.08121376112136904  0.09145692490142639  0.10186134289333718  0.11235258451769459
  0.12292893181493601  0.13371083671738587  0.14446131324465150  0.15524445646045107
  0.16597635993434479  0.17634481692489701  0.18648774434888987  0.19683200683800359
  0.20734714529409201  0.21781319617771003  0.22837487505668455  0.23957790556911762
  0.25087496585613001  0.26216536024296366  0.27276735412318615  0.28287799401804248
  0.29298192829592601  0.30337264136698944  0.31414799799967935  0.32504087218602912
  0.33568135888036776  0.34632967025593558  0.35680604847963937  0.36710751000729969
  0.37719427891974611  0.38751272541647236  0.39813580797922138  0.40878483694960249
  0.41911825948697912  0.43035531293595919  0.44127296017363959  0.45179809160130940
  0.46244959095982657  0.47393607527988979  0.48532569710362489  0.49610297092073347
  0.50674522353810958  0.51728439741609478  0.52812763341468294  0.53932875891102561
  0.55014355325134834  0.56063011424296272  0.57120346514125786  0.58228228777512581
  0.59298818800580766  0.60383450226593516  0.61429426332410819  0.62443663903539126
  0.63399300270755743  0.64340891153420565  0.65313179110839259  0.66330031160788860
  0.67377670310570592  0.68431597011269152  0.69434635975971037  0.70443119034551704
  0.71448678435390800  0.72538499743725449  0.73591515223977055  0.74646632603818996
  0.75732935396332501  0.76875295530622245  0.77957649750736380  0.79009564619627448
  0.80014990829999144  0.81044350481334415  0.82087968186835902  0.83123172248777433
  0.84208698843395069  0.85310507516148426  0.86387327477022979  0.87479767235219663
  0.88547116983717666  0.89586549968248452  0.90684925053716781  0.91794610060952209
  0.92857712042934815  0.93839192529018589  0.94804891488344223  0.95797007656291633
  0.96777777512515872  0.97753760539193313  0.98841521558398471  1.00000000000000000
 -0.00295127364239266  0.01113677861305534  0.02247937092109444  0.03411729460550577
  0.04506225139785903  0.05615925061215291  0.06674041409456201  0.07736563322638086
  0.08763282261224190  0.09756852326935514  0.10760635861543660  0.11783171010238633
  0.12810706180369108  0.13864149768926246  0.14931048514899689  0.16057394110198853
  0.17134093322256727  0.18226091938096622  0.19244892455946039  0.20266591045945917
  0.21326399473774238  0.22424908317253447  0.23488179087963190  0.24516938869444319
  0.25560594514786433  0.26623901167561181  0.27642215573236745  0.28620850919297286
  0.29594196341649764  0.30538852692648194  0.31473012718252846  0.32381346412472201
  0.33301169329908376  0.34277425798408490  0.35273388383225557  0.36226849231970687
  0.37176829211657392  0.38102003200988532  0.39059437254936924  0.40081038918277184
  0.41128333856422583  0.42224253533081713  0.43346712210996519  0.44436908993052088
  0.45492135473661377  0.46512463967161288  0.47528787235097703  0.48532444869992281
  0.49530869029071373  0.50536742471799845  0.51582025054973168  0.52636474782255382
  0.53668762960312399  0.54715566431841456  0.55763320698347119  0.56822320134436044
  0.57888180402836564  0.58932690121267595  0.59945467563075328  0.60945145253956101
  0.61934235452284148  0.62942045075300190  0.63964601742584792  0.65021944170864521
  0.66105577818142891  0.67220933700204044  0.68344426138658176  0.69511873116220535
  0.70712915652643960  0.71900556404443050  0.73032091691218348  0.74063461669331587
  0.75053940786985163  0.76098429241710153  0.77209240589090944  0.78341777615798236
  0.79517764262190627  0.80727039423241198  0.81901648746232247  0.83031497530168774
  0.84080762126807940  0.85105741879532137  0.86116868788121470  0.87179981051441913
  0.88267666192577532  0.89389610827955623  0.90481217568508021  0.91563636206705235
  0.92669858974015329  0.93781656834945071  0.94849620534254064  0.95903109040695922
  0.96929751384922480  0.97989811242205138  0.98981945890981882  1.00000000000000000
 -0.00212319620968408  0.00926883410655714  0.01829907504977521  0.02824880977362332
  0.03777647249649969  0.04715611933910393  0.05588339619362790  0.06520805220614627
  0.07571719490455056  0.08602039635415414  0.09612210197467398  0.10633885196941922
  0.11719694483576359  0.12817674606765003  0.13896143210308240  0.14968781199519410
  0.16046098672794329  0.17146634890877549  0.18289426442631687  0.19377521778358481
  0.20414212064927659  0.21437918501319836  0.22451708648872082  0.23462605776989046
  0.24456093507964702  0.25449508985689412  0.26442745856005723  0.27435359445472962
  0.28468510818383241  0.29506871862904027  0.30535343139745513  0.31550429562210791
  0.32566359932433053  0.33604468230833234  0.34670285463681039  0.35785277444241004
  0.36935512323549280  0.38046010594753460  0.39097871358402786  0.40142964824710564
  0.41206190880719662  0.42280036951810546  0.43328991171946446  0.44350447465793069
  0.45371430730028961  0.46379190686710492  0.47384898384384116  0.48428528874933890
  0.49520518490060750  0.50614053762730271  0.51715987412573761  0.52854073273030722
  0.53966402272882064  0.55096841244461947  0.56192535008429945  0.57335584791435035
  0.58459370435475244  0.59603795427419515  0.60730153999577485  0.61808915548944687
  0.62875053264873160  0.63944242278780472  0.65015966222554600  0.66075052013443292
  0.67123674921948540  0.68138636016465637  0.69141139732707169  0.70118322495172369
  0.71096847694559651  0.72136708836649521  0.73155347059629316  0.74324649378624164
  0.75461053977481873  0.76588951983359743  0.77684405087589914  0.78805327149415971
  0.79907053966378350  0.81049642849545278  0.82116438564313565  0.83271004792457581
  0.84339889515784106  0.85391111254441043  0.86408702281146421  0.87422563958459165
  0.88500240219203052  0.89579819191558918  0.90722575969659758  0.91869230388024636
  0.92946555414258270  0.94013783558240138  0.95034094036959771  0.96071222540698276
  0.97040772529597130  0.98006879437053551  0.98977242153406764  1.00000000000000000
 -0.00202875263952041  0.00753592371365537  0.01627350561211970  0.02486242293376435
  0.03384785298155454  0.04258900092361829  0.05105607069650833  0.05914106338776885
  0.06772490651044265  0.07632300571228266  0.08514046774598186  0.09418482220307585
  0.10356197117743580  0.11300613988669181  0.12247514340056850  0.13200969682413433
  0.14174181033595040  0.15155073246073092  0.16122075180742834  0.17108274475521920
  0.18107655558015651  0.19128575477177326  0.20175562993466351  0.21240539708584977
  0.22315675731706650  0.23382823753632653  0.24435780877623098  0.25469089432243464
  0.26505950533800243  0.27594339334450046  0.28720955950429733  0.29871760407269765
  0.31074362062694605  0.32356133143637988  0.33609101436257316  0.34771405468517202
  0.35909086373223675  0.37043777731096833  0.38151838050351905  0.39242062861589339
  0.40342095839399106  0.41404363591611842  0.42421111882342011  0.43466394741451803
  0.44562030065360447  0.45675682105486959  0.46796312324849898  0.47963772128132398
  0.49198176166161056  0.50454039294637565  0.51720820076100527  0.52995637401075024
  0.54261912652518030  0.55500413801829096  0.56715142372176175  0.57913481702719427
  0.59113750497363404  0.60267258099540810  0.61407623020065283  0.62565788955470680
  0.63758365542577855  0.64966434191831512  0.66182631353847921  0.67418537583980531
  0.68635450617179117  0.69808674217678779  0.70952893949522877  0.72108054298250013
  0.73235028294820548  0.74313496797687684  0.75391067027868053  0.76477803036405689
  0.77542179172958425  0.78582634210518632  0.79637573947579421  0.80728110753150806
  0.81827357933960487  0.82895725895247507  0.83890245215186232  0.84857674214540391
  0.85847554099566825  0.86869962588010963  0.87840997396867215  0.88739255759689140
  0.89635166052978676  0.90588687749091190  0.91506327641359142  0.92419741244281994
  0.93322578376491794  0.94262240786060592  0.95244682527539060  0.96241543771558258
  0.97222791345992488  0.98183126466349069  0.99106473698177666  1.00000000000000000
 -0.00247704954357153  0.00990917063637099  0.01987425584462488  0.03043360961150529
  0.04130331460810067  0.05323641519422314  0.06529682881348606  0.07759776319584524
  0.08890066200785540  0.09981623764597139  0.11008870606080201  0.12031791780969087
  0.13014214312119771  0.13951297763954049  0.14913590248452246  0.15865999475805914
  0.16893278713962367  0.17876784712379834  0.18878621160244827  0.19850232377211594
  0.20792435323288408  0.21669847314363200  0.22541350930840581  0.23455034048735343
  0.24409904466448704  0.25359250587111698  0.26315821258831545  0.27327276481768958
  0.28418756263919104  0.29519170304977715  0.30600843090854812  0.31686975374887838
  0.32789807328568249  0.33918577757258123  0.35027027444987002  0.36060500057641975
  0.37029360413708706  0.38002008450992292  0.39018696532614344  0.40052763114967654
  0.41092620511075817  0.42178572896121491  0.43311334006875074  0.44444817458725977
  0.45575129812667947  0.46785546377641352  0.47985539367724317  0.49071898837018713
  0.50086524253200360  0.51064295867924248  0.52041625560722860  0.53018299611974451
  0.53980378245484062  0.54984842342846163  0.56014518832343174  0.57054071382182237
  0.58097854383514302  0.59141971264135507  0.60202890487140603  0.61264614013456042
  0.62294411401638006  0.63300554916201968  0.64312583816728419  0.65357687976538714
  0.66404606923186571  0.67433304772535374  0.68492961674185093  0.69626901739450564
  0.70787340076146865  0.71884434862099000  0.72924534284164189  0.73963340953189771
  0.75007499172164716  0.76028464701539433  0.77040756375976038  0.78076951736963596
  0.79134967487199404  0.80186886934856627  0.81210840737473067  0.82259620118711818
  0.83338245947327938  0.84434407861973559  0.85525411761557935  0.86604143460786964
  0.87675429725612430  0.88744791753231755  0.89837607508300288  0.90919975616723459
  0.91968314866897882  0.92997126051378576  0.94063975078903539  0.95209718617893602
  0.96353276572341739  0.97487244441351140  0.98670158598062574  1.00000000000000000
   1.4258281627606139E-009  -1.0000000000000000     
 T F T F T F T F F F F F F F F F F F F F F F F F F F F F F F F F F F F F F F F F F F F F F F F F T F T F T F T F F F F F F F F F F F F F F F F F F F F F F F F F F F F F F F F F F F F F F F F F F F F F F F F F F F F F F F F F F F F F F F F F F F F F F F F F
  <DiscreteSampler_grid>
  grouped_processes
  1 # 1 for a reference and 2 for a running grid.
  10 # Attribute 'min_bin_probing_points' of the grid.
  1 # Attribute 'grid_mode' of the grid. 1=='default',2=='initialization'
  0.0000000000000000 # Attribute 'small_contrib_threshold' of the grid.
  0.5000000000000000 # Attribute 'damping_power' of the grid.
 # binID   n_entries weight   weight_sqr   abs_weight
    19   10   1.181438039546462E-001   3.008292274253194E-002   1.181438039546462E-001
    25   10   8.335484037953231E-002   1.657925810483558E-002   8.335484037953231E-002
    37   10   7.621760088942491E-002   1.495434388707425E-002   7.621760088942491E-002
    43   10   1.376503376185202E-001   4.375327149195448E-002   1.376503376185202E-001
  </DiscreteSampler_grid>
