 -0.00000001067953610  0.00001323819302156  0.00010172102876973  0.00029380485285813
  0.00057887211250427  0.00095770165129773  0.00142311726138821  0.00197340720902630
  0.00258429294555577  0.00324674638040359  0.00395156519492830  0.00470617339586641
  0.00551864489859459  0.00637290609522105  0.00730086332958450  0.00821487085212599
  0.00921311163509413  0.01019564041234834  0.01117849553613501  0.01223999771074187
  0.01331380774855880  0.01440769107873616  0.01555964101687954  0.01678556162543389
  0.01798889235754862  0.01916207043181142  0.02036392086492999  0.02164063410529773
  0.02289173024808392  0.02414213583581307  0.02541087701950356  0.02667576099922580
  0.02796909725036461  0.02926200882233893  0.03055553008215202  0.03183573464421226
  0.03311199989131700  0.03442014964346238  0.03578336459915956  0.03720397953951131
  0.03863799663780069  0.04003542227675679  0.04143379601089176  0.04282798613040550
  0.04423072628849768  0.04565441102281533  0.04714718971702726  0.04867731761182543
  0.05017969945637173  0.05167869045165301  0.05317488902369440  0.05468036928018732
  0.05620487905071529  0.05772409101142355  0.05928900998169380  0.06090833225542725
  0.06257236580556033  0.06429388446245320  0.06600549342758842  0.06771914725165105
  0.06944729172294112  0.07120667331870649  0.07298153745839711  0.07473781094769015
  0.07647497941285571  0.07815486095191927  0.08008816823864393  0.08205541054113770
  0.08404268117447204  0.08607947266152588  0.08814136951617693  0.09026181589512618
  0.09242666349103101  0.09462801476512962  0.09685337840037317  0.09908788756333106
  0.10133015191789335  0.10349006066351898  0.10609408007801542  0.10892733762508833
  0.11183684454719869  0.11496357914246073  0.11812785267048598  0.12134755600167343
  0.12466433789549573  0.12809956657749616  0.13161434287568891  0.13517386947892310
  0.13952806317285782  0.14471714636616129  0.15092461251395606  0.15835947031116965
  0.16762628401756924  0.18191040543017739  0.19348739371492030  1.00000000000000000
  0.00948083350865218  0.01549227745795478  0.02486877349715949  0.03595853541207228
  0.04676744298659199  0.05744456965791889  0.06795185490922589  0.07795725916783966
  0.08787836281086674  0.09731501508703877  0.10701657410607218  0.11692442059790990
  0.12691408723931191  0.13712581813698127  0.14787763900957993  0.15929953299081206
  0.17070658726903581  0.18136480995033433  0.19182171772876289  0.20198379578733133
  0.21230884606064948  0.22258287887127545  0.23311266688236684  0.24376452761853853
  0.25458335150698280  0.26557271103225050  0.27651569585988800  0.28769393832733658
  0.29851520895173950  0.30933741148110760  0.31983352826002093  0.33014837989200163
  0.34050920354778830  0.35054556293371469  0.36033703825098928  0.37027259642068955
  0.38060118032380291  0.39131996836576927  0.40155042921087386  0.41135037238379751
  0.42113437449462732  0.43122912428860855  0.44148880469587887  0.45155586859565860
  0.46151704298457014  0.47140474712593944  0.48153517399873391  0.49200514845267340
  0.50273520285483608  0.51356180164005838  0.52471235972792707  0.53616901497596725
  0.54724987411771364  0.55807471304947809  0.56881787019369612  0.57955721282661843
  0.59021186639022449  0.60084959528441040  0.61163972387366716  0.62244265945888810
  0.63365231886678663  0.64513816220079812  0.65649650305680796  0.66748970306296429
  0.67846908667813099  0.68944415279028792  0.70022313139605008  0.71067733360424368
  0.72111953634362291  0.73169916451432460  0.74206341343794169  0.75240845141992740
  0.76286389834331592  0.77331547405126100  0.78385375444000616  0.79410089827257491
  0.80495850566507110  0.81522160623106987  0.82500451603207836  0.83474586437808784
  0.84509649064653136  0.85542152619171352  0.86586875079281611  0.87625988068795202
  0.88629857074250529  0.89609905055633354  0.90640450240919301  0.91725391884710772
  0.92819932301289387  0.93871968124112182  0.94936461370821468  0.95993352081024774
  0.97039571088558263  0.98066403881156861  0.99140571361733898  1.00000000000000000
 -0.00253864906099299  0.00988417490883949  0.02044722932363726  0.03050242666090699
  0.04040089378206069  0.04991037798746769  0.05963662462216780  0.06912318909126670
  0.07858946304072141  0.08871220695691719  0.09906557681010679  0.10962643658771221
  0.12007295148798244  0.13095211279700025  0.14184833443375816  0.15296809157626048
  0.16407763503871797  0.17577572169925842  0.18741206177243108  0.19898150291875941
  0.20991618865465494  0.22050849259088126  0.23113764839662468  0.24162167291138201
  0.25185311905446306  0.26222435930457771  0.27332620847967098  0.28511771795246776
  0.29643036427568453  0.30735106818711128  0.31779033649228966  0.32830328414523274
  0.33942979728737394  0.35088231210203547  0.36252784160132084  0.37410683816192158
  0.38560872073117874  0.39671820186252804  0.40756144048891552  0.41801596391471191
  0.42814004947910067  0.43818981164795462  0.44852722783646387  0.45923816731258565
  0.47009033047235854  0.48098411681495651  0.49231015223482572  0.50366582991677411
  0.51496764148490393  0.52563363872364899  0.53573670557471087  0.54558123712479567
  0.55530243490847253  0.56490527349808617  0.57453659222526288  0.58444517510253668
  0.59464028038651229  0.60488494515741043  0.61495951493036782  0.62521218646823662
  0.63598846189399993  0.64709792765112917  0.65823415094560012  0.66915985457630234
  0.67997296245468253  0.69064002879772091  0.70127410649772903  0.71187174148324828
  0.72244704572309593  0.73312407271694346  0.74415269983230914  0.75551098533855165
  0.76708518002577109  0.77832578301846922  0.78905473469248899  0.79947708470514445
  0.80980138023565551  0.82025555006247142  0.83058569816280670  0.84070687496552765
  0.85067645159548100  0.86057483356290276  0.87028131586340896  0.87963445198480805
  0.88874185628211233  0.89831897409091144  0.90823880019170200  0.91807449425694365
  0.92769968636732314  0.93742834585694834  0.94762652698925809  0.95808907150395073
  0.96896632276060635  0.97976378624626748  0.99008819257221203  1.00000000000000000
 -0.00264903136558674  0.00989929599287627  0.02052547912911858  0.03144720807943161
  0.04221043720575813  0.05339247461667094  0.06445804801663849  0.07549116465493495
  0.08680921661032003  0.09870759984829040  0.11022757191844348  0.12114215712499124
  0.13149502583227882  0.14160465255635005  0.15165008427638005  0.16142458996819442
  0.17119244894736996  0.18122467590823169  0.19179221381085071  0.20288567353863582
  0.21336437633255231  0.22333083596852177  0.23291851930367555  0.24272922485530424
  0.25269099248331717  0.26298826044057177  0.27355801835222388  0.28425127007909290
  0.29480606067428772  0.30499580959423545  0.31493943348348030  0.32489880383685965
  0.33500913634026758  0.34538943502597386  0.35582297934934404  0.36634392527849408
  0.37666335258554329  0.38714663540825678  0.39742251520127214  0.40761853475847692
  0.41762507726542780  0.42772941314833468  0.43806860762338534  0.44815260394652912
  0.45815881204082848  0.46872327912302753  0.47913766171957023  0.49095364237320610
  0.50278751310241265  0.51407970299886085  0.52486782202714610  0.53532446652979948
  0.54568246980296164  0.55551432128222167  0.56556895717959110  0.57578123515982682
  0.58587537646452192  0.59582572710545700  0.60577432615462834  0.61619598819505750
  0.62666705368423015  0.63703270373866883  0.64762841747616284  0.65787998348310395
  0.66822467920727358  0.67878739740499217  0.68952288307065757  0.70027977622467097
  0.71111966066033594  0.72223415234824240  0.73342912401311400  0.74460071089905566
  0.75546371016867564  0.76675993979736645  0.77770746712545025  0.78913907986787335
  0.80076511044179721  0.81273552229705237  0.82434722352828549  0.83597861366168325
  0.84732195143081246  0.85832767142264088  0.86868315220865955  0.87934876129180961
  0.88970612215535128  0.89967928201713254  0.90971320128884769  0.91980617586924529
  0.92960657337694641  0.93880383185281757  0.94785469377556653  0.95725111402534346
  0.96748941871505711  0.97734947599085520  0.98857920984464753  1.00000000000000000
 -0.00212986008079942  0.00843861103371256  0.01777541721376526  0.02806695466118248
  0.03850733337420725  0.04864898723826495  0.05828846997083392  0.06804789448386050
  0.07791176684092854  0.08730845176080954  0.09659711194503832  0.10597479444731824
  0.11612925858469310  0.12666547821775989  0.13733138683888785  0.14840578177424149
  0.16066725522751235  0.17262303076500185  0.18357491069020945  0.19405252524870020
  0.20452160169223205  0.21515313450774851  0.22590703894524705  0.23679760635715802
  0.24755687119009179  0.25872780675852530  0.26960598921092355  0.27997372474925247
  0.29012043096011153  0.30039010809757477  0.31079091143934467  0.32122103391549311
  0.33202536994760767  0.34234788669576421  0.35281924424458017  0.36311076492205674
  0.37339709993976272  0.38331577966643138  0.39325324061474709  0.40348976001955683
  0.41432857674075158  0.42520536798544128  0.43652452996851593  0.44714362952098197
  0.45742468824332388  0.46771285080837477  0.47785005451801826  0.48844223097515344
  0.49904115586551906  0.51048988407518980  0.52235926090411833  0.53279414028111183
  0.54360787277656419  0.55388895705671226  0.56444202030535229  0.57481523975696092
  0.58499242320291478  0.59520208421408360  0.60551421837346431  0.61623162746065652
  0.62762859593588660  0.63812751931099654  0.64830730360320832  0.65786261713989558
  0.66782784088514169  0.67816422899905704  0.68851852110643619  0.69876359846176594
  0.70887635870304966  0.71908621089506597  0.72951332967287064  0.74019185240414853
  0.75101809607357239  0.76195532630583995  0.77323119879695357  0.78485724782765043
  0.79580359038168880  0.80610325730120203  0.81613710363056680  0.82606784945574163
  0.83581136821360702  0.84579419876011031  0.85602760563722258  0.86631050424241962
  0.87665799155640023  0.88739457842341019  0.89875109083293558  0.91007097309216956
  0.92157569428381814  0.93348819286391893  0.94508174705854964  0.95640470470837791
  0.96780721339900022  0.97894828085666119  0.98946946848271433  1.00000000000000000
 -0.00216848840609099  0.00904132369680746  0.01807017854715159  0.02749751472601227
  0.03681696618311011  0.04680140429568086  0.05731658462140679  0.06755520353183649
  0.07745811072206629  0.08724825919587915  0.09752405368122521  0.10786262931276616
  0.11808376247405328  0.12830077044779631  0.13871435063262355  0.14955013916682044
  0.16065547507381622  0.17151031120094459  0.18170217310272732  0.19176182544706141
  0.20145135218275825  0.21119332863385235  0.22062741786383422  0.23053052327949472
  0.24056952360152375  0.25043491339280793  0.26012281719197655  0.26989585707394487
  0.28001159861180469  0.29036752977035762  0.30059797717553066  0.31069126588567336
  0.32104887571037205  0.33197366609048795  0.34346270402547391  0.35517659283756803
  0.36659475462978947  0.37778061228895127  0.38890534326147186  0.40000861470049320
  0.41089926726112269  0.42133876380541679  0.43150353911871397  0.44159085673693060
  0.45178539374279042  0.46209566704327065  0.47246645479211313  0.48280846117793735
  0.49324553284769390  0.50381956620433466  0.51443439847129047  0.52495950059371277
  0.53551101485792041  0.54622654339494270  0.55711662992808497  0.56815627361111942
  0.57932699472996996  0.59072759428333532  0.60219199847457783  0.61350397590018135
  0.62462797152749028  0.63552525618965106  0.64610323125588431  0.65635807091545162
  0.66648589823051307  0.67690273774320209  0.68741515764346561  0.69785517613603198
  0.70842610713456899  0.71907755645771987  0.72965028117852138  0.74000318186618796
  0.75038747065533096  0.76122760815986257  0.77197727426083196  0.78252301546712077
  0.79285619676780916  0.80328549661036608  0.81386857626831899  0.82464999246032489
  0.83576089621671634  0.84699820810696191  0.85789499091377330  0.86845438707151967
  0.87893281386682320  0.88987765159937748  0.90119993251573516  0.91260527215258125
  0.92367078268477720  0.93435749300243964  0.94503868846798389  0.95609826082598626
  0.96727089191147853  0.97817966517656385  0.98905749894259154  1.00000000000000000
 -0.00231153357468466  0.00758286421999223  0.01615125459260761  0.02464162842019630
  0.03303012797787028  0.04153117700861488  0.05025309692862321  0.05922493075988364
  0.06828075205242048  0.07740835907102010  0.08680550316788824  0.09665408385727212
  0.10677704665806491  0.11684634388782605  0.12716025185286653  0.13785667625564277
  0.14847915722255223  0.15884423103659767  0.16911845893561611  0.17944209842165434
  0.18975914696261589  0.19968443173231601  0.20941543333882243  0.21925216081310156
  0.22940100993785434  0.24008295248880204  0.25071354805339924  0.26162116864667434
  0.27254981896335828  0.28365414066506328  0.29542056005424927  0.30750017631971033
  0.31987539194872766  0.33169575363680276  0.34306147307429807  0.35449733564924468
  0.36679984796002724  0.37954967632448172  0.39175124163472014  0.40394829421887180
  0.41592607897027123  0.42782472380335906  0.44000052666426209  0.45243822644369841
  0.46475449196380919  0.47629918791114556  0.48785486956900825  0.49923981080353058
  0.51059218938899364  0.52208901501913907  0.53375589891793784  0.54558827053624392
  0.55768942005874911  0.57005945948102810  0.58280229041683884  0.59587712051015129
  0.60876014166062065  0.62119287549164071  0.63332383606671772  0.64522160101924542
  0.65693769802574997  0.66868458258146457  0.68045189724164168  0.69256537166978027
  0.70461333654379499  0.71577787773478074  0.72641106430938596  0.73700188270751921
  0.74772654359259927  0.75881757368440816  0.76995217591116338  0.78098296601503581
  0.79168637745360082  0.80239831184286858  0.81304138123713865  0.82372281646054113
  0.83460800755368281  0.84545129653531825  0.85589709721027329  0.86590417428374833
  0.87570820911432379  0.88532895803532852  0.89492093477623558  0.90423817235802628
  0.91326924391599351  0.92197095072045820  0.93053286259186530  0.93878681159191357
  0.94677621805292056  0.95492598357870573  0.96316580284655573  0.97087277692973328
  0.97832078799833000  0.98543231905137130  0.99280741677926965  1.00000000000000000
 -0.00256731974213581  0.00991432530918488  0.01980691582365986  0.03076137222508750
  0.04194009357325534  0.05407312862537843  0.06595010215060644  0.07724734300248111
  0.08799541605010412  0.09841655787778467  0.10891000983638452  0.11926428978736174
  0.12911648177418508  0.13857269419886203  0.14820027711660755  0.15830462826143038
  0.16890249470300756  0.17939555402619586  0.18956741071537869  0.19972627828018072
  0.21038023119831992  0.22144505261993686  0.23204475526317175  0.24230315499947672
  0.25270964031504833  0.26355574381337005  0.27435727193994858  0.28492391291246422
  0.29522583962965271  0.30535110227026779  0.31505444125610071  0.32471478241989482
  0.33462217588924631  0.34480963740317516  0.35484993542790183  0.36504405337250023
  0.37539611777110821  0.38604820144603230  0.39654211596408956  0.40736071572369514
  0.41825840823458132  0.42952142122583781  0.44119495474041781  0.45326618345959885
  0.46484817757950181  0.47589770033389706  0.48686747452376045  0.49784967326459045
  0.50866290154716487  0.51919549203024773  0.52981411916752763  0.54057941352568095
  0.55153482262556341  0.56215588701360586  0.57204327780594189  0.58172778513329082
  0.59151621435872470  0.60141288178140018  0.61148467253197258  0.62192960205052183
  0.63299548432214914  0.64387127578022463  0.65421641835422595  0.66433913961675439
  0.67464098444019827  0.68504837187289447  0.69570337400209414  0.70634660318539488
  0.71752247006494485  0.72838052052800906  0.73918659329718894  0.74982264575149893
  0.76035820832348799  0.77091032471446663  0.78145867611017705  0.79219634262425631
  0.80274041733588308  0.81324026884793632  0.82372344949386567  0.83415231095363662
  0.84425543439138306  0.85416387970573460  0.86388040022965573  0.87390484479890396
  0.88457200158030336  0.89557062039265756  0.90650350047227490  0.91677635272934133
  0.92693240953081579  0.93693560898700545  0.94674988775374969  0.95683271603872488
  0.96728913786372694  0.97776643263591334  0.98886803955048153  1.00000000000000000
   1.4072959881822710E-009  -1.0000000000000000     
 T F T F T F T F F F F F F F F F F F F F F F F F F F F F F F F F F F F F F F F F F F F F F F F F T F T F T F T F F F F F F F F F F F F F F F F F F F F F F F F F F F F F F F F F F F F F F F F F F F F F F F F F F F F F F F F F F F F F F F F F F F F F F F F F
  <DiscreteSampler_grid>
  grouped_processes
  1 # 1 for a reference and 2 for a running grid.
  10 # Attribute 'min_bin_probing_points' of the grid.
  1 # Attribute 'grid_mode' of the grid. 1=='default',2=='initialization'
  0.0000000000000000 # Attribute 'small_contrib_threshold' of the grid.
  0.5000000000000000 # Attribute 'damping_power' of the grid.
 # binID   n_entries weight   weight_sqr   abs_weight
    19   10   9.763046832472030E-002   3.898932846867686E-002   9.763046832472030E-002
    25   10   8.921707486467322E-002   1.874557639049783E-002   8.921707486467322E-002
    37   10   8.417780372902292E-002   1.734227438084720E-002   8.417780372902292E-002
    43   10   9.346313046545021E-002   2.991917178954127E-002   9.346313046545021E-002
  </DiscreteSampler_grid>
