 -0.00184297871021986  0.00684420289340439  0.01473173749239376  0.02270837109612652
  0.03083135346452968  0.03902733087677827  0.04729613933318056  0.05564247423193299
  0.06406228746095340  0.07256147290659362  0.08112488668470463  0.08976809513235250
  0.09849093769240011  0.10728671927602977  0.11617371520954216  0.12512485479668006
  0.13416160896603141  0.14326885241965986  0.15246343371804932  0.16174268591381649
  0.17110081774336716  0.18055271750812382  0.19008312896250143  0.19971398082892772
  0.20940565539425116  0.21919431320858229  0.22905439900752161  0.23901827186410252
  0.24906039087327531  0.25920738722625836  0.26944368305764288  0.27977795217665147
  0.29018594585983037  0.30068459449697976  0.31126006939601941  0.32193358587739934
  0.33269206545672658  0.34354314333373803  0.35446808978079003  0.36547079268295740
  0.37654684230148228  0.38770280456139689  0.39893865618447777  0.41024929617900974
  0.42163004457768394  0.43307652372113625  0.44458962705624683  0.45615663078219626
  0.46777933195335125  0.47945229553583496  0.49116738343147187  0.50292881355842267
  0.51472174414575733  0.52654496754693836  0.53840524385669186  0.55030547691218223
  0.56225014273002338  0.57422003524556275  0.58621135551434356  0.59821019002485343
  0.61021316839109796  0.62220682097883118  0.63418232713021461  0.64613619896954100
  0.65808131683588433  0.67000731677070235  0.68191169319626532  0.69378475023606190
  0.70563353120800831  0.71744298984330945  0.72920468039851005  0.74091604653504395
  0.75256937795956347  0.76416499018609685  0.77568981317916041  0.78716452999171316
  0.79856399447932913  0.80990364135294879  0.82115598318347183  0.83234322751936241
  0.84342417160692706  0.85444491189803762  0.86536452913980211  0.87624478584425036
  0.88701358412226261  0.89773555500418101  0.90833738956664889  0.91887196786974190
  0.92928431707910797  0.93964649560411628  0.94989828746091309  0.96010240918432999
  0.97017326735314302  0.98019426381088237  0.99010935605595507  1.00000000000000000
 -0.00236967993516869  0.00985980028003142  0.02013750014779198  0.03072158496919026
  0.04130298129861441  0.05184676288326710  0.06238630006935267  0.07280584350897842
  0.08326976684304080  0.09369414335162647  0.10417539597244418  0.11470023764361344
  0.12525395985481044  0.13579463595109625  0.14631055274196331  0.15677255600476594
  0.16719015048823402  0.17762772998657264  0.18810385921688028  0.19866340058979845
  0.20922589903751793  0.21979152120908396  0.23035196013540107  0.24093605594120093
  0.25146462908072309  0.26198334952043145  0.27249134718184137  0.28308173036877793
  0.29361127845764312  0.30413844887604730  0.31457376510648954  0.32507023097323617
  0.33553110094342031  0.34609846593985666  0.35667034122443292  0.36722140210643633
  0.37773809841022826  0.38828177597649494  0.39880391318978026  0.40926989693853150
  0.41974032424276875  0.43017236760847438  0.44065466263271408  0.45106065158679542
  0.46156891959950064  0.47199930018395986  0.48246496494198898  0.49293643988181779
  0.50344715257004802  0.51389726008954795  0.52437816482183808  0.53493925279305643
  0.54548296876667890  0.55591104488050624  0.56638285879501737  0.57693655936726074
  0.58752642926591447  0.59807154624317671  0.60867132605507068  0.61922712063120200
  0.62974960055064988  0.64025408739922418  0.65080107651236307  0.66130535494245124
  0.67180381395767907  0.68236245255497618  0.69290272122274132  0.70347285755329292
  0.71401958742289462  0.72461847337624996  0.73518458312911250  0.74573724827645360
  0.75628099476858068  0.76684231415247894  0.77746318264575431  0.78809298771151159
  0.79865711161812047  0.80913187856857338  0.81965398033515957  0.83022228339654491
  0.84081726129342071  0.85134500475235564  0.86189906570948271  0.87252702790505821
  0.88318089179870662  0.89381831519829102  0.90436834475104422  0.91497333316264406
  0.92558261670979169  0.93627632047970133  0.94689848413346589  0.95753076949138360
  0.96814746522445783  0.97879951828466882  0.98939168438447345  1.00000000000000000
   5.5988488872640647E-008  -1.0000000000000000     
 T F T F F F F F F F F F T F T F F F F F F F F F F F F F F F F F
  <DiscreteSampler_grid>
  grouped_processes
  1 # 1 for a reference and 2 for a running grid.
  10 # Attribute 'min_bin_probing_points' of the grid.
  1 # Attribute 'grid_mode' of the grid. 1=='default',2=='initialization'
  0.0000000000000000 # Attribute 'small_contrib_threshold' of the grid.
  0.5000000000000000 # Attribute 'damping_power' of the grid.
 # binID   n_entries weight   weight_sqr   abs_weight
    10   10   1.224949082369691E+003   1.544661114319890E+006   1.224949082369691E+003
  </DiscreteSampler_grid>
