 -0.00202141480724243  0.00751541162036542  0.01602404955367860  0.02467618817475842
  0.03346016585155989  0.04230070285964052  0.05119277903217836  0.06013849037656412
  0.06914351300589142  0.07820456032912075  0.08732065899206248  0.09648859717669812
  0.10570677703503471  0.11497991494798401  0.12430251920377304  0.13367948484168865
  0.14310653621485644  0.15259064259766048  0.16213236197510825  0.17172603978836251
  0.18137751155941331  0.19108312738172722  0.20085339247655182  0.21067819317274925
  0.22056472450327186  0.23049929338413533  0.24048826364774073  0.25052150452370731
  0.26061498522827098  0.27076213262070487  0.28097539669466221  0.29123819006906365
  0.30156269181836204  0.31193027701084863  0.32234971380577304  0.33281555309583860
  0.34334279322394179  0.35391929944463402  0.36454408079945033  0.37520593354035170
  0.38591754435148723  0.39667404458794397  0.40748383679005196  0.41833718164521538
  0.42924187278928816  0.44018634736863332  0.45116832245814997  0.46217304247882374
  0.47320455981453857  0.48426681554483975  0.49537411152839633  0.50652625886948155
  0.51772041173095651  0.52894074981340378  0.54018098519945068  0.55144157948884642
  0.56273169473806539  0.57405231022505565  0.58539688861167938  0.59675515841166360
  0.60812605269539577  0.61950823560050272  0.63090318794789391  0.64230853600188564
  0.65372567028846928  0.66515224924502547  0.67658079415984718  0.68800748943474288
  0.69943197857732953  0.71084833387538526  0.72225743183603941  0.73365941189366657
  0.74505848498612026  0.75644624109066605  0.76781682173657195  0.77916780571060285
  0.79050206642079257  0.80182190824874189  0.81311373874463444  0.82437836455541047
  0.83561221685646825  0.84682244650779448  0.85799884499232404  0.86914572846353799
  0.88026427945440944  0.89135525582860320  0.90240587059530597  0.91342471879072706
  0.92439782716039576  0.93534340438835095  0.94623395403361155  0.95708583290506366
  0.96786331691875194  0.97860779738744130  0.98930857676073103  1.00000000000000000
 -0.00239423087521901  0.00988689899694929  0.02015989437392821  0.03075347754193743
  0.04133353711798381  0.05187167405457255  0.06242264873225840  0.07304242430911645
  0.08365769425732288  0.09418381519134537  0.10469320964264814  0.11519749972801904
  0.12570806820031760  0.13623661459543818  0.14677776222906222  0.15732039007664186
  0.16786354592765632  0.17842118261286510  0.18895905232187971  0.19945934741681112
  0.20999060678322218  0.22058174128455482  0.23117812635341334  0.24178619234376750
  0.25238187663359141  0.26293724889411973  0.27350013442835969  0.28403307986549969
  0.29457450220015957  0.30505347825122980  0.31557222463196288  0.32607770920205575
  0.33656632345849791  0.34703834668672706  0.35754489443273729  0.36809951260923768
  0.37861571386474829  0.38909197812415258  0.39960081286650451  0.41016971606035668
  0.42077129186755130  0.43139121432111077  0.44194724239279759  0.45250056809838068
  0.46297960798991039  0.47350012122630575  0.48401644205618671  0.49451660732652625
  0.50504254248937408  0.51560180621854801  0.52617464582009610  0.53676043983388833
  0.54736688356233565  0.55794930102485052  0.56849369328094923  0.57901871265262195
  0.58959975351125371  0.60014122532744352  0.61064343202028959  0.62116595378928829
  0.63165331892083154  0.64212269091978613  0.65258763404153908  0.66304183797475946
  0.67352022692212399  0.68396298175225867  0.69449712587408663  0.70503666644815399
  0.71555448653388520  0.72605023005177427  0.73657489298602119  0.74717087721887987
  0.75777004788383062  0.76838310481104932  0.77894757735286069  0.78954892870456383
  0.80005093046562392  0.81055419890581049  0.82105091616262316  0.83161461876929654
  0.84217582203966679  0.85275656958000046  0.86331207347934991  0.87386919575788513
  0.88437316718219017  0.89489648041171099  0.90542648056144004  0.91595461400826828
  0.92645411306001157  0.93695791843831233  0.94752948356459421  0.95806801803930752
  0.96852620480554619  0.97900535928727561  0.98950844886006917  1.00000000000000000
   2.1715139938816806E-008  -1.0000000000000000     
 T F T F F F F F F F F F T F T F F F F F F F F F F F F F F F F F
  <DiscreteSampler_grid>
  grouped_processes
  1 # 1 for a reference and 2 for a running grid.
  10 # Attribute 'min_bin_probing_points' of the grid.
  1 # Attribute 'grid_mode' of the grid. 1=='default',2=='initialization'
  0.0000000000000000 # Attribute 'small_contrib_threshold' of the grid.
  0.5000000000000000 # Attribute 'damping_power' of the grid.
 # binID   n_entries weight   weight_sqr   abs_weight
    10   10   9.102066629374101E+002   8.430609742601251E+005   9.102066629374101E+002
  </DiscreteSampler_grid>
