 -0.00000000534973046  0.00000322172510451  0.00002102980655426  0.00005628258858207
  0.00011515501543787  0.00019868299265940  0.00029395042382574  0.00040060115119782
  0.00052732602542125  0.00066457950403386  0.00080095128874093  0.00094050262384205
  0.00109377138398548  0.00125355394199484  0.00143681257675249  0.00162584984512247
  0.00182580058477651  0.00204514951814390  0.00228280907250270  0.00252650965107922
  0.00276012681159968  0.00298671236815559  0.00321497336880016  0.00344588786838532
  0.00368367282564404  0.00392882890208090  0.00418692362817078  0.00444391845515952
  0.00469379440851917  0.00491414342731184  0.00519547552155355  0.00547516672498341
  0.00576180717557619  0.00605673354302341  0.00635563614673779  0.00665914088661683
  0.00697021929459881  0.00728477225313133  0.00760845189989618  0.00793309558555179
  0.00825921152675757  0.00857675699571214  0.00889086819831288  0.00920368905718121
  0.00951227441590329  0.00981682390166897  0.01014123032591977  0.01047125506073732
  0.01081138778702742  0.01118265065376540  0.01158262658020339  0.01198502749390505
  0.01239068143937519  0.01278565016232828  0.01318336334971825  0.01359127054155485
  0.01400645590636293  0.01442476390003838  0.01484851116127327  0.01528015665634259
  0.01569084949466373  0.01609902341250316  0.01650811110019065  0.01692366145443365
  0.01734906967333342  0.01777825148140759  0.01821626279919415  0.01866882613236892
  0.01917949757174976  0.01971946024651715  0.02026577740072827  0.02083002693835666
  0.02138297123494650  0.02193650659401245  0.02247792412752241  0.02302137483671416
  0.02357973310952000  0.02417219272627590  0.02482189169614113  0.02553275855583520
  0.02629315014272404  0.02703573792955960  0.02778096056739604  0.02853288687246054
  0.02931110108323508  0.03014440505123019  0.03099759973119443  0.03185413637849419
  0.03317936358717469  0.03465021250413132  0.03622369491634159  0.03801649761621039
  0.04030274057572913  0.04462328522161685  0.04872559584276529  1.00000000000000000
  0.00986264031516340  0.01541182979024192  0.02448431035247543  0.03507888364724200
  0.04625578707043725  0.05860316726164887  0.07200339893500261  0.08577655827495284
  0.09809495653701611  0.11047464405243178  0.12247740046841304  0.13377740273807529
  0.14450655483549574  0.15522887795534265  0.16594289368727716  0.17634960017640447
  0.18648239651643481  0.19698930258116235  0.20762626858145949  0.21762048161321981
  0.22695672186999122  0.23615457896705180  0.24564432666561201  0.25523794973305541
  0.26395645765617071  0.27320702018975374  0.28386642819405850  0.29530531306674090
  0.30679196221818067  0.31758471612632849  0.32774329709577216  0.33758155688110331
  0.34736910561367429  0.35755210116884512  0.36803565218891815  0.37946679080417917
  0.39179041009347132  0.40400438257103938  0.41569372233514312  0.42738307939499792
  0.43777358053745924  0.44669848566995451  0.45609577156229414  0.46557609152567725
  0.47537861827618461  0.48510875869494907  0.49426100439995035  0.50380641983738317
  0.51423326776005296  0.52496507648814894  0.53521226950763412  0.54536359219462649
  0.55531173960639990  0.56507120771918373  0.57480538135683534  0.58584247904904718
  0.59722988571340585  0.60745019293756763  0.61642771203232538  0.62520899924308215
  0.63551115978847761  0.64557093436836566  0.65447281697237958  0.66318268003957792
  0.67246275032031499  0.68190628121096053  0.69126729251611818  0.70021658322816416
  0.70968210723244052  0.71996954205870844  0.73038013352647368  0.74039809620561059
  0.75020581611102033  0.76092216706065041  0.77079345656390552  0.78017710255409334
  0.78997065545369682  0.79956939853808995  0.80887776008577117  0.81823905246357109
  0.82789481600392656  0.83765306610376966  0.84762637577044264  0.85806233070545601
  0.86901014208799288  0.87996819507568946  0.89060351099117929  0.90104229451058582
  0.91147597808417402  0.92240269899710070  0.93466077460732622  0.94815670317633538
  0.96207713186727650  0.97468754030383586  0.98731158544680797  1.00000000000000000
 -0.00001755508099877  0.00019038542200574  0.00049488828077196  0.00091661414111159
  0.00146214793476948  0.00224018849977940  0.00301395817454344  0.00381165049211161
  0.00479415006525321  0.00593741566039249  0.00695352309313343  0.00806415004504927
  0.00934048795744195  0.01062499224882982  0.01195894153311757  0.01348755819885427
  0.01537153438531222  0.01746637746129875  0.01940780024044080  0.02123024312366164
  0.02287974389808686  0.02455785412088725  0.02635711353654804  0.02823659432159040
  0.03030000530589513  0.03246591369667938  0.03458284652101888  0.03672648789640599
  0.03876825635958649  0.04081877906579112  0.04293636849691061  0.04504623476201447
  0.04736741162728737  0.04983583935843759  0.05236856952744488  0.05510190100421605
  0.05808633064378017  0.06114980954852784  0.06433146125158404  0.06759752643830050
  0.07115730827759614  0.07493237198553603  0.07874318702543749  0.08253767459423468
  0.08650802297772249  0.09057444096030244  0.09456932470499886  0.09860754808025043
  0.10277784964231763  0.10706622005442040  0.11147843487092036  0.11607114626373966
  0.12074998621829473  0.12555866426814327  0.13066293443030660  0.13623796959797052
  0.14185372990908351  0.14741947051265775  0.15300474438078171  0.15865338818620892
  0.16426962747902668  0.17014519129369826  0.17585356511328334  0.18163837990324508
  0.18800908206506098  0.19430033733619329  0.20137782974738755  0.20959937287927882
  0.21818704472881381  0.22646855610127714  0.23495991679075487  0.24352685136147698
  0.25241823727019563  0.26171943017448301  0.27120503897103965  0.28025818274407682
  0.28948892356709716  0.29913145711094774  0.30933862697833842  0.32088708097984214
  0.33361314218449079  0.34709772144038142  0.36158346681233866  0.37674566098226836
  0.39429420499805284  0.41323839694813069  0.43348082682528410  0.45529308773942490
  0.47922537288916134  0.50641503785173592  0.53812404098148015  0.57956526779250606
  0.62515186545598456  0.68931283258787523  0.78694487381834843  1.00000000000000000
 -0.00199461207666258  0.00878850755794193  0.01772145615831502  0.02761837356960734
  0.03816777911519470  0.04812309544736525  0.05743262464270582  0.06696251920015781
  0.07699094284768465  0.08745969813795476  0.09780037042960806  0.10848958162893349
  0.11984524391464445  0.13160668818561599  0.14344836816172024  0.15547751007653018
  0.16708680637168469  0.17935187113825135  0.19035910290506786  0.20107539659020751
  0.21182718589238764  0.22298380014210270  0.23483421137650551  0.24624701384566969
  0.25687518790261804  0.26661445914382731  0.27686283634274711  0.28701163918367489
  0.29752578680013453  0.30789824160323215  0.31909548015540973  0.33100796492427581
  0.34313217604730584  0.35518394012981136  0.36649409532428634  0.37789759220013336
  0.38962130628065872  0.40111470002256205  0.41250420699906648  0.42505599659529802
  0.43819607191389520  0.45197095006884358  0.46599319171504627  0.47952749330370487
  0.49183805157393107  0.50342417692116825  0.51566464779142607  0.52816605081067436
  0.54192310599077376  0.55554930513018153  0.57045593427585339  0.58450332497160629
  0.59785697105390256  0.60949321154025637  0.62025527253315249  0.62999288409182297
  0.63883924033433892  0.64794540047169458  0.65713388795109284  0.66620388442469869
  0.67551147386320221  0.68480447617959861  0.69681866094373812  0.70964766637215548
  0.72264152482463839  0.73332094074165954  0.74373023068376576  0.75398487493789279
  0.76482922606480863  0.77526571365583474  0.78582923608906496  0.79661738612011290
  0.80761269590251672  0.81693182704598377  0.82502220745594379  0.83326687619938788
  0.84139012984667938  0.84943018571915563  0.85769861940359970  0.86635653381298039
  0.87501921686614503  0.88383931217816025  0.89280392780203144  0.90114026656561674
  0.90883103183211544  0.91657972500050888  0.92462927756650370  0.93268896336520102
  0.94112484969012045  0.94975586871291062  0.95855493395728553  0.96700853209075976
  0.97482020995481045  0.98267785084432768  0.99012236469385340  1.00000000000000000
 -0.00287501704249374  0.00974927931157051  0.02057611795190241  0.03225222496261358
  0.04438112421329614  0.05659419372560866  0.06850549037760412  0.07989885783988013
  0.09133360137965896  0.10277745371343186  0.11349480846290033  0.12334175383509059
  0.13317539037169235  0.14348712876948422  0.15432999983603282  0.16569756236406538
  0.17764918678336669  0.18856740495097649  0.19866668605910170  0.20841878069640205
  0.21823428762770883  0.22856822350500774  0.23998175627102175  0.25164487435265276
  0.26310370214326811  0.27448453322574234  0.28585947854292115  0.29709432861773621
  0.30734375017771237  0.31800933296358480  0.32910321753690031  0.33980159451186198
  0.35042215580559827  0.36041081824461202  0.36974195241290903  0.37811346872770640
  0.38595365737968618  0.39413282438435765  0.40329991092683781  0.41267129662501795
  0.42186929915533461  0.43077721531436308  0.44012394726163351  0.45109918169806085
  0.46144251085603494  0.47126938447542488  0.48054468712723852  0.48919947266565039
  0.49811132563445776  0.50774393622133707  0.51796477000603469  0.52842883892553294
  0.53848401488320818  0.54876301951981676  0.55965418151737634  0.57094798865659246
  0.58199505275518482  0.59214570323756888  0.60169316687091812  0.61126304006810184
  0.62066934856207434  0.62970191312605972  0.63834738404489255  0.64708167838502273
  0.65612920094248539  0.66576329175988413  0.67700697613064431  0.68894667927833164
  0.70060446732324932  0.71169781449298253  0.72219302637275518  0.73263006795413910
  0.74327061465699884  0.75421689801759983  0.76548035076098497  0.77718451554077561
  0.78949789665823722  0.80243004820372599  0.81592194391820971  0.83117554523055193
  0.84266285607315361  0.85359180323097206  0.86421724363049623  0.87445832718950223
  0.88350675572949144  0.89232199703421322  0.90210735379634277  0.91248455212105462
  0.92280618321703756  0.93325235553853936  0.94440899442390536  0.95634026769669833
  0.96774606420018638  0.97870474482127190  0.98928963983004403  1.00000000000000000
 -0.00250786060133801  0.00999658030603112  0.02079228478278627  0.03020502581554587
  0.03939720672153147  0.04892527349437677  0.05837437544911123  0.06746409022425789
  0.07585495217638755  0.08519711128839183  0.09544456348061282  0.10570709851730371
  0.11566363190039498  0.12561897026585778  0.13589841436010525  0.14635627931726058
  0.15654238815870011  0.16647995179932126  0.17704766961294377  0.18723487265465577
  0.19684009086966520  0.20617149249770669  0.21598531507010615  0.22625155210635781
  0.23575588486382840  0.24518614326724128  0.25543207624651643  0.26627778219598564
  0.27648065267742017  0.28609559447664246  0.29617291359758985  0.30704752095525278
  0.31876785557816967  0.33015698343945915  0.34040754447823629  0.34999648117235005
  0.35963086976069580  0.36957350782779985  0.37931358980726976  0.38864075084229749
  0.39792846973447787  0.40696683280647328  0.41605127385375984  0.42504250575474667
  0.43399027972522058  0.44290643202596658  0.45195174573658581  0.46164806388277829
  0.47254737050426676  0.48430157853954853  0.49678757104748272  0.50765357074812234
  0.51777923291078187  0.52762584308752747  0.53705399376805329  0.54592909700339010
  0.55439216992297113  0.56294785186616780  0.57222337295591585  0.58164346590291838
  0.59207172399441477  0.60256929720257080  0.61257027167089750  0.62216614104372947
  0.63256091949211657  0.64350561293718167  0.65511994721065736  0.66615581294797543
  0.67688087385543272  0.68741720775808923  0.69842015869419261  0.70994919669908485
  0.72187757887944215  0.73337497993190515  0.74433954524071422  0.75527114712510535
  0.76681696680653433  0.77851047611160828  0.78981295980034893  0.80075845765519704
  0.81183785796756347  0.82337819356362585  0.83448335191325229  0.84554532349722755
  0.85742835330728373  0.86963364289128331  0.88336274050983343  0.89597758393978710
  0.90764676875803574  0.92043111170704084  0.93391114874191272  0.94665415330610980
  0.95845983784634980  0.97204067389168258  0.98556011790822284  1.00000000000000000
 -0.00233413927059387  0.01061533563373796  0.02082525691203360  0.03017259050968915
  0.03942373832065595  0.04963708500126968  0.06058711446626189  0.07097968425382667
  0.08061268296466446  0.09111379223445705  0.10215314284583958  0.11287822202582906
  0.12401453837743737  0.13568871887849582  0.14687551515183483  0.15675663992854461
  0.16602587999977522  0.17594069181521346  0.18611236165985956  0.19554317379614317
  0.20436077480754122  0.21349093435695754  0.22312593573475548  0.23323448805320859
  0.24377651633054409  0.25447922517820459  0.26476142641389577  0.27434973392037398
  0.28370537325549255  0.29347074246513843  0.30349649247376098  0.31292694043549374
  0.32155017718037049  0.33021339261815419  0.33908000239344638  0.34806398915406311
  0.35733774650242039  0.36625003442337745  0.37558101487394874  0.38662141678166573
  0.39855846194101047  0.41202975107302869  0.42611655544092847  0.44047243853367901
  0.45327706507061244  0.46500310088316438  0.47627247990359051  0.48737116413368464
  0.49757585050398018  0.50672561891145429  0.51543036387237595  0.52468723703317111
  0.53495631824458745  0.54635237257045621  0.55778614356932665  0.56773775656351921
  0.57669491845463705  0.58546390089317057  0.59461359715720508  0.60443305219250565
  0.61502064827259884  0.62559768586670073  0.63659241098837782  0.64773066880088381
  0.65863447202038250  0.66908668208338951  0.67930362263114719  0.69174330119225935
  0.70675371363458195  0.72211558625918737  0.73709683852886121  0.75175779158317202
  0.76367103576220141  0.77462276759795623  0.78561275430939148  0.79627411505816037
  0.80628618704950461  0.81605140492996631  0.82548240169702936  0.83454328213579054
  0.84354293334534924  0.85296774111786622  0.86283008994613553  0.87199641378073900
  0.88106318846557030  0.89060803186295090  0.90069122509075883  0.91098094349822245
  0.92151799277235380  0.93257071583655160  0.94364328387849383  0.95425844073186816
  0.96573589219575440  0.97764393940950300  0.98882125270457610  1.00000000000000000
 -0.00262644160359639  0.00981775650564657  0.02119063339246554  0.03263306562852759
  0.04441988457478244  0.05656746767528727  0.06626369322790596  0.07491099413181064
  0.08425384939764941  0.09538402248585780  0.10616683795058512  0.11665505132938135
  0.12794789636405443  0.14110399705205443  0.15483222923230089  0.16699039531058532
  0.17982578603037058  0.19324461343702198  0.20649953040433527  0.21924915211520191
  0.23077467256503786  0.24061773225083055  0.25086553728649097  0.26078647021617007
  0.27028341678719453  0.27991739151636619  0.28997831724488493  0.30067451545343810
  0.31208858705323195  0.32379557878675014  0.33484924733073945  0.34493168316477019
  0.35544302216532048  0.36743732000214524  0.37821933515789397  0.38717650195483427
  0.39661138082748509  0.40585517229700335  0.41480102357795834  0.42365011905996725
  0.43229407334051800  0.44120093875311278  0.45036111088748193  0.45945572088801978
  0.46860687441068211  0.47766693336851263  0.48722370643028251  0.49711792353795176
  0.50695778474721775  0.51656499973493797  0.52641354374039129  0.53644739594286672
  0.54676539309158712  0.55719637474904449  0.56746508710009558  0.57787615409258630
  0.58674865072880356  0.59568488205647929  0.60532051076209281  0.61527889014288872
  0.62515896051642283  0.63416845847221592  0.64314965141443481  0.65272438245043995
  0.66260646118849009  0.67216304995086029  0.68165282989533249  0.69172099253926100
  0.70269171900563687  0.71455475070652663  0.72667027256408911  0.73911285832705420
  0.75108028017093786  0.76456306303196975  0.77775690395553632  0.79129278387391888
  0.80346656431119146  0.81455521752705029  0.82549832398654432  0.83608000781690650
  0.84657205873022845  0.85672872539001566  0.86616880368370497  0.87477866703753282
  0.88302245874991048  0.89144350804905048  0.90150449180391246  0.91127805175247756
  0.92084863269555306  0.93043043110086932  0.94071140245387208  0.95207277140759472
  0.96370057946337251  0.97541546877670582  0.98746175969662386  1.00000000000000000
   2.0381045107531946E-012  -1.0000000000000000     
 T F F F T F F F T F F F T F F F F F F F F F F F F F F F F F F F F F F F F F F F F F F F F F F F T F F F T F F F T F F F T F F F F F F F F F F F F F F F F F F F F F F F F F F F F F F F F F F F F F F F F F F F F F F F F F F F F F F F F F F F F F F F F F F F
  <DiscreteSampler_grid>
  grouped_processes
  1 # 1 for a reference and 2 for a running grid.
  10 # Attribute 'min_bin_probing_points' of the grid.
  1 # Attribute 'grid_mode' of the grid. 1=='default',2=='initialization'
  0.0000000000000000 # Attribute 'small_contrib_threshold' of the grid.
  0.5000000000000000 # Attribute 'damping_power' of the grid.
 # binID   n_entries weight   weight_sqr   abs_weight
    10   10   2.013232190047550E-004   7.826479650283774E-008   2.013232190047550E-004
  </DiscreteSampler_grid>
