 -0.00210271962970084  0.00804981538055038  0.01700574480096046  0.02621740313187038
  0.03558488950364187  0.04508412121405991  0.05468103785162023  0.06440249771480205
  0.07423507742305933  0.08420322182468457  0.09429925621813208  0.10452409364778467
  0.11487012584395040  0.12533766450233905  0.13592806614723188  0.14665112179449963
  0.15750261970009419  0.16848727448553510  0.17957541264746418  0.19079077146175813
  0.20211576637120490  0.21359041228787642  0.22517349620807206  0.23690982788733222
  0.24874605082161941  0.26071070859877937  0.27275768523937122  0.28491463775903503
  0.29716395405403373  0.30949968507129627  0.32193426573089973  0.33444350648018772
  0.34702948952809021  0.35966895251240300  0.37236166295646128  0.38508970132122783
  0.39784788729838122  0.41062036391138218  0.42339668737691766  0.43616799111339105
  0.44893747873496537  0.46169023150622818  0.47441246908217505  0.48707936420618286
  0.49969871998403764  0.51226293214944152  0.52476108072012129  0.53717288880309277
  0.54949022122504243  0.56172425181571173  0.57385836751950592  0.58589211239599515
  0.59781297331613248  0.60962817527221014  0.62131250246258674  0.63287920705761802
  0.64432381342351641  0.65565623386682703  0.66684645057024128  0.67790379475251605
  0.68883536231087461  0.69965705059839933  0.71035052588515035  0.72091235973629664
  0.73133956390341592  0.74163642180124001  0.75180543824906743  0.76185332249459159
  0.77178163451239390  0.78158736560813813  0.79127419316375525  0.80084731836881839
  0.81030599296011141  0.81964699186059420  0.82887426844688206  0.83799166186386909
  0.84699372601298362  0.85590806542673936  0.86468178142985008  0.87337656501506566
  0.88194492550611991  0.89043688585723269  0.89883033545463009  0.90712376544735029
  0.91533364290508779  0.92344272910677705  0.93147225198953909  0.93941113850926761
  0.94725395373273824  0.95502146699038293  0.96270152244177942  0.97029095388736575
  0.97781288506220898  0.98526444217670783  0.99264462014303922  1.00000000000000000
 -0.00198881419125274  0.00986614973209368  0.02014217574044856  0.03077180232613390
  0.04142406378524401  0.05191798666950474  0.06240832836364733  0.07293426074891535
  0.08348895457150425  0.09410013966617178  0.10469334703021900  0.11532660028268349
  0.12600485863070299  0.13656932837165686  0.14711644631647880  0.15752003622792871
  0.16798375515956004  0.17850387126195982  0.18906902130733666  0.19969643886770061
  0.21026562897218742  0.22074746481847224  0.23124753932348160  0.24176602056251806
  0.25237297062829417  0.26290552052000571  0.27353526059998118  0.28406315022880280
  0.29454748948816689  0.30505347119816223  0.31567350757048807  0.32643567806234969
  0.33709530870702858  0.34773642167214769  0.35823938184840287  0.36870346471246751
  0.37912489919484410  0.38952756777822151  0.39985058799051854  0.41019365444395078
  0.42053843508507927  0.43103968646408936  0.44155386732663920  0.45214242683219596
  0.46267029587875441  0.47322807126651378  0.48381475860295819  0.49443906244690272
  0.50501932101143376  0.51560088391049175  0.52620160738491184  0.53679709438303913
  0.54737384981824888  0.55790108395092686  0.56840658070664163  0.57890804306758104
  0.58947673177714122  0.60016355639675856  0.61083101481289981  0.62138099385205103
  0.63186212518434726  0.64227024908513597  0.65272523232246615  0.66316559958384624
  0.67367714109470767  0.68409797824757446  0.69451160616243957  0.70490347914519680
  0.71552607605565555  0.72620291983571361  0.73684887876200433  0.74745267959758166
  0.75807393383241539  0.76881658028327682  0.77954090691567868  0.79025700028724744
  0.80087140745409191  0.81148420946860789  0.82201006075848670  0.83265422331444428
  0.84307188206436412  0.85350642510093300  0.86377130800340585  0.87416852831156944
  0.88463865780075834  0.89516503415388471  0.90574183751305526  0.91617965758350528
  0.92666806719538275  0.93711756732081974  0.94758549730039510  0.95804399542184426
  0.96842602226512919  0.97889361999833369  0.98937524415858658  1.00000000000000000
   9.2341844955403279E-008  -1.0000000000000000     
 T F T F F F F F F F F F T F T F F F F F F F F F F F F F F F F F
  <DiscreteSampler_grid>
  grouped_processes
  1 # 1 for a reference and 2 for a running grid.
  10 # Attribute 'min_bin_probing_points' of the grid.
  1 # Attribute 'grid_mode' of the grid. 1=='default',2=='initialization'
  0.0000000000000000 # Attribute 'small_contrib_threshold' of the grid.
  0.5000000000000000 # Attribute 'damping_power' of the grid.
 # binID   n_entries weight   weight_sqr   abs_weight
    10   10   1.703601229202653E+003   3.041061685109169E+006   1.703601229202653E+003
  </DiscreteSampler_grid>
