 -0.00164009449980347  0.00822269970772230  0.01716435049238800  0.02639118012123108
  0.03575808264534609  0.04525475441761851  0.05485709174340669  0.06459204708322198
  0.07444509280031052  0.08442485988428479  0.09452112033560268  0.10474598874057052
  0.11509501100443155  0.12557724632145531  0.13618520454659813  0.14692463643721781
  0.15778563866294851  0.16878015188852175  0.17989274824685297  0.19113618137556976
  0.20248497659722128  0.21396997526257858  0.22556050642140840  0.23730368688471931
  0.24911923831388505  0.26107023470773050  0.27310097161992797  0.28527090551127138
  0.29752953072298310  0.30988608082374436  0.32233764464609171  0.33485879717267120
  0.34745017002443701  0.36009218005611066  0.37277536244698162  0.38548002597940489
  0.39820892209096964  0.41095985603329865  0.42372791311306640  0.43650102177841016
  0.44926939245352032  0.46201647264856094  0.47473783525711988  0.48741772741637568
  0.50004229858493210  0.51259951775550194  0.52508825543418214  0.53751195169531107
  0.54984248606919883  0.56208231353239935  0.57421490544522724  0.58625505585773452
  0.59817193888978848  0.60998095630928140  0.62166345950121671  0.63322530765825191
  0.64466598678835030  0.65597730966057544  0.66717399006356914  0.67825111212279898
  0.68920219058617394  0.70002066565655729  0.71069999647893412  0.72125034060601323
  0.73167111404672835  0.74197140550960206  0.75214326717040192  0.76218082944184906
  0.77209009282628738  0.78187571303622749  0.79153755716061724  0.80108138756824432
  0.81051976599768349  0.81985512092377777  0.82907983561175203  0.83819207855861688
  0.84718297840464540  0.85608329969863872  0.86483463436932417  0.87351745817965809
  0.88207148586975082  0.89055576890732735  0.89893644295374375  0.90721940887832175
  0.91542574032575075  0.92353171788698751  0.93155430838866315  0.93948533219323294
  0.94731949395824699  0.95507558876674925  0.96274156801232647  0.97031518460083888
  0.97782129988650068  0.98526181192549911  0.99263887352448665  1.00000000000000000
 -0.00231195806739254  0.00972571559349360  0.01988844541411446  0.03040428677582346
  0.04086200965301233  0.05134254787132780  0.06188814517250783  0.07245305284498743
  0.08296797503982538  0.09359491990884641  0.10423787731618017  0.11488162984590369
  0.12540096267920325  0.13583673254496598  0.14629840702546668  0.15683314850295271
  0.16733874496149787  0.17789040472500417  0.18836321071247270  0.19897668039621122
  0.20957809156280183  0.22011396957218293  0.23057740005527408  0.24108153871616100
  0.25160732286582543  0.26214698212499327  0.27265499080098526  0.28321744174410135
  0.29372633621656580  0.30432982186967961  0.31491278915973042  0.32554127965396812
  0.33613329470381964  0.34671386379639413  0.35730388719601353  0.36786787087180811
  0.37840591968698933  0.38878983009567381  0.39910175927966474  0.40947026641692802
  0.41993008563228479  0.43040414526189125  0.44086978187278975  0.45144628428614136
  0.46212611217355276  0.47289007094554730  0.48353569155661802  0.49411217719056078
  0.50464381920676893  0.51518096104422373  0.52570810783660027  0.53619056510980723
  0.54673760842919894  0.55726869968292791  0.56783118041759317  0.57839804027149644
  0.58904782107202092  0.59973011183484692  0.61035754652780205  0.62096317893060760
  0.63144342487910876  0.64192461558655822  0.65238874051628004  0.66287738607633029
  0.67333227778144056  0.68378706504290410  0.69430330727952261  0.70484692792232129
  0.71541726708328290  0.72602491159209959  0.73667896780905406  0.74733253958049650
  0.75786176603296740  0.76837063456070964  0.77877991377614841  0.78924071678365570
  0.79972635848584273  0.81025464348690956  0.82082610716397619  0.83134010202251496
  0.84188219065359127  0.85238864133877856  0.86302097527751909  0.87361029201607066
  0.88418324650064861  0.89473345488004474  0.90525069968974015  0.91582143693658946
  0.92622956180721727  0.93665975973868354  0.94714897855033842  0.95768106146645493
  0.96823813799976444  0.97877582157189402  0.98940142086852068  1.00000000000000000
   9.2266365313081470E-008  -1.0000000000000000     
 T F T F F F F F F F F F T F T F F F F F F F F F F F F F F F F F
  <DiscreteSampler_grid>
  grouped_processes
  1 # 1 for a reference and 2 for a running grid.
  10 # Attribute 'min_bin_probing_points' of the grid.
  1 # Attribute 'grid_mode' of the grid. 1=='default',2=='initialization'
  0.0000000000000000 # Attribute 'small_contrib_threshold' of the grid.
  0.5000000000000000 # Attribute 'damping_power' of the grid.
 # binID   n_entries weight   weight_sqr   abs_weight
    10   10   1.549327187743945E+003   2.478346646522113E+006   1.549327187743945E+003
  </DiscreteSampler_grid>
