  0.00941609967643947  0.00943112645106399  0.00947347826279442  0.00953490137851752
  0.00959863647897161  0.00966642016145361  0.00974127415752830  0.00982007417065603
  0.00989802539598510  0.00997654781061510  0.01005649237950672  0.01013788362015819
  0.01022016097019028  0.01030261470489703  0.01038477383801281  0.01046709502274169
  0.01055080899300109  0.01063549248560266  0.01072075432551664  0.01080662388436597
  0.01089317339104815  0.01098118669042573  0.01106895865990898  0.01115683759210281
  0.01124526758562507  0.01133709106394147  0.01142920323838367  0.01152171249611163
  0.01161481893759449  0.01170903290280777  0.01180536601863286  0.01190251694672996
  0.01200044719626600  0.01209955849870521  0.01220142140437710  0.01230383839548723
  0.01240634490144332  0.01251102881426654  0.01261791071625358  0.01272452001167467
  0.01283186849046066  0.01294265192995694  0.01305440733336322  0.01316629237967653
  0.01327896627146884  0.01339601323505484  0.01351497672407088  0.01363562612549751
  0.01375797222102626  0.01388130340684090  0.01400532759123601  0.01413128012058763
  0.01426135719603977  0.01439314380938518  0.01452889114250433  0.01466667148542255
  0.01480585425929099  0.01494876272543914  0.01509574683069285  0.01524426250925634
  0.01539818581721264  0.01555430174627694  0.01571389658839804  0.01587836866606811
  0.01604362546385115  0.01621515452555495  0.01638922007935490  0.01656831236888205
  0.01675184577482691  0.01694021330737201  0.01713242938744291  0.01732938562629283
  0.01753224429619772  0.01774249876038793  0.01796015835061514  0.01818745128812806
  0.01842340595846362  0.01866725338650431  0.01891967014456758  0.01918526606295472
  0.01946468304724849  0.01976280916122780  0.02007852030415221  0.02041161583118347
  0.02076805324777317  0.02105906011462938  0.02135491830597104  0.02167717308104870
  0.02202573174091479  0.02240181175260714  0.02282087453171250  0.02330560760539888
  0.02388858616428500  0.02470132559400754  0.02537149191122926  1.00000000000000000
  0.00945549231686033  0.01621053526475071  0.02558382112754107  0.03646572439545270
  0.04706492374446619  0.05759706277632340  0.06813013358380740  0.07860747161609941
  0.08885636024528916  0.09913819561608002  0.10959013562042073  0.12124398507313744
  0.13322477233067753  0.14421016044008439  0.15435852466400682  0.16399300865156680
  0.17347337747841496  0.18292067742091067  0.19265269514859731  0.20261412873496423
  0.21312260885907772  0.22359216615913782  0.23369517465453130  0.24351908217651203
  0.25333361708289615  0.26358279823796987  0.27397413383456776  0.28435560596657494
  0.29521016172418790  0.30590954509263862  0.31613561821960862  0.32616231149056046
  0.33639024172920556  0.34742130749894717  0.35897673238485822  0.37020406770136738
  0.38104365126104506  0.39149873099963101  0.40205171177331378  0.41252686474220651
  0.42255360104003031  0.43255160345436910  0.44261375622872628  0.45313754144964402
  0.46401361596325630  0.47513652695124570  0.48580869159404094  0.49633168046965065
  0.50638672225649917  0.51643616130471059  0.52597418623874614  0.53559798866662023
  0.54531033348838187  0.55553874465998632  0.56607904397288600  0.57642034069482739
  0.58661341266077549  0.59684227404171408  0.60727883394953774  0.61768868087515238
  0.62790163526451281  0.63798542633359123  0.64828056998001804  0.65891511133965397
  0.66966743385677219  0.68021007217658203  0.69038271977532184  0.70041155230427254
  0.71037081657998458  0.72018574643661859  0.73007986097516231  0.74037966680905209
  0.75113103009799242  0.76158239676724715  0.77152286564388295  0.78123470446574184
  0.79079340663363507  0.80063011059959943  0.81084479972360857  0.82129945761002088
  0.83160250432658511  0.84165423358248448  0.85193309122005301  0.86260909041095868
  0.87331765093788027  0.88385827004708661  0.89447558234396618  0.90579919363911221
  0.91760048884427392  0.92873826098900192  0.93937917047743835  0.94982345209932384
  0.96042976183575468  0.97072804258455159  0.98062999888160751  1.00000000000000000
 -0.00257281915689951  0.00917358750535188  0.01948954649459269  0.03008603971785588
  0.04053879809517470  0.05089014992729772  0.06124403265528332  0.07159763335532714
  0.08198901560629189  0.09225989146438612  0.10255043981731654  0.11295694135579135
  0.12310867730006561  0.13298579333579008  0.14290322367699043  0.15319260463473003
  0.16350428167946612  0.17394103362977717  0.18464597698891225  0.19553009673945132
  0.20643149656939999  0.21703949420322996  0.22784786107003813  0.23916456900188549
  0.25059019806835314  0.26192777395200073  0.27318818201163370  0.28441509447303781
  0.29558898231699665  0.30634274293534869  0.31671721512045065  0.32732656666527316
  0.33826803191549171  0.34955039243183750  0.36075495909793448  0.37211794613580451
  0.38380722836091574  0.39536993440501417  0.40638329969728765  0.41680278161801271
  0.42710016540701867  0.43735796282571915  0.44756452923276907  0.45801402747650616
  0.46842744154515431  0.47852925615755904  0.48830803847044574  0.49808312684370520
  0.50842280072648161  0.51893329266345267  0.52940008252349102  0.53968028027357307
  0.55014175714805269  0.56081161274553593  0.57186072705145008  0.58290126778196061
  0.59403932369837198  0.60496327152015106  0.61553764938891931  0.62606662609496833
  0.63660250985946565  0.64748604733962611  0.65838630689687971  0.66940933732127672
  0.68014455071764945  0.69069851192875475  0.70107834005258540  0.71177924255084801
  0.72265413112006982  0.73352785304056656  0.74428059434811311  0.75524434198097490
  0.76553979963238084  0.77542749885076434  0.78505351724476991  0.79510271493488338
  0.80534755850595185  0.81550811044923066  0.82544505189822570  0.83546341845068806
  0.84574762331685593  0.85635349564620433  0.86706982990143044  0.87753799540169797
  0.88770975903154903  0.89734927925407293  0.90673613634047834  0.91640733168658128
  0.92645864899704722  0.93669898446281130  0.94657538484046344  0.95662939013802062
  0.96691804153701366  0.97797010715412136  0.98894325070079403  1.00000000000000000
 -0.00278083076136019  0.01000746100520252  0.02108814656779355  0.03221945226777388
  0.04315214126972546  0.05357821165132165  0.06398391177227911  0.07463903807180253
  0.08545447192046507  0.09667098870227436  0.10779571861025319  0.11849275999029045
  0.12884055760729654  0.13910312914070810  0.14970463613011628  0.16023937962382800
  0.17056920705584838  0.18081242722626156  0.19126710237618383  0.20185800631243495
  0.21263397190257846  0.22353484751490688  0.23459578309807955  0.24578545789752473
  0.25695888314881105  0.26845380019935861  0.28021150519346039  0.29177450661216803
  0.30286092630829853  0.31326860632710796  0.32335746571411716  0.33325814401217352
  0.34361691345289092  0.35435667452460851  0.36531214226791547  0.37623328008711715
  0.38752418663477939  0.39866313251748603  0.40925646414953748  0.41943454345918235
  0.42952943751653522  0.43951663389775569  0.44950593759780166  0.45969117413933042
  0.47008201032762803  0.48028604800707919  0.49081107868416651  0.50147698723315359
  0.51185379505690243  0.52183178488994053  0.53159416799548231  0.54126577802937259
  0.55074616676759691  0.56023967243413120  0.57052917349678800  0.58102318307425616
  0.59128019328740322  0.60138675380723305  0.61142124714995771  0.62147682955876005
  0.63145643482887015  0.64163956588271942  0.65221616279927030  0.66280214031069484
  0.67331745087762074  0.68350300109884954  0.69361974681374861  0.70449144041448886
  0.71615172710256725  0.72725831770337768  0.73767357731412420  0.74771321038714489
  0.75767731063322918  0.76755604561010526  0.77726259789434038  0.78731922539186161
  0.79747936545695197  0.80773521353031097  0.81840661691265060  0.82934045718847926
  0.84045867981831268  0.85094695656679986  0.86143560708640565  0.87138118148571553
  0.88163968718575503  0.89190827088389990  0.90249809408096038  0.91313878499948575
  0.92405480105372184  0.93488114822308388  0.94584265158388403  0.95696413810999392
  0.96823693540215305  0.97886077534562999  0.98960199697024043  1.00000000000000000
 -0.00234741422044176  0.00876658162597796  0.01849383516903040  0.02821510439138192
  0.03846217543484343  0.04920891492392431  0.06024218208500437  0.07127764342101400
  0.08191501823931353  0.09279114317979352  0.10381535262595408  0.11431717670631944
  0.12459641560419131  0.13474364267976047  0.14507687077589315  0.15522430730900272
  0.16500851096185359  0.17484552520728253  0.18485052638875588  0.19482683219887489
  0.20458751224602967  0.21432259260230416  0.22430278600270731  0.23481278045735182
  0.24568761344373014  0.25662220035823646  0.26744722841943108  0.27804545261330843
  0.28841978127862161  0.29895088949141219  0.31000934685685161  0.32134049269962484
  0.33248382955850470  0.34307455270663700  0.35327630033751783  0.36323941352665251
  0.37316997813009950  0.38336730343004066  0.39359076195032228  0.40393843516913458
  0.41434339799068626  0.42525962831522196  0.43700859663487002  0.44905998657516050
  0.46048159006367678  0.47127531892237084  0.48235474259343286  0.49383018595071815
  0.50481791276485566  0.51599538208851869  0.52700586161112783  0.53803656501356534
  0.54902871725925195  0.56014592738369395  0.57119428098657188  0.58189161710284520
  0.59254049042709944  0.60313176074792552  0.61409457742437157  0.62527166736142625
  0.63596868112999283  0.64640284221189459  0.65633702781510195  0.66602889782244645
  0.67556902432352128  0.68509879354926106  0.69494029822723646  0.70515083555392222
  0.71558749584779813  0.72607922229009814  0.73649516849587449  0.74711875971144082
  0.75777572842592245  0.76821903248634316  0.77821133446209612  0.78810428054382697
  0.79817336809426231  0.80937151386713624  0.82032268915621642  0.83125830966804470
  0.84149851124927266  0.85198364001841420  0.86258386893628713  0.87338913776344029
  0.88386786620195423  0.89424911304667321  0.90447613561212836  0.91478543140083923
  0.92494367426105506  0.93520200929896058  0.94590969454911922  0.95691601635377899
  0.96791913365427906  0.97852416891111049  0.98924136693748588  1.00000000000000000
 -0.00277253135072698  0.01110717555979005  0.02187901957493066  0.03269276270713172
  0.04250123201916652  0.05278455393633990  0.06297780591304655  0.07296741351650665
  0.08293970477299881  0.09323742173631966  0.10413806984390897  0.11499098883216259
  0.12607522101876578  0.13733960784509999  0.14839776061602050  0.15932053453016454
  0.17043410976781137  0.18148647707732632  0.19242621033839724  0.20290444446988923
  0.21311290536027530  0.22309058628357689  0.23277401820401686  0.24253138605822644
  0.25284972126529193  0.26384319626699088  0.27493488620637674  0.28612472362356911
  0.29735811398122597  0.30810672736240197  0.31852888358158227  0.32882941600711468
  0.33931971430492214  0.34975716832881915  0.36011499092819121  0.37015260615500023
  0.37991646101568488  0.38978640228825151  0.40005865209311370  0.41066597993218296
  0.42128422112795938  0.43194010272502470  0.44269370745501124  0.45356103454027619
  0.46464153274326675  0.47579960115019770  0.48712303730951101  0.49838589838612141
  0.50923534399909887  0.51956226636348013  0.52970509073221339  0.54007688299448664
  0.55068042951233698  0.56135899805112677  0.57190715759754607  0.58232784461896492
  0.59235598480748020  0.60221097140177049  0.61203299443610815  0.62206190568228736
  0.63218193358544050  0.64211010020192627  0.65197249633684251  0.66213698706874913
  0.67274493379596167  0.68356266217024575  0.69430771836583716  0.70500725456824476
  0.71587953956594308  0.72638062347105659  0.73644594844483269  0.74654480130437095
  0.75695526778617550  0.76823968664471121  0.77951837891484521  0.79067294352312156
  0.80123850376417383  0.81180551204512030  0.82246418904941898  0.83343038227090593
  0.84438884426629490  0.85500571210886678  0.86536278373489506  0.87562262126112844
  0.88622974165130808  0.89705763147057382  0.90753543398117653  0.91752655110273662
  0.92771767561773921  0.93773379816235802  0.94802669795731709  0.95853490300513589
  0.96934971923750413  0.98007069810637049  0.99018439966051641  1.00000000000000000
 -0.00197033031199219  0.00855842990370425  0.01706720235268648  0.02546421950408418
  0.03376341890303576  0.04219510127468572  0.05091886221182361  0.05997211634252963
  0.06929748420539036  0.07843475022601565  0.08744322607353543  0.09650045096465008
  0.10569821275209484  0.11510034376352637  0.12485733257822859  0.13494175521152241
  0.14498003699642115  0.15474136961224183  0.16441083225613995  0.17437633966745059
  0.18480803713675478  0.19538353303243028  0.20527965436382054  0.21533918442553504
  0.22543053826591508  0.23646243934929986  0.24755291020362008  0.25845279818995481
  0.26930322309032662  0.27981623674028916  0.28969989042104921  0.29947949460217227
  0.30875919370690125  0.31831157428600204  0.32805787776225587  0.33835050618337564
  0.34866730543002955  0.35883333214669444  0.36868421080420088  0.37914699796337920
  0.39038839345062532  0.40157079178332739  0.41264441949488118  0.42300309346472165
  0.43415862603851568  0.44494683800446527  0.45603720103770434  0.46707496710613539
  0.47751273509782388  0.48816019750769035  0.49904909097625960  0.51131101173730331
  0.52331994570531304  0.53488229032449186  0.54616699186662487  0.55752341879712541
  0.56870678051720835  0.57994821194094026  0.59126484162951432  0.60327586756378015
  0.61546971408438611  0.62740851370664164  0.63853155977153631  0.64934718377429612
  0.66017637690755870  0.67109002238147208  0.68232773806341207  0.69360083336640876
  0.70481560453648195  0.71610897395260797  0.72775649630901273  0.73994124456986532
  0.75230644200749996  0.76459033843730362  0.77648454914266229  0.78780778846407018
  0.79918392082779222  0.81073191996059824  0.82204648113372614  0.83283898669856560
  0.84345985450953953  0.85397392202105160  0.86391262669413282  0.87400524459891427
  0.88504426861898833  0.89694133734224457  0.90816137014410492  0.91833160497406952
  0.92858721419900969  0.93870460929942579  0.94921053503986230  0.95951072813649585
  0.97004385380224023  0.98032964545450085  0.99036676224337072  1.00000000000000000
 -0.00242172944752292  0.00970880566466031  0.02066492735139540  0.03171212535845584
  0.04267832518624091  0.05335538736833749  0.06407012709284954  0.07490752644990550
  0.08576512450379030  0.09629673218843640  0.10693491500860826  0.11742555250969897
  0.12798963719787815  0.13876850819254269  0.14954335351388146  0.16007095530866797
  0.17056011460052284  0.18121706769690260  0.19186395578126153  0.20228489062537858
  0.21285771471687662  0.22402228259710735  0.23538544225747679  0.24696346526916158
  0.25822592935481642  0.26901266819817099  0.27933824589242207  0.28937556939240866
  0.29953419815964805  0.30973609442398281  0.32023753660311438  0.33089062689992838
  0.34156957406502697  0.35180042830206087  0.36183605655831258  0.37172399011049484
  0.38157968088355942  0.39126768890938107  0.40077458260233956  0.41028129990096729
  0.42012048412001785  0.43043355387614018  0.44137647361823984  0.45286333863566214
  0.46377036192894472  0.47483502366632951  0.48586605370818453  0.49723023998558724
  0.50802203358340914  0.51884765746998196  0.53027300174758185  0.54188954515209264
  0.55296411869579853  0.56360690766353361  0.57415365478828129  0.58470982033479546
  0.59494022655710355  0.60519105840640885  0.61545324085672670  0.62564390965067040
  0.63613751595874690  0.64640817127165118  0.65693934450505320  0.66778018384901638
  0.67902049534835873  0.69038092281107566  0.70136642450878472  0.71198602371566910
  0.72234374227141107  0.73265663023834748  0.74307629093949412  0.75336542624926772
  0.76356122306548446  0.77375433146273098  0.78380588862036005  0.79401471957701286
  0.80381807519080872  0.81328834299800123  0.82248496345780808  0.83165636183147351
  0.84179522808282015  0.85239222204541576  0.86363582134139960  0.87486372249730593
  0.88627057466733772  0.89777421015930980  0.90881385043059637  0.91946758221672908
  0.92938426043456746  0.93944279552769594  0.94935829594402765  0.95934935292394985
  0.96968833948737021  0.97948159044644212  0.98998682686798112  1.00000000000000000
   3.7492730028589085E-011  -1.0000000000000000     
 T F F F F F F F F F F F T F F F F F F F F F F F F F F F F F F F F F F F F F F F F F F F F F F F T F F F F F F F F F F F T F F F F F F F F F F F F F F F F F F F F F F F F F F F F F F F F F F F F F F F F F F F F F F F F F F F F F F F F F F F F F F F F F F F
  <DiscreteSampler_grid>
  grouped_processes
  1 # 1 for a reference and 2 for a running grid.
  10 # Attribute 'min_bin_probing_points' of the grid.
  1 # Attribute 'grid_mode' of the grid. 1=='default',2=='initialization'
  0.0000000000000000 # Attribute 'small_contrib_threshold' of the grid.
  0.5000000000000000 # Attribute 'damping_power' of the grid.
 # binID   n_entries weight   weight_sqr   abs_weight
    10   10   2.692513829203773E-002   1.460401465103337E-003   2.692513829203773E-002
  </DiscreteSampler_grid>
