 -0.00000001026592543  0.00001277936425842  0.00009914021055173  0.00028373709173062
  0.00056511482364432  0.00094146899853412  0.00139927480558477  0.00193562502387916
  0.00252904847747320  0.00318617474384925  0.00390711296119404  0.00468321488149088
  0.00551287763788737  0.00637531504586250  0.00729985622832756  0.00819581489802587
  0.00917528313634696  0.01017403745765878  0.01119404346404860  0.01230672057848550
  0.01340850436635959  0.01449010877860957  0.01559621596692590  0.01675610340972384
  0.01792779400541915  0.01909447098476199  0.02033037325777369  0.02160413338707343
  0.02284739170781653  0.02406917814544155  0.02531730684374655  0.02656976734319618
  0.02788994941595811  0.02918130909415747  0.03046876185787008  0.03176217374930323
  0.03303873821218706  0.03436964757730562  0.03580662979687165  0.03728483719500376
  0.03871621918083423  0.04014771868447647  0.04156318487670991  0.04291825214309502
  0.04430900957601552  0.04571814603980155  0.04720518920010240  0.04872154621434278
  0.05023118810860479  0.05174228166302244  0.05322564249065506  0.05474312005293090
  0.05626168065384155  0.05775374239415677  0.05923788717282431  0.06082696397599014
  0.06251986193691540  0.06419832927839486  0.06587544578875104  0.06754090073443045
  0.06921945963454298  0.07092391693782960  0.07266029748830613  0.07442962008719409
  0.07626112329484809  0.07802844603313934  0.07992103241959944  0.08190325174064350
  0.08393949177435470  0.08603224323795158  0.08813978935305829  0.09023935709184563
  0.09236283638326585  0.09451630976141892  0.09668858398238273  0.09890953032492356
  0.10113618991080885  0.10340537385738088  0.10602798577577281  0.10895793510550845
  0.11191110525859205  0.11496891708779537  0.11810447963455235  0.12133579662243375
  0.12468921205653959  0.12817117570261785  0.13175609865182708  0.13544215889624314
  0.13980056796915480  0.14509533730546664  0.15134581724288976  0.15865936150938920
  0.16765289095981589  0.18139417804365560  0.19375950367677597  1.00000000000000000
  0.00958603978363989  0.01586881077150224  0.02518551972259597  0.03559389133114980
  0.04608054208421098  0.05667153603545443  0.06795883481659395  0.07976306754110532
  0.09122487798452950  0.10211055136135351  0.11287907108751208  0.12357392847586794
  0.13399430622791086  0.14432786224658400  0.15508912345428524  0.16572747071603017
  0.17633127975223412  0.18690363193049467  0.19781183259760549  0.20881062593127703
  0.21977875767733510  0.23079861536057941  0.24123284345003537  0.25111738574250236
  0.26028663589181017  0.26956280723570297  0.27901184324373723  0.28895345171864401
  0.29952074564708997  0.30991107191213590  0.32057289814664935  0.33107291975500436
  0.34171787824197253  0.35223041652789910  0.36321369326557407  0.37405511361710997
  0.38464255458524393  0.39513024725249812  0.40554632121162976  0.41568991634031421
  0.42550309598057562  0.43484181037008790  0.44488971541583305  0.45551105110923396
  0.46730398983681065  0.47932399299023620  0.49180451662869662  0.50340218827605454
  0.51443200083826535  0.52557992610283799  0.53716879872958612  0.54766432729250847
  0.55756943775766488  0.56775881567643782  0.57809936200698508  0.58859844903912673
  0.59901611059151638  0.60977991187569547  0.62055673475172590  0.63116485990520421
  0.64146404332704421  0.65197304343102447  0.66249099667514677  0.67324347597349321
  0.68427606532995910  0.69558072767508372  0.70679509087954639  0.71762043618695370
  0.72790731916812645  0.73783717951835837  0.74806097731694599  0.75867509082358098
  0.76938497069919509  0.77985420714661768  0.79021751381022587  0.80038807083108299
  0.81045541846511782  0.82036928228465666  0.83009903633976678  0.83996164637168913
  0.84984016969556786  0.85955396408583074  0.86889899922692637  0.87848258305827620
  0.88840540395536960  0.89889644245400913  0.90883316838284767  0.91913052879087698
  0.92976308285600695  0.94060275547414540  0.95132245322037035  0.96191947239517195
  0.97168474006489347  0.98155125725512404  0.99137376567331215  1.00000000000000000
 -0.00264445772661622  0.01014033286106493  0.02054088881547746  0.03158462738758942
  0.04249010736567298  0.05349722667999326  0.06446506002956713  0.07591589191424225
  0.08771628030214200  0.09944552217618149  0.11086178154652637  0.12197876842985339
  0.13372904377740866  0.14494590433727048  0.15576147759777523  0.16596064094043075
  0.17558105058498985  0.18516269244486108  0.19509309992274312  0.20548639234626218
  0.21527870305218211  0.22458523428459770  0.23432218786939027  0.24430104521689666
  0.25411997821216287  0.26401971340485403  0.27383817292023804  0.28472704970502910
  0.29525763381985892  0.30589153817647136  0.31608667604179014  0.32617254368226356
  0.33589308285032776  0.34595195706729681  0.35615201940034830  0.36661891488153758
  0.37685738651683359  0.38686753782890265  0.39667174367487973  0.40729907910346913
  0.41804358649103845  0.42922367291029384  0.44051385810881238  0.45157540515944783
  0.46254934307877643  0.47299327760761456  0.48357940962564461  0.49399008940678274
  0.50436555581734388  0.51448951931682652  0.52464374209112929  0.53497354399687247
  0.54537205920358278  0.55569117122410705  0.56558526964725808  0.57560250486022313
  0.58571049392612595  0.59637940193214567  0.60704009155576777  0.61795030693797282
  0.62872793357015033  0.63923932889375557  0.64949024943883560  0.65999343506625530
  0.67092912540035443  0.68231653606157960  0.69335441222240990  0.70404453310767467
  0.71481214019101580  0.72573189312462982  0.73659483486978661  0.74727135618851515
  0.75867620054554341  0.77064821248665183  0.78225183813820232  0.79329115203494138
  0.80349877113487034  0.81367792673091599  0.82346855299238897  0.83329937383240449
  0.84342618249918866  0.85393701737876260  0.86456783049931163  0.87502758593065377
  0.88548012225834549  0.89629030241481511  0.90692107562144342  0.91704920088981690
  0.92736216508568292  0.93775607190045163  0.94860550705947067  0.95938188119294865
  0.96980867293172623  0.98011848176957239  0.99014806032618607  1.00000000000000000
 -0.00246598998377713  0.01043596084310211  0.02086398349334777  0.03197972333412336
  0.04304248607979348  0.05411029540300085  0.06515455791746744  0.07571313248968145
  0.08575165732636715  0.09513388746625152  0.10487995591164173  0.11460897969866160
  0.12455531841727233  0.13485118093150208  0.14523231343484963  0.15570216362583056
  0.16644189964703399  0.17662246565749284  0.18658581031996604  0.19636838500571105
  0.20650498848450569  0.21702929065038351  0.22781076867720501  0.23880740998740288
  0.25001176919840495  0.26094196009702481  0.27176806888885136  0.28239935832100005
  0.29307064386151033  0.30354465555259036  0.31417649601624181  0.32531493083745050
  0.33613403603306619  0.34677809997996750  0.35765705694636418  0.36865467009286013
  0.37929923968827217  0.38916658231953188  0.39898112071089825  0.40889660009816031
  0.41886297489810753  0.42827770161110751  0.43790833343168284  0.44728416051508935
  0.45690442353419619  0.46631371805589211  0.47578795493123860  0.48516121670849921
  0.49442310012776031  0.50359736784206310  0.51277197846692579  0.52211800903235761
  0.53178128943927827  0.54153673416392001  0.55189925908816428  0.56302139123867390
  0.57507754169379555  0.58722611197015318  0.59892439563316202  0.61034732412715065
  0.62137283880672700  0.63199971276114075  0.64259845012781480  0.65343442404631324
  0.66437758846731532  0.67510865189128755  0.68545898496884983  0.69561600978614602
  0.70585663331098503  0.71614156591841693  0.72622601736196679  0.73612861227410542
  0.74623717993634364  0.75679350435545167  0.76730932803289653  0.77753975681732068
  0.78809174601163701  0.79907263340089296  0.81058794619549979  0.82182145051436706
  0.83310915620619408  0.84524350592198871  0.85777148011736548  0.86999165222768982
  0.88162670715225111  0.89261862442251783  0.90339013338730945  0.91414702051470131
  0.92451352759780503  0.93507073913841154  0.94607360497925674  0.95701885475490533
  0.96750763435902731  0.97808373753104993  0.98878785219089604  1.00000000000000000
 -0.00235106724899210  0.00945545418100067  0.01915555156869347  0.02939790750124757
  0.03969500883154985  0.04985220394483938  0.06012592245411401  0.07036863819692661
  0.08043660862511942  0.09022129689514423  0.10013686977219806  0.11038620868789037
  0.12085096523624841  0.13134115674914298  0.14196081625900178  0.15271090917975030
  0.16344200563054678  0.17378606551663997  0.18390901048552605  0.19431880090955581
  0.20491050597061794  0.21585232786913502  0.22686283912998420  0.23789644137968999
  0.24902290909470085  0.26041113316174685  0.27176290829473565  0.28287810717689432
  0.29428047644243399  0.30599044824434302  0.31723781748409607  0.32804345048415623
  0.33941900865992808  0.35132127932435092  0.36225364495162249  0.37282714562873626
  0.38300628692000388  0.39350967177268537  0.40379425242544398  0.41337658263458815
  0.42294517315869035  0.43271575001874790  0.44299149477552563  0.45367430617812299
  0.46441760035807000  0.47525876244973148  0.48554372971738086  0.49530656528897443
  0.50538007037005039  0.51563974078391739  0.52639030360213046  0.53717131650126826
  0.54833851597634475  0.55950905841275755  0.56980220285158678  0.57942297571593382
  0.58939225695507302  0.59916033096292987  0.60902272041635652  0.61899986853701050
  0.62918406688390804  0.63968328091907001  0.64995587479492434  0.65989100885186358
  0.67002750901033137  0.68047767746107979  0.69103166626373846  0.70130600726089709
  0.71145664368682615  0.72185353849347922  0.73243517176139805  0.74297000559914317
  0.75372941810431870  0.76483399864376622  0.77573881412703516  0.78604562987130600
  0.79660017441865527  0.80668247786743141  0.81663134695366912  0.82668611764600863
  0.83706502520005277  0.84790517523750841  0.85896303475914570  0.87030991850944661
  0.88154926359611341  0.89256676880258856  0.90338612314036537  0.91384826084952397
  0.92445424114489794  0.93513297343681845  0.94600538844739357  0.95699618236648676
  0.96800776009038725  0.97905813951122045  0.98957866348540269  1.00000000000000000
 -0.00258428085834500  0.01047760387175134  0.02066273962208210  0.03143062553687671
  0.04172315768871462  0.05202965708920864  0.06248982266653518  0.07254765073893081
  0.08269143217580531  0.09268405326461852  0.10335644842677716  0.11426242033478994
  0.12502393891702479  0.13567457512053746  0.14621449807704667  0.15693761223712188
  0.16780417151708679  0.17880996817271913  0.18996279491148446  0.20042931578859910
  0.21083448886753867  0.22104024617315551  0.23128681013090696  0.24151435726423845
  0.25211624324561555  0.26348981150545236  0.27502396063739976  0.28672729716791467
  0.29742840302129531  0.30789991565362934  0.31792384204525104  0.32785679740731050
  0.33784125804904053  0.34775517838761405  0.35722920710820244  0.36723512942463005
  0.37702256373181225  0.38762113488650268  0.39818453879336552  0.40859693852835810
  0.41874961620828216  0.42900058673505131  0.43928432639848408  0.44966046382539870
  0.45990189830340467  0.47023455961291261  0.48057299599167669  0.49082841162654622
  0.50144277486264366  0.51255591810753243  0.52401500027101966  0.53539803176018652
  0.54683471946216877  0.55865748909788349  0.57054396749113212  0.58225568955668749
  0.59338031752349907  0.60411597457939792  0.61462855940893912  0.62490160497298841
  0.63468370451605016  0.64430731951343678  0.65413034828223660  0.66448144779611240
  0.67535665762782471  0.68663250426928291  0.69765467269034831  0.70830703694449804
  0.71888342057499055  0.72925243970241893  0.73912433146594214  0.74899180096220175
  0.75966604176985708  0.77056335678293431  0.78035523536451967  0.79014709834993269
  0.80008408672071840  0.80993432903976914  0.82010345086387926  0.82982907140537110
  0.84016849973728702  0.85046250035432247  0.86185689231549989  0.87330334086035899
  0.88550513146425824  0.89752723758128472  0.90881593926253190  0.91966669686131419
  0.92965663337437476  0.93988188760415703  0.94984926638052458  0.96021662207257141
  0.97055409889791588  0.98039549792205627  0.99027157295739199  1.00000000000000000
 -0.00202182261004821  0.00667235268394957  0.01456494985512462  0.02286801490204692
  0.03158072079970671  0.04033818428235689  0.04879487275140874  0.05685879949749559
  0.06550857690332888  0.07499143686552558  0.08483614322543805  0.09470714028617581
  0.10466151105564278  0.11452611296730147  0.12421469098130083  0.13368359361897583
  0.14324933512044491  0.15316432428116855  0.16320034237710937  0.17322985818773018
  0.18342731173939578  0.19385864025026600  0.20454506496861746  0.21537681764896732
  0.22616641383711031  0.23681584823567373  0.24721580804707463  0.25749276830461199
  0.26781980260865901  0.27869923803421148  0.29003836766535507  0.30163375655525315
  0.31322521906702777  0.32465118819762256  0.33577301099634443  0.34713245135068649
  0.35874938278100349  0.37065672351668050  0.38256455267013539  0.39452538084974470
  0.40557866344092819  0.41677313667213262  0.42879370813146434  0.44133817387604696
  0.45453046531466512  0.46786082111152555  0.48111350955200088  0.49390135893621118
  0.50665068779370737  0.51932632267892842  0.53114707504294045  0.54312295009025668
  0.55598303598661303  0.56885531094765496  0.58189660763237550  0.59420166392589679
  0.60620132867016341  0.61791415637262792  0.63003484854801428  0.64260805581070302
  0.65504561314326570  0.66709696540703434  0.67841507890488495  0.68925371259896784
  0.69973628395054710  0.71025245330441844  0.72068564417426939  0.73112748900769253
  0.74156324435101684  0.75204707533079951  0.76244730472507027  0.77290157575804019
  0.78324803654739994  0.79351711170381278  0.80372158280455341  0.81390186439987777
  0.82399961446026959  0.83392715800187078  0.84370221758704655  0.85358158492992919
  0.86349631079793454  0.87335218334348674  0.88307003475608215  0.89276217560432269
  0.90249928433633453  0.91205639150469853  0.92157518261155846  0.93092328620211706
  0.94015521540256997  0.94910737596046679  0.95811030350845816  0.96699715696126443
  0.97575386412189324  0.98410292892936468  0.99215767563197788  1.00000000000000000
 -0.00228630760550872  0.00890897006037638  0.01863316034748256  0.02901134508666680
  0.04032098828319765  0.05124956546717514  0.06158276536836827  0.07226303203906149
  0.08274713481953830  0.09292604520626450  0.10333251654817807  0.11439165849212386
  0.12605481029695728  0.13743646769489490  0.14902650446294952  0.16090581668276005
  0.17228309919129423  0.18305637392411775  0.19347173314064997  0.20389004520573648
  0.21465034271091865  0.22546628022797149  0.23663734550642618  0.24794662782468990
  0.25907105238191602  0.26984731814541457  0.28014210847373539  0.29023357399557664
  0.30006999069018819  0.30966541594059510  0.31911019921210693  0.32841920399918129
  0.33764915115390060  0.34699926532198377  0.35699958936310694  0.36786544792088338
  0.37834790405130914  0.38845422615532488  0.39814545274218105  0.40772808172621844
  0.41724008258361805  0.42702803439209031  0.43712803222923535  0.44824857305139520
  0.45952245679175502  0.47161849571837522  0.48310248186981736  0.49443251228340074
  0.50528450479841780  0.51617077588347127  0.52641394301727218  0.53615934727494818
  0.54571945344085970  0.55508118934952111  0.56462076942377182  0.57444730071762440
  0.58447781844540558  0.59511988494678847  0.60534309478451331  0.61629739645320558
  0.62689692666520314  0.63728035386722282  0.64784189484739618  0.65870875208596913
  0.66916578592096365  0.67870000345429671  0.68840072972640565  0.69840439750424155
  0.70850335536154863  0.71871302734502129  0.72862491617539527  0.73923686408347633
  0.74982459317639272  0.76126507608090310  0.77290581892544308  0.78427368145209708
  0.79588435082154174  0.80725927569531108  0.81865345081535934  0.83003744279818392
  0.84157591160836054  0.85373267641967376  0.86554020930050379  0.87688709512432961
  0.88790364239426023  0.89840208609724126  0.90855628525502929  0.91845080293840820
  0.92844083210801631  0.93871614592257613  0.94900282570334493  0.95937764640323775
  0.96961408994376408  0.97972340553452575  0.98971697761787303  1.00000000000000000
   1.4244550223548238E-009  -1.0000000000000000     
 T F T F T F T F F F F F F F F F F F F F F F F F F F F F F F F F F F F F F F F F F F F F F F F F T F T F T F T F F F F F F F F F F F F F F F F F F F F F F F F F F F F F F F F F F F F F F F F F F F F F F F F F F F F F F F F F F F F F F F F F F F F F F F F F
  <DiscreteSampler_grid>
  grouped_processes
  1 # 1 for a reference and 2 for a running grid.
  10 # Attribute 'min_bin_probing_points' of the grid.
  1 # Attribute 'grid_mode' of the grid. 1=='default',2=='initialization'
  0.0000000000000000 # Attribute 'small_contrib_threshold' of the grid.
  0.5000000000000000 # Attribute 'damping_power' of the grid.
 # binID   n_entries weight   weight_sqr   abs_weight
    19   10   1.151291953698352E-001   6.063086008867866E-002   1.151291953698352E-001
    25   10   8.559936824052446E-002   1.498722786621642E-002   8.559936824052446E-002
    37   10   9.113494451638705E-002   1.613453724524558E-002   9.113494451638705E-002
    43   10   9.446996115852663E-002   3.506179279381336E-002   9.446996115852663E-002
  </DiscreteSampler_grid>
