  0.02657062783528712  0.02657730410356605  0.02658458092388143  0.02659229063860616
  0.02659997413170943  0.02660762275088513  0.02661524338932133  0.02662282863517553
  0.02663061175063072  0.02663847710615958  0.02664641554324160  0.02665450770666968
  0.02666245372725415  0.02667040041172592  0.02667844804592380  0.02668644519661223
  0.02669455319332781  0.02670276645232706  0.02671107403106189  0.02671971671351176
  0.02672848459133114  0.02673726769191109  0.02674589048778909  0.02675443802754740
  0.02676292610574814  0.02677142459419011  0.02678021892203466  0.02678929033964174
  0.02679849538430280  0.02680773310563473  0.02681689907323172  0.02682615503968537
  0.02683553616524562  0.02684500986479782  0.02685464921076854  0.02686457850401746
  0.02687480495348556  0.02688512241561736  0.02689555313566695  0.02690602932543663
  0.02691635937160606  0.02692661336747714  0.02693709121405408  0.02694771067402722
  0.02695846470108923  0.02696949565386850  0.02698067112000702  0.02699202179837191
  0.02700358455942168  0.02701557272363058  0.02702781235986059  0.02703999912034331
  0.02705239039522803  0.02706475413001137  0.02707704697218725  0.02708926184985261
  0.02710148358044964  0.02711391970624208  0.02712684631787684  0.02713982388224197
  0.02715359671706979  0.02716801491430672  0.02718273958388437  0.02719751311093176
  0.02721219269375334  0.02722702359223580  0.02724220735356623  0.02725764749118207
  0.02727354320842710  0.02728939976890767  0.02730669940963718  0.02732514294092213
  0.02734375795976172  0.02736257833177618  0.02738145451354990  0.02740063522787100
  0.02742021406531251  0.02744054212713056  0.02746352069775109  0.02748867007187157
  0.02751394065987785  0.02753924309410554  0.02756458183137971  0.02759122338723008
  0.02762146971733929  0.02765476877379328  0.02768930385675042  0.02772468003669324
  0.02776586995990604  0.02781397563376437  0.02786646057691339  0.02793382729022901
  0.02802213193418153  0.02811441017997066  0.02811959733241656  1.00000000000000000
  0.00966489530794910  0.01640439643148074  0.02544521398260257  0.03685513097062406
  0.04789588753258972  0.05861873161214368  0.06878738951040578  0.07819837417661966
  0.08790734890750221  0.09730652781488608  0.10712179996708278  0.11636621519930408
  0.12493156180373118  0.13426478436009076  0.14335992700065972  0.15353570099188862
  0.16392645403530987  0.17500644666497706  0.18625993203522506  0.19669658291468783
  0.20667787145742728  0.21651985199829704  0.22643184656639498  0.23715034802570634
  0.24823655501352920  0.25835039048359526  0.26789807048996256  0.27750470912062714
  0.28719404963969553  0.29694657484084630  0.30659288829584896  0.31667591451432214
  0.32762725598328613  0.33866394646084885  0.34969292076297170  0.36022991401747134
  0.37001640211636633  0.37911384760184796  0.38803084867691878  0.39680261238077519
  0.40565520098689156  0.41466310658341715  0.42476760251855394  0.43575249956389034
  0.44730836192981965  0.45936894440007975  0.47115672973911449  0.48265611496822880
  0.49290455625790780  0.50371434432913831  0.51430105028468243  0.52496906413172362
  0.53580064643511927  0.54664193202726596  0.55859925150144540  0.56922951473290273
  0.58001634302573402  0.59068481755181645  0.60100430021321094  0.61173677711323649
  0.62265678819897363  0.63364885494844536  0.64490556217827766  0.65597381851134728
  0.66670969335923302  0.67697972991231736  0.68706768634236437  0.69738138885836320
  0.70754244854014070  0.71709065573477837  0.72629712458382778  0.73560855993751983
  0.74475559089624332  0.75342997277917101  0.76195994578532023  0.77108692073900709
  0.78101013198846347  0.79089448377428728  0.80079610159634373  0.81103297139104580
  0.82119534148576745  0.83104210173658355  0.84071937722615919  0.85084479752751629
  0.86155432046402314  0.87273887167674513  0.88398717727191478  0.89520368170956854
  0.90706968639571384  0.91919232711341081  0.93168662520003154  0.94592411983646052
  0.96101321563501241  0.97530984321736469  0.99129688969496543  1.00000000000000000
 -0.00241015336002242  0.00848538580095928  0.01833958073138454  0.02779062327947868
  0.03745651967002611  0.04695654886790909  0.05674905571014387  0.06656665290901966
  0.07620593486405036  0.08676122311851381  0.09797564823291884  0.10961742471580690
  0.12154093454430852  0.13271118736466389  0.14361413239928908  0.15371400268164345
  0.16387092515091942  0.17394753398453194  0.18372840766263768  0.19327348104309927
  0.20288681449202989  0.21217915674476581  0.22161202514964171  0.23104465401013644
  0.24125248997835222  0.25110180501343043  0.26083286888434321  0.27070602198005239
  0.28076356073033748  0.29055493968470425  0.29976117743552300  0.30902635855150723
  0.31943906336587563  0.32974246751731712  0.33996940000557452  0.34998081553566429
  0.35980605722754772  0.36989809195395867  0.37993717138683386  0.39001356277301702
  0.40042230765996917  0.41100251215143774  0.42166771026386518  0.43223801826202102
  0.44288760137496336  0.45424432674333809  0.46507584031175225  0.47578401078286298
  0.48697374874208399  0.49833534746604102  0.50980710194754852  0.52131112373600552
  0.53293737990367718  0.54440355830308762  0.55517172266800097  0.56594107034281782
  0.57682480968689209  0.58803951965927936  0.59960143274111077  0.61112598321889544
  0.62199264875103544  0.63204305899870683  0.64169721819333114  0.65075354457266921
  0.65985195976354005  0.66908504011243364  0.67869159965715720  0.68847578706455137
  0.69861540000771494  0.70913447424282572  0.72041408860750200  0.73191079061337039
  0.74342605495348246  0.75484373152681050  0.76594624699598057  0.77684639952048473
  0.78771412703033272  0.79906360576635016  0.81112790828650816  0.82271855646897674
  0.83414743228182076  0.84551282928459248  0.85670402535732226  0.86726413439581995
  0.87789119265097004  0.88871875824348556  0.89974274863349957  0.91053044799059579
  0.92178262336371797  0.93380052354783682  0.94614349581061996  0.95794422728286233
  0.96881499997766563  0.97924839655917228  0.98947539326713441  1.00000000000000000
 -0.00255770874996946  0.01132944103498411  0.02179387601503193  0.03164956876979559
  0.04163861405370488  0.05135853976651560  0.06108881982785091  0.07052076423781746
  0.08002695579381514  0.08952449746965509  0.09870891577465667  0.10803433068473195
  0.11746978079916347  0.12733384043013032  0.13752598257973228  0.14776993691143250
  0.15799924152481215  0.16830564537259338  0.17863979796844873  0.18894181275259903
  0.19922215831323226  0.20942040249005842  0.21976752057662727  0.23036103714946699
  0.24089736070503834  0.25192804420041059  0.26301196683399608  0.27389389116373575
  0.28458330609926596  0.29599937934508486  0.30812354247180718  0.31954129773794354
  0.32997438416496816  0.34017421010044091  0.35077598364643792  0.36171238382409482
  0.37277251049965321  0.38414277725336771  0.39591175725730376  0.40763680900385346
  0.41932208600436666  0.43057899374802855  0.44111908397227950  0.45094719509518155
  0.46078296361858512  0.47148333749767335  0.48239074905710022  0.49306007137520497
  0.50328071011197439  0.51287142223379600  0.52242008079188063  0.53213163947884889
  0.54224526314478672  0.55334357779865562  0.56412282978230366  0.57438739463331212
  0.58458403062802688  0.59491933113319317  0.60520809325183944  0.61519230958420046
  0.62504266940668129  0.63453860564319420  0.64444930582775239  0.65487956139930004
  0.66574832196433220  0.67631204606336426  0.68650913546992320  0.69759057728385221
  0.70950790453638191  0.72106838189776690  0.73200475972162149  0.74239893617709374
  0.75321863992305393  0.76402693637839270  0.77497726686424506  0.78607141416083604
  0.79635664783033655  0.80704569113533420  0.81774743477688916  0.82962993338485491
  0.84103238181089113  0.85222770897650058  0.86308279989996761  0.87378151424481942
  0.88447801505634094  0.89554493997959006  0.90709079564407025  0.91863407175692358
  0.92950514909995552  0.94011724091465620  0.95096989183101865  0.96101353970780012
  0.97070567312195088  0.98050623092329303  0.99042032385420176  1.00000000000000000
 -0.00183726849765722  0.01048087740134045  0.02035417962073371  0.03064533873550012
  0.04048690964043454  0.05033548269851989  0.06040551017614946  0.07093835403077925
  0.08107074088037212  0.09117619183936349  0.10148658069916411  0.11252450400312880
  0.12384978013808309  0.13472305980008173  0.14508633588617034  0.15531707831805452
  0.16602279417371343  0.17738236372040964  0.18959337234389931  0.20266627717741689
  0.21580888436569334  0.22873189357144011  0.24086907948086336  0.25284682051727658
  0.26471187295173487  0.27616967161501210  0.28723098916822676  0.29756635685627386
  0.30738110560856458  0.31740611044076295  0.32784302933413079  0.33828953494044794
  0.34895629564813907  0.35903113800727809  0.36918316533542112  0.37922067991519193
  0.38905452328885404  0.39993496434470466  0.41111961395890340  0.42266206596133221
  0.43341626133754962  0.44411798715511602  0.45514892062319379  0.46695156786511977
  0.47817704408315825  0.48853152759847229  0.49849186161980863  0.50898457273873032
  0.51938563614326194  0.52912570273982829  0.53946303684328012  0.55071504521628567
  0.56093493980243703  0.57025214829837689  0.57955566295341809  0.58939079972563391
  0.59965074621939840  0.61025526316678325  0.62061298001032561  0.63059668486828946
  0.64021336587620525  0.65013506739903149  0.65980951016819367  0.66979122239334643
  0.67996418333927833  0.69007117021583175  0.70021336780096355  0.71026534268310115
  0.72092272932364698  0.73125846172763265  0.74131279036764297  0.75169968670936071
  0.76334074147654185  0.77418032082676691  0.78448610910355443  0.79452353470026904
  0.80381893460976073  0.81417955602635894  0.82347140840725885  0.83412208336431060
  0.84417781559341032  0.85410563070203616  0.86296220768164389  0.87143104677534622
  0.87990884032869876  0.88892793619865296  0.89825230976379711  0.90935383573745066
  0.91986640318981028  0.93192988991622550  0.94277505348038726  0.95380536825534690
  0.96443270736828512  0.97523408564070879  0.98760380223110622  1.00000000000000000
 -0.00285508801409880  0.01038475364336883  0.02123604010452363  0.03145645465273035
  0.04163882063293248  0.05160579853636525  0.06175787801648942  0.07168615231437785
  0.08187539196958066  0.09254752911481011  0.10332484757807892  0.11428284025481975
  0.12539254442903602  0.13623088452143386  0.14677179270198731  0.15648266794043014
  0.16717564842609511  0.17860485956033748  0.18889401497812819  0.19842176043369084
  0.20779293430817650  0.21761301562647814  0.22755115794701580  0.23690545355420725
  0.24633855651749662  0.25641831850120306  0.26687350963504702  0.27714439009944219
  0.28729421182881093  0.29744666217885884  0.30766859352325315  0.31801419651955060
  0.32866178696735621  0.33922933094540153  0.35039512075879897  0.36112694097255255
  0.37212441802587082  0.38245293994464569  0.39250784587458559  0.40210344579825386
  0.41192936324730556  0.42186973623990975  0.43257520967521218  0.44309587629585284
  0.45317829317184433  0.46305649938282278  0.47319864869869860  0.48334382425078370
  0.49333583991751168  0.50379183124644633  0.51512608149705308  0.52662491816228263
  0.53827603101068444  0.54988114373570463  0.56133827583618645  0.57241408195413812
  0.58370425929958580  0.59464950285977825  0.60523039861172168  0.61556456798494397
  0.62583378946280310  0.63642094586256259  0.64748139107986014  0.65909626701150248
  0.66975611258466006  0.67980110305462316  0.68947683669508208  0.69918987553512768
  0.70920493385447803  0.71953297708146868  0.73000904950636503  0.74123582086027107
  0.75183897151005363  0.76322658757192741  0.77461021316059309  0.78777440597316095
  0.79834644295821666  0.80872038299714022  0.81851597531324471  0.82869964448796174
  0.83849652533109920  0.84818669103868038  0.85822278773318150  0.86885958462699675
  0.87973196331027914  0.89084060718543945  0.90237231470052315  0.91383362814662983
  0.92460676760793081  0.93471331799721658  0.94467251597674307  0.95493749321605170
  0.96681705000845441  0.97840194850092188  0.98964445120117972  1.00000000000000000
 -0.00170057867341477  0.01011755069850363  0.01934593203429317  0.02861840177460133
  0.03773024558626132  0.04796794032920371  0.05896535504852191  0.07009321513017430
  0.08064178102184594  0.09133784369456119  0.10224206108190628  0.11314526635122814
  0.12423915197538335  0.13633533505431267  0.14834265868248847  0.15953409538206306
  0.17094288149223380  0.18235029512601558  0.19399877698325127  0.20553889827049079
  0.21702482501471734  0.22844388576862465  0.23989429486099934  0.25113738617039788
  0.26161494320311612  0.27170868545090143  0.28194519714980348  0.29241815041371017
  0.30298155350976891  0.31442096345713250  0.32692074009706634  0.33974924573397464
  0.35203375782713209  0.36371225126235784  0.37506160848410020  0.38608673684399558
  0.39669255290072342  0.40693140420898499  0.41747357904249999  0.42852975245795788
  0.43964618720519477  0.45047036817664021  0.46179509293401066  0.47354753698166718
  0.48510781375100642  0.49603176267741328  0.50719336010703098  0.51837915388004130
  0.52996946410079626  0.54140526271718703  0.55337504511634039  0.56514296804235042
  0.57638773237674301  0.58734312655163312  0.59707434808861870  0.60654221809521824
  0.61560718208860810  0.62519863372896090  0.63476833768017971  0.64404417033109918
  0.65356403947714137  0.66386974403331778  0.67452638422904287  0.68522251760985886
  0.69616117935916588  0.70651774689655744  0.71750773150373615  0.72843342025195490
  0.73999092649333065  0.75184790452417427  0.76356271032440881  0.77446776104653736
  0.78508718794380949  0.79540068973271427  0.80553283283246024  0.81516523810795283
  0.82452972012239367  0.83392602934050630  0.84370278300534440  0.85361281477144113
  0.86336903622156158  0.87316237462091151  0.88311752920102204  0.89317507134727991
  0.90325728250327353  0.91285707313605613  0.92219340987744847  0.93159660576980197
  0.94059378905340929  0.94911624714201481  0.95734282551334349  0.96545082813891070
  0.97374419490961617  0.98249352670593737  0.99112711280667265  1.00000000000000000
 -0.00231483852891839  0.00992878311668218  0.01997593551104204  0.03013206115941403
  0.04017237814360457  0.04979169668038246  0.05950546707371600  0.06974195810477973
  0.08077011067368073  0.09155928079107351  0.10205781451601473  0.11216182935224059
  0.12158870068652092  0.13056167524444867  0.13975876446564842  0.14944786061611195
  0.15958686175269146  0.16927877553836268  0.17861583210871310  0.18837916828835066
  0.19861022661055341  0.20885607215539984  0.21962491080377203  0.23066459039932799
  0.24265661811042577  0.25424734770296753  0.26451052457794672  0.27466018880601351
  0.28422537551362625  0.29403887627288428  0.30368012426427038  0.31336545240264091
  0.32345526660011631  0.33433994177752113  0.34580170214918365  0.35696887095587881
  0.36706844714379583  0.37748456020729076  0.38865598743042312  0.40018705104724056
  0.41183374834924968  0.42379838862784819  0.43574851001510290  0.44719981969306843
  0.45842599583362398  0.47001397987049875  0.48166635018161724  0.49307935355623972
  0.50402924781094183  0.51389988999523284  0.52360580857421690  0.53281919648608134
  0.54201774665803559  0.55072801739125898  0.55937804061841734  0.56860425454838237
  0.57877111679754700  0.58925113566409837  0.59930907883055162  0.60892935453883945
  0.61849488254012153  0.62839329889477735  0.63874341981836191  0.64972928926821860
  0.66042404964938728  0.67033260579739451  0.67975788589516617  0.68948486733807068
  0.70003752209711223  0.71079388781787212  0.72158014619721955  0.73302349833545910
  0.74514802161614047  0.75743780236323299  0.76883091912220891  0.78074152459872503
  0.79315600594773017  0.80541894778521095  0.81735749151252746  0.82795494530916769
  0.83784584465006684  0.84739109111487709  0.85720319705607606  0.86770298550984726
  0.87884814851500337  0.89054060366166254  0.90222135488834099  0.91382521198581601
  0.92509557246363605  0.93568444692864305  0.94587335520424232  0.95636208543566981
  0.96753368425551634  0.97850873339085864  0.98945586329904611  1.00000000000000000
   6.6908987614139424E-014  -1.0000000000000000     
 T F F F T F F F T F F F T F F F F F F F F F F F F F F F F F F F F F F F F F F F F F F F F F F F T F F F T F F F T F F F T F F F F F F F F F F F F F F F F F F F F F F F F F F F F F F F F F F F F F F F F F F F F F F F F F F F F F F F F F F F F F F F F F F F
  <DiscreteSampler_grid>
  grouped_processes
  1 # 1 for a reference and 2 for a running grid.
  10 # Attribute 'min_bin_probing_points' of the grid.
  1 # Attribute 'grid_mode' of the grid. 1=='default',2=='initialization'
  0.0000000000000000 # Attribute 'small_contrib_threshold' of the grid.
  0.5000000000000000 # Attribute 'damping_power' of the grid.
 # binID   n_entries weight   weight_sqr   abs_weight
    10   10   3.109306882743826E-002   3.004597078840851E-003   3.109306882743826E-002
  </DiscreteSampler_grid>
