 -0.00000257676659629  0.00010823090093660  0.00047802303575805  0.00099295366054945
  0.00163405308603741  0.00234495189760389  0.00312279524471537  0.00397087591791490
  0.00488434689358893  0.00583036860949581  0.00681456771536307  0.00781772159534417
  0.00884589565929172  0.00991498326318517  0.01097765080445215  0.01208098484978111
  0.01317703107791631  0.01427209193043912  0.01540728112679858  0.01655678409573208
  0.01769207148986750  0.01883191724616162  0.02000831278818193  0.02123820323534859
  0.02248400926258721  0.02371704590720281  0.02495635070832596  0.02622403940611114
  0.02751023256691341  0.02877415539366706  0.03001567199841680  0.03126155519492246
  0.03254331271066083  0.03385529778357876  0.03517588626269365  0.03655352912502779
  0.03788199488241294  0.03920930585670060  0.04055242517627695  0.04190271092446427
  0.04326080497021671  0.04466159280680292  0.04609049923715099  0.04759035774999850
  0.04909860732763079  0.05056528790069340  0.05199766258690844  0.05340314032702435
  0.05478921443497674  0.05616360703109759  0.05752615807683145  0.05891496133308367
  0.06031834917214437  0.06181796637559456  0.06339968059577164  0.06499013538937420
  0.06658096937859757  0.06818168105863644  0.06980958823798003  0.07144885861238159
  0.07308407987894279  0.07473317604039754  0.07638553129739464  0.07805268648436613
  0.07979137737130124  0.08163817958637375  0.08348710190437283  0.08534090980813737
  0.08718601787206046  0.08905236149182187  0.09094662851400984  0.09285568215842135
  0.09479862002964565  0.09677435114454178  0.09881634636471484  0.10086345974258486
  0.10299901369724020  0.10517907715447909  0.10749931901321884  0.11002042679892127
  0.11264839123660805  0.11528297483130320  0.11800264646942159  0.12088727316262075
  0.12391308935764132  0.12712094903948806  0.13051978592565666  0.13407882577566793
  0.13794752109478087  0.14278353695985152  0.14842942762955202  0.15489837088626773
  0.16289164682105492  0.17494825973931966  0.19585406956774751  1.00000000000000000
  0.00969903814339162  0.01549064495106866  0.02435034725604931  0.03366065251286431
  0.04322655117566260  0.05306404784214073  0.06315629189105526  0.07355788628062511
  0.08435110319748429  0.09553557048652783  0.10673843646990576  0.11758332167890052
  0.12805484511877713  0.13807897023944118  0.14785790181774519  0.15729434556557914
  0.16679788945434296  0.17657048838878267  0.18670173790881645  0.19722430754987635
  0.20771589903238968  0.21813173301325067  0.22855203462514537  0.23888259680772114
  0.24923347110080707  0.25917668599992749  0.26890757279014321  0.27897516185903770
  0.28973419315673121  0.30147643227880655  0.31372021303852204  0.32559132701441490
  0.33693494158195886  0.34766885828664235  0.35810700385687755  0.36839459489102389
  0.37853634843859307  0.38886853620289824  0.39973928095524563  0.41109595704142671
  0.42264456056573246  0.43424063159947723  0.44550779059785878  0.45617653749711273
  0.46662728290246780  0.47711228310723552  0.48761014841533701  0.49778664640316961
  0.50789354242163642  0.51826619136309282  0.52894200254027879  0.53952671091761017
  0.54981831499392964  0.55998170322178220  0.57028489323439413  0.58060748802732165
  0.59118531889153891  0.60209298111057241  0.61314359981564215  0.62404668791896167
  0.63460143603496033  0.64520022820949163  0.65601140439436811  0.66684356129769029
  0.67778068895469601  0.68867748156598385  0.69958509562873650  0.71049315203538255
  0.72114784419755074  0.73163887994969745  0.74209233536551178  0.75247161247079264
  0.76315057650786755  0.77378556838460666  0.78447581668392030  0.79500648246278072
  0.80559886076111986  0.81601149743967694  0.82623702933104592  0.83624025327147244
  0.84609241662735490  0.85626478476662649  0.86644806738324831  0.87648872017375856
  0.88696404298675435  0.89730453138248378  0.90780083814176460  0.91823926876306827
  0.92860511170798321  0.93928369796478850  0.95013525954479072  0.96139350080574415
  0.97219005713217066  0.98175220741545488  0.99139380626399343  1.00000000000000000
 -0.00258104141719815  0.00995323842466367  0.02145006395103091  0.03297712773923094
  0.04415827367832106  0.05503035581821913  0.06538368748397944  0.07558300719353440
  0.08570576685416145  0.09600574656893707  0.10660851884404311  0.11749950806276527
  0.12836072525960995  0.13918145738169757  0.14981325018656738  0.16024105180768905
  0.17075289049092238  0.18121813785159913  0.19149294628838784  0.20187226555355517
  0.21273756042586531  0.22383302763963125  0.23420355463283296  0.24460933911884428
  0.25499376476240432  0.26549996567476691  0.27581321683914628  0.28650116382973695
  0.29693771666569735  0.30727132412150832  0.31764507697839295  0.32799755179762025
  0.33817927295996519  0.34838197908460661  0.35849139728947421  0.36836875767870164
  0.37828727724342509  0.38845456779351650  0.39908864860184706  0.40998404349708939
  0.42135615965942752  0.43283946538328927  0.44405347289481373  0.45466113589615759
  0.46498934944505593  0.47472240087136491  0.48480576360211974  0.49529370266082307
  0.50591135394302855  0.51600495333205876  0.52590139957884907  0.53627135342314258
  0.54664458370692404  0.55692843801163139  0.56749733099567679  0.57845330568656439
  0.58937464882007928  0.60041349443692638  0.61155348824582889  0.62244885407508166
  0.63300398455652873  0.64337649008937126  0.65386728854568998  0.66443974475355705
  0.67519906557088361  0.68610567318666804  0.69718094950828247  0.70818374362329428
  0.71933799905332818  0.73010352391015743  0.74074926716515732  0.75118731107764536
  0.76155255142218459  0.77179603901345972  0.78279645060046665  0.79399722840160258
  0.80475316515609541  0.81552186352730671  0.82548553738328589  0.83599877100285169
  0.84638957530000214  0.85738234015143855  0.86822589856034349  0.87899561348593069
  0.88881359389089898  0.89899709227941826  0.90895799771424179  0.91943106040944356
  0.93014696316433132  0.94075299901110387  0.95184799937044828  0.96164392713298974
  0.97149259177366276  0.98101075061847043  0.99061811496357766  1.00000000000000000
 -0.00275517959607660  0.01030082310904035  0.02085132946641154  0.03135578467166814
  0.04189340146412241  0.05297179655411081  0.06348294031503596  0.07387695462634655
  0.08405816070014240  0.09449911740719083  0.10521495663648510  0.11628502320251262
  0.12725799346106628  0.13798943037875516  0.14862208481096559  0.15931815171408431
  0.16989801411746333  0.18041822884312692  0.19102667018584946  0.20165031205082562
  0.21204976186996971  0.22237040219927404  0.23307727646603998  0.24399180269766171
  0.25469314020998401  0.26495776914273933  0.27534882606449040  0.28591820881218200
  0.29642819603382065  0.30686300022921048  0.31767189796473938  0.32903108782736235
  0.34091935998957429  0.35299741139874308  0.36533715093556574  0.37711750146044026
  0.38809734806318896  0.39873594219956165  0.40909031897406467  0.41908905265612978
  0.42851099448918506  0.43792597805131422  0.44754833148116335  0.45725553222851745
  0.46723160342762826  0.47748550547535490  0.48794267450318213  0.49821522634132642
  0.50823682471310339  0.51842670704859717  0.52858517788140225  0.53879996268606856
  0.54940749590664362  0.55985044217789826  0.57016431241994459  0.58029468743164836
  0.59051748206269605  0.60042163499533419  0.61040587213843078  0.62077537335433852
  0.63153438247274096  0.64223007740984350  0.65264567387756978  0.66306412210908250
  0.67310198325655912  0.68306382311665226  0.69288610609163426  0.70322517466289913
  0.71326694424610437  0.72372108571939087  0.73379978472970064  0.74356508975459412
  0.75333298269746063  0.76346528708841455  0.77383293179323565  0.78413234096701867
  0.79448632345968451  0.80529982272096945  0.81661091482365555  0.82784460077239508
  0.83891678936154579  0.84938675992373136  0.86032722448400878  0.87162452268831825
  0.88323205352913681  0.89467931164876147  0.90556281616511292  0.91651813064835852
  0.92698968800780868  0.93773803894314267  0.94824871264279942  0.95879619445527242
  0.96924161864012759  0.97963911421943806  0.99001519355775047  1.00000000000000000
 -0.00234707245785367  0.00900082054184430  0.01912110259576321  0.02964527165505770
  0.04032470833177915  0.05170506520473815  0.06295048893815679  0.07396385403045901
  0.08481306912156457  0.09571220543283011  0.10624874068467777  0.11652303183616496
  0.12671421788099044  0.13676610226067212  0.14680662182761509  0.15722941971383447
  0.16777192794081244  0.17826968327870887  0.18843636251425316  0.19847952025824089
  0.20866700911733038  0.21840871237634529  0.22837874533814662  0.23858580962830500
  0.24922321999350835  0.25965607154436171  0.27000450921180147  0.27994793920801497
  0.29045164895406073  0.30066096046368990  0.31063302039236684  0.32053151672154329
  0.33039419867154035  0.34123651728648990  0.35216477977213440  0.36367900778341200
  0.37556509264831595  0.38697905649066944  0.39795545896462309  0.40828187804431237
  0.41890588219020242  0.42941714548050869  0.44001494267620178  0.45064299943403546
  0.46127045919947451  0.47240502012905544  0.48371376594769389  0.49552561556673019
  0.50706480052467073  0.51835690227006193  0.52897324595610784  0.53943946423728062
  0.55003712196576449  0.56060051517960785  0.57089834557925079  0.58117006828888740
  0.59150973037937848  0.60194812132198894  0.61283797628727776  0.62402799366714667
  0.63517075025160563  0.64597430690957813  0.65678478963175346  0.66765348898059973
  0.67865892342259215  0.68921479952830245  0.69950785010568239  0.70961737713993145
  0.71938055761839037  0.72919597094154776  0.73885563492426365  0.74857622414578773
  0.75879011984452793  0.76928503356468236  0.78010342949141809  0.79071783276844843
  0.80127127350305671  0.81137803425834099  0.82166767073718938  0.83186476063083825
  0.84259382280540374  0.85298615450899573  0.86310179013347821  0.87294424241153945
  0.88380957824529172  0.89504524213611725  0.90535626690586590  0.91516171701210158
  0.92584149596851462  0.93682672001021061  0.94753255905285083  0.95855797840349577
  0.96936127017763551  0.98006172818730164  0.99015786570029063  1.00000000000000000
 -0.00250251371751699  0.00994946424020345  0.02008479746825431  0.03051679739347474
  0.04102482734294767  0.05142445461684510  0.06188319648958185  0.07264235087684527
  0.08332406480442296  0.09369878375870876  0.10417395584797422  0.11490026140896040
  0.12547400043241769  0.13601479639228156  0.14682469763303496  0.15817409312436681
  0.16982183671190312  0.18127783290214766  0.19221744910919067  0.20295477464149966
  0.21372648359789018  0.22462098476709239  0.23499804569434499  0.24507663535164048
  0.25548579321502041  0.26597084162933410  0.27664720100183554  0.28737112424111022
  0.29851516169393677  0.30975059418790490  0.32066373289360905  0.33137778008104113
  0.34208293721462169  0.35251725639206094  0.36264853814554499  0.37298266800439850
  0.38370216045298222  0.39463812118949065  0.40575109489486877  0.41691936864203233
  0.42797150128143674  0.43892122833569991  0.44979591806089780  0.46048562495421580
  0.47106155316283260  0.48187003262131300  0.49293313269055544  0.50386177148855005
  0.51431140307835521  0.52476664247370119  0.53484532677001440  0.54472813521145647
  0.55447776500252521  0.56457895152697479  0.57493355975419291  0.58521368208313740
  0.59531454906647241  0.60545308097273631  0.61549970547039623  0.62527423631488388
  0.63492030103884756  0.64490659009917706  0.65528309185158662  0.66590735342686036
  0.67686993693942243  0.68797808349729073  0.69915785825353016  0.71040360434945826
  0.72159883697323957  0.73255107828020760  0.74314196100240759  0.75372183170872720
  0.76449006642276562  0.77529960926044450  0.78587495506129401  0.79619214628801160
  0.80635328739731038  0.81655022986341086  0.82702167149139627  0.83747428418242986
  0.84769570540442662  0.85758658592512060  0.86727392262358205  0.87678608195599950
  0.88609032710182078  0.89565758888270486  0.90574231066266830  0.91578548856235287
  0.92586722238481634  0.93627401193320081  0.94693030000915701  0.95755533194672260
  0.96821712663037651  0.97890501955938936  0.98963624452502186  1.00000000000000000
 -0.00193598161351366  0.00684513184862101  0.01488561585375036  0.02324684814314483
  0.03201736098737135  0.04085627865988056  0.04956645206404940  0.05823162384490686
  0.06702234515018686  0.07589000761520225  0.08481023340474167  0.09376047103549866
  0.10291511284656565  0.11240037129223727  0.12204115629828859  0.13176407607466453
  0.14150173166714575  0.15119639129944157  0.16092618356342644  0.17082143177783726
  0.18094723359700113  0.19137134198431074  0.20206127729294246  0.21263939534396972
  0.22280531923909919  0.23294003408050823  0.24331629070407351  0.25380115119272373
  0.26441535440337277  0.27532435882769934  0.28649333845968988  0.29783372690841187
  0.30941891812315153  0.32110749169499414  0.33294152637447505  0.34482163350535988
  0.35642442954167791  0.36754520613143615  0.37863283673744008  0.38985248172013592
  0.40108143759079246  0.41265063062623825  0.42471383315677141  0.43715535567546676
  0.44941271716487330  0.46172928116415340  0.47417424169053685  0.48684828625594190
  0.49971630357040009  0.51269730945816361  0.52521229971660344  0.53765797852888797
  0.54963247031842244  0.56179025919494530  0.57379400606127162  0.58563992810831744
  0.59749181168707732  0.60940432414504875  0.62128462012852526  0.63310770616592482
  0.64487941811194305  0.65670269266158865  0.66859684549233755  0.68033904572747106
  0.69179057407153055  0.70311077241921394  0.71455364977065983  0.72626809512103752
  0.73829965537369457  0.75041429155386241  0.76224335662373655  0.77358818303871890
  0.78459887605785439  0.79537980690560106  0.80607529104998066  0.81681069731973310
  0.82735246645022142  0.83776825191433535  0.84801042816825167  0.85812960545243544
  0.86762834160677704  0.87689157145083318  0.88610229938207985  0.89560721290754985
  0.90500849130281513  0.91443703600526838  0.92369959220779740  0.93314316807599884
  0.94224800299079536  0.95094695747233071  0.95976970242240334  0.96786400511129456
  0.97607292150851377  0.98391172490616108  0.99188433989170710  1.00000000000000000
 -0.00232389483656442  0.00941054337481918  0.01962187567128254  0.03028722687249228
  0.04101893626135794  0.05126285194608538  0.06123053213142886  0.07105916685089982
  0.08105407795515676  0.09137047017855687  0.10187448731931770  0.11308670110829955
  0.12392488886260100  0.13445946262202532  0.14490583632031587  0.15567689868869480
  0.16682402808787075  0.17771122863801747  0.18873525370037059  0.19971520980764987
  0.21085258378305574  0.22180559079349799  0.23285966672435957  0.24415473505084126
  0.25501194171622049  0.26577627774968571  0.27659069558906685  0.28751472575312514
  0.29842456047410554  0.30900177042297888  0.31958259244763876  0.33019037371183196
  0.34052830877590329  0.35113423409590444  0.36170834751108583  0.37216573815808468
  0.38196916440348339  0.39159342179325163  0.40178931850380561  0.41232264885924907
  0.42262199761310792  0.43293717971256501  0.44332836919245633  0.45386246764529325
  0.46519302697979853  0.47664008203028951  0.48728136878722050  0.49754656703975519
  0.50791993400532565  0.51820913510765620  0.52826700163308871  0.53820225475276018
  0.54859778832930794  0.55920673486855632  0.56969663248199254  0.58026305746303419
  0.59045251492414208  0.60066868842339782  0.61116298805689340  0.62160441277458189
  0.63151998681131882  0.64085369927910341  0.65075543820070192  0.66130476257422544
  0.67221424934304952  0.68270992787111007  0.69314652230983265  0.70380305843234403
  0.71491376997956524  0.72595514038989128  0.73659106761811932  0.74706865771860620
  0.75789006219203736  0.76908717235827695  0.78014103302284510  0.79116390353320465
  0.80203139401053047  0.81286643054078023  0.82383648071889359  0.83489217814847927
  0.84548011282518187  0.85590767276845892  0.86610927498418400  0.87657542539716005
  0.88721870282375070  0.89784396625213392  0.90823896016349692  0.91855981577683943
  0.92899118044571782  0.93941567672103066  0.95001781220898018  0.96059062120251015
  0.97064280706704631  0.98069941302457664  0.99034776584898587  1.00000000000000000
   7.0991789581842645E-010  -1.0000000000000000     
 T F T F T F T F F F F F F F F F F F F F F F F F F F F F F F F F F F F F F F F F F F F F F F F F T F T F T F T F F F F F F F F F F F F F F F F F F F F F F F F F F F F F F F F F F F F F F F F F F F F F F F F F F F F F F F F F F F F F F F F F F F F F F F F F
  <DiscreteSampler_grid>
  grouped_processes
  1 # 1 for a reference and 2 for a running grid.
  10 # Attribute 'min_bin_probing_points' of the grid.
  1 # Attribute 'grid_mode' of the grid. 1=='default',2=='initialization'
  0.0000000000000000 # Attribute 'small_contrib_threshold' of the grid.
  0.5000000000000000 # Attribute 'damping_power' of the grid.
 # binID   n_entries weight   weight_sqr   abs_weight
    19   10   1.229810367242059E-001   2.723764266779762E-002   1.229810367242059E-001
    25   10   2.338103149092618E-001   9.298219641018421E-002   2.338103149092618E-001
    37   10   2.678957960333472E-001   1.340190028302686E-001   2.678957960333472E-001
    43   10   1.105625995801251E-001   2.088929208769571E-002   1.105625995801251E-001
  </DiscreteSampler_grid>
