 -0.00001138030341659  0.00260439780031570  0.00812835238665060  0.01395606295292254
  0.01961716423624370  0.02510879394553775  0.03030894861055643  0.03540894478576751
  0.04047438350262718  0.04534178418216298  0.05000482639565199  0.05465171404529479
  0.05941698067383886  0.06405593785629297  0.06854628056403848  0.07295111132005873
  0.07754080861720337  0.08188952941261433  0.08612696834910484  0.09020043208578475
  0.09433914148343552  0.09860354852648294  0.10281977094713461  0.10678825192460593
  0.11067981835470808  0.11448401962730953  0.11829537288307743  0.12229831721560934
  0.12635863995325430  0.13047201450130369  0.13452853590935443  0.13859873748093063
  0.14251570600879937  0.14641419680776271  0.15029572137015521  0.15417246227927611
  0.15807872324885436  0.16201850987234748  0.16597195083000965  0.16992959620419448
  0.17390232758466620  0.17797992634429302  0.18212877353611445  0.18602869955141829
  0.18978029643551139  0.19343407100339957  0.19695684270739969  0.20061943088402315
  0.20453698323299821  0.20876234491098877  0.21325221004753273  0.21767783163215465
  0.22209245238261086  0.22650279895181377  0.23077776204099534  0.23496300935158779
  0.23922979559146382  0.24358380609102556  0.24797463358245087  0.25237863256532200
  0.25681604445576356  0.26128884521420542  0.26580520833730492  0.27089319592595557
  0.27628939384181916  0.28166270720747583  0.28694865186740925  0.29217926949588024
  0.29738368367332213  0.30268796818399524  0.30805782886576910  0.31347458235048276
  0.31896408603099652  0.32457675993763052  0.33032409607262048  0.33612153581815341
  0.34211892957028978  0.34801204255271034  0.35562003078880261  0.36373744031596095
  0.37198429139438999  0.38044801427121072  0.38881468172137662  0.39582077049028208
  0.40290143014088559  0.41007063382188053  0.41741500523876146  0.42716835404706488
  0.43771059421369674  0.45085563018355646  0.46805970166481931  0.48906343668863378
  0.51503047801485646  0.55196421090531400  0.59429927162053109  1.00000000000000000
  0.01089216458291977  0.01115081012127240  0.01140945565962502  0.01166810119797765
  0.01192674673633027  0.01218539227468289  0.01251589820792442  0.01407169077151622
  0.01562748333510803  0.01718327589869984  0.01873906846229164  0.02427624886710079
  0.03696412237028258  0.05007826440504597  0.06251901362154524  0.07454628941432022
  0.08638197957460225  0.09798741847853376  0.10936188081819499  0.12000387324954152
  0.13052015257525496  0.14105080850163959  0.15177122158735762  0.16268019744988033
  0.17424790394907744  0.18639909944304420  0.19824406264816727  0.21025375330842189
  0.22305234237503607  0.23601728428475582  0.24863551715118912  0.26143406632666832
  0.27412936920260850  0.28667134948832557  0.29897295381468370  0.31149564981564065
  0.32441642433966356  0.33686702343390623  0.34880927715518895  0.36155157862045667
  0.37433663250338262  0.38763998083088835  0.40079708677636133  0.41356115925539766
  0.42536501522011372  0.43661779307943271  0.44731642633660640  0.45782024123865972
  0.46907183017881438  0.48125350099910691  0.49383788003914331  0.50678355874522052
  0.52008394865647367  0.53238573695039393  0.54365501847364373  0.55453618359359114
  0.56571194342632369  0.57707963201842316  0.58784708626374560  0.59739613343406706
  0.60689316877423438  0.61708988829019951  0.62751212906846598  0.63789797753745603
  0.64848450579686046  0.66025304268812413  0.67216581393739727  0.68524092999307495
  0.69726213283114702  0.70870522967107652  0.71979619902964731  0.73088210342441107
  0.74151949266679318  0.75205020209008411  0.76270789552619911  0.77306086873498470
  0.78268718796363157  0.79216714231383123  0.80168809761036364  0.81173518239924514
  0.82140427345785583  0.83111705591206175  0.84144067569102987  0.85256241901376495
  0.86381117497269333  0.87445177336169222  0.88483091010722936  0.89530339111464341
  0.90575766084549481  0.91626339404225210  0.92727573268808894  0.93848979162284363
  0.95016234613226636  0.96247498233452533  0.97815055143209806  1.00000000000000000
 -0.00238122131422550  0.00940907036835034  0.01988284363459285  0.03039952562115052
  0.04107348278498432  0.05086042695078397  0.06056585569326924  0.07044999268171313
  0.08052429103320326  0.09030845183110553  0.09985064549159774  0.10993314833641342
  0.12015487855300748  0.13075063816464574  0.14168097883408501  0.15337021671254494
  0.16546971812034128  0.17554304269418261  0.18509979685097766  0.19468136837864561
  0.20444839758242006  0.21454528922921409  0.22456297410220147  0.23538613131521430
  0.24677405646166958  0.25878545621763110  0.27053818191628459  0.28172036874064832
  0.29258184397421427  0.30367232372598091  0.31512829914547663  0.32651578098703754
  0.33909219897624571  0.35307841136259355  0.36625497222960746  0.37895407858139252
  0.39111190856090650  0.40197791981770709  0.41209028054287233  0.42254795784497828
  0.43310198816206052  0.44297589121003417  0.45292281091023734  0.46376456102427471
  0.47558990735929257  0.48714142702366320  0.49841060594687353  0.50955446462138032
  0.52010480287109406  0.52984050759467560  0.53934438642297011  0.54925919669115608
  0.55936104748595394  0.56970767448576654  0.58019962664468339  0.59034009083231154
  0.59982271035415613  0.60912270498309817  0.61824042124252054  0.62776723940524570
  0.63750267058816856  0.64764090133947516  0.65921840636641005  0.67091416366328804
  0.68168488219386458  0.69221739947489580  0.70247231422579082  0.71275364052081669
  0.72281855269209572  0.73346267934773024  0.74440744770753986  0.75557796572164537
  0.76659598067677359  0.77738871692188261  0.78803212648076137  0.79838883507695868
  0.80857101693803668  0.81818892315086922  0.82762539394155898  0.83693998395154501
  0.84656246839488858  0.85412937029014424  0.86198247457214128  0.87008369134055497
  0.87824303106445811  0.88947266322092100  0.90092500433600298  0.91398842789757728
  0.92536229689987892  0.93664459903175235  0.94729867556618508  0.95801892756919960
  0.96865067712126385  0.97906979493460355  0.98950456016988964  1.00000000000000000
 -0.00229951819731768  0.00953565871369352  0.02032040007305268  0.03081034450146790
  0.04100555956647056  0.05096085128312621  0.06107426288340337  0.07159195023830456
  0.08215325190809900  0.09260113372311539  0.10289734651838642  0.11268614571235044
  0.12190297821604110  0.13106688926531246  0.14050892703882087  0.15063142436042665
  0.16124586368761970  0.17182527430278272  0.18237194104071719  0.19251045038895942
  0.20219173948497923  0.21190264510497364  0.22206833773586432  0.23268521360113339
  0.24322392521629876  0.25345484741974122  0.26335757436455542  0.27302774664858909
  0.28242251940224311  0.29234184984849482  0.30268645657098803  0.31335336114962431
  0.32363464059533797  0.33415861175579575  0.34490806585593808  0.35585522885462506
  0.36673185161870447  0.37779670114140440  0.38838392326942417  0.39876369360987179
  0.40881444459174254  0.41929641734184137  0.42783325556104745  0.43519381904535970
  0.44279924310482360  0.45092429549033719  0.46096626288431058  0.47288619899238848
  0.48522185535549145  0.49762779283602637  0.50989356366524996  0.52186762019761956
  0.53406695288212347  0.54622103828473179  0.55766002298788786  0.56923583944312628
  0.58023623061978435  0.59124985402736197  0.60233355728455551  0.61221318933616331
  0.62128044990117381  0.63057110521973425  0.63995186058668119  0.64951135116006009
  0.65949740172049787  0.66999746697474838  0.68041422251401606  0.69049185826933424
  0.70082447721264385  0.71147939489231615  0.72264998745142262  0.73464832268438496
  0.74692745347200529  0.75847815817216024  0.76916556512624878  0.77997461659511946
  0.79089420905903018  0.80150477202983217  0.81186681499338631  0.82206319673492989
  0.83242534046302796  0.84320752041487290  0.85402529762288260  0.86403816589031102
  0.87373244312447229  0.88367112722837127  0.89424446436528937  0.90482348280175917
  0.91519021825960412  0.92598597622188017  0.93711316822905966  0.94863166817390399
  0.96018229361933027  0.97155900098962433  0.98397840073452503  1.00000000000000000
 -0.00280435902115870  0.00933975611687997  0.02010186284367711  0.03168214856375536
  0.04259332094030258  0.05253542204878140  0.06197964230540595  0.07143684026608045
  0.08107979074025644  0.09053872463104437  0.09961085993768472  0.10839914763291542
  0.11729951936291289  0.12655030251128371  0.13634542288447410  0.14604152589831315
  0.15497620799091474  0.16428352896080103  0.17413042842329393  0.18482761871365602
  0.19472710493263468  0.20410791569119838  0.21360415567451230  0.22333006197628733
  0.23346469429850608  0.24435778112034062  0.25541094157454003  0.26623822449608847
  0.27651181627573301  0.28653712726192315  0.29642558656339024  0.30669544828331297
  0.31732475400164417  0.32844797957055166  0.33995268751139140  0.35115385584424180
  0.36125052337885200  0.37081494142503030  0.38032483199117817  0.38996949019534349
  0.39972670182455766  0.40957949655321729  0.41964875383809291  0.43054699333338359
  0.44088276057541648  0.45068159647220879  0.46081882810421537  0.47145950159398026
  0.48222612012425647  0.49301704124879037  0.50438418517028638  0.51619079866259387
  0.52739597062479648  0.53783457228401765  0.54856201632206680  0.55981137570340078
  0.57115388885873453  0.58214836903690226  0.59004163011529076  0.59753525092482107
  0.60471397148740069  0.61159027798464249  0.62107552488622420  0.63140940466899420
  0.64152150886139014  0.65116958145537029  0.66068551180557444  0.67060038636692698
  0.68093331588628592  0.69111484348528496  0.70064832119382736  0.71064412102114183
  0.72149610294124977  0.73288459949027474  0.74453989357151040  0.75686351528356810
  0.76985596380346522  0.78307375510411259  0.79581262386143459  0.80766651103781173
  0.81869628917265513  0.82940042838912942  0.83960282905847416  0.84925260788183765
  0.85875441176367662  0.86804658154946301  0.87763700878665873  0.88770913982803001
  0.89861430602957437  0.91191756437327065  0.92653825376658205  0.94082985940859576
  0.95659412138669930  0.97054807147917910  0.98501084070397738  1.00000000000000000
 -0.00271117894280015  0.00970620463939256  0.02086591784376982  0.03114471178878896
  0.04126051901896146  0.05105752384038593  0.06069913431097817  0.07088919649420240
  0.08118402252230608  0.09192410492739612  0.10274382784480299  0.11438947664353627
  0.12621340790340960  0.13843701789631527  0.15015469624096661  0.16196395292573515
  0.17370042405284117  0.18502437925567169  0.19697715263340101  0.20934479752934204
  0.22135378747169029  0.23330421389809838  0.24467156316419242  0.25593951185443747
  0.26717164998113491  0.27743458885364136  0.28777164632041263  0.29810490164840386
  0.30889351338348014  0.31999436303536721  0.33153022119757769  0.34317500416378321
  0.35430629305196920  0.36456780883328355  0.37455300024586302  0.38488950223083174
  0.39541601203666127  0.40577417457109877  0.41586864322203271  0.42547469279825467
  0.43556757939768492  0.44544376852129497  0.45478354220854883  0.46398774628109141
  0.47346604032773054  0.48344066216317705  0.49359295305600692  0.50347734044838066
  0.51296970417332088  0.52253810221582364  0.53277463779733969  0.54325698340027728
  0.55388799067877381  0.56469649574429359  0.57613937065220866  0.58800389338816184
  0.59996351378850965  0.61179771329235844  0.62283957635840181  0.63246066613286722
  0.64201527073875164  0.65172084462755864  0.65943680708420260  0.66635170573946434
  0.67324927550067881  0.68034708395333798  0.68960282321321553  0.70031179490693307
  0.71197654190475712  0.72394881971137137  0.73485062486167452  0.74522037407584329
  0.75631538156353439  0.76794803806443779  0.77912698713988793  0.78988664522657315
  0.80141622436693982  0.81283706173825687  0.82367850523793884  0.83427534185103347
  0.84469928741222433  0.85504975180141884  0.86536446123999056  0.87591735564770701
  0.88643785328988944  0.89694057003799743  0.90776840690835647  0.91927401605270631
  0.93173515059525236  0.94347706046581004  0.95374583500188970  0.96375818084784171
  0.97355648813278806  0.98310195228155961  0.99175228011391148  1.00000000000000000
 -0.00179257010517667  0.00813139023277997  0.01703185151897148  0.02741488300974618
  0.03796124283417580  0.04860111171042904  0.05925833061110475  0.07027256191711598
  0.08155007242256199  0.09276682831013894  0.10399114773903104  0.11444189020174905
  0.12442407419516759  0.13482358895732383  0.14588095037715823  0.15763094337210423
  0.16967710223801183  0.18159413500875088  0.19358236742396825  0.20583675109951058
  0.21743569305931434  0.22889805938869726  0.24049487932458508  0.25268029339501447
  0.26492579987282788  0.27901473451935210  0.29304884219246652  0.30634197931559315
  0.31851878910042902  0.33010897356645813  0.34128836638382859  0.35151177483117108
  0.36217744776882099  0.37325460993183135  0.38501953906802755  0.39681557386824950
  0.40827853049625001  0.41922017915831189  0.42996391249907551  0.44068982952963415
  0.45142444684168648  0.46279599855886977  0.47456043807564713  0.48600170806356280
  0.49683101120025919  0.50842661396071231  0.52008618436093756  0.53180528947675176
  0.54302888138280636  0.55433913049955896  0.56535433896565845  0.57611957201434538
  0.58631051005257140  0.59578724371905822  0.60502969323692091  0.61425901589033438
  0.62358271014237199  0.63302522279675655  0.64252772482655907  0.65235812378949620
  0.66197076456961423  0.67168891732703562  0.68216844612521998  0.69237246669608987
  0.70265351113023766  0.71296294622869383  0.72321937707150175  0.73331054076969449
  0.74361955718449702  0.75361456733991816  0.76556889747758650  0.77587588010684705
  0.78630285286232682  0.79624670896722316  0.80616047012403558  0.81593969956755419
  0.82566260671400027  0.83534103598075604  0.84479534930043687  0.85409808155578770
  0.86356073045655091  0.87327633079510325  0.88288761242786395  0.89239544715176267
  0.90164483226002301  0.91067630193452398  0.92004714692983458  0.92984844360372754
  0.93986585932742617  0.94819995212773034  0.95551346272452597  0.96339772803459778
  0.97140089226238224  0.98005292865277904  0.99019313452331570  1.00000000000000000
 -0.00248226490157100  0.01090834199973011  0.02176779017175238  0.03204239155151479
  0.04213276890914559  0.05209663289335380  0.06174069895393154  0.07091869796802122
  0.08038527234029913  0.09001378453206704  0.09979137840836094  0.10975468916656805
  0.11967874987315730  0.12982498032596243  0.13978712746629979  0.15020707172351266
  0.16138687141755009  0.17300367408344586  0.18520061814149730  0.19554634897398529
  0.20516374041297764  0.21418920086239010  0.22343533660594259  0.23301954291698018
  0.24221522880410085  0.24924549042412483  0.25699059957087977  0.26513266019529369
  0.27447891734430047  0.28690290793080930  0.29978807371626354  0.31203566319179477
  0.32334796696309559  0.33406974164150283  0.34499270470093801  0.35605816784187766
  0.36563015024281698  0.37525968201527032  0.38483072580168498  0.39510915122015045
  0.40543955214164368  0.41620085454583955  0.42758492056453967  0.43974454098132382
  0.45259000870505689  0.46511996737761552  0.47666622075724763  0.48884299555982441
  0.50119492810708011  0.51252859001199635  0.52368198407645317  0.53398452955418885
  0.54420122551319861  0.55432062959941419  0.56498797474163787  0.57530233615979620
  0.58504904842642769  0.59662492992695348  0.60740979978730858  0.61715973687277481
  0.62715342399092011  0.63703040690894086  0.64714508574462715  0.65722069587826859
  0.66764779151430520  0.67856715551257818  0.68888399071859574  0.69862127858131395
  0.70840300932098310  0.71917425107191602  0.73106294202743560  0.74343027638687709
  0.75564933985289551  0.76763286612179682  0.77998030789486406  0.79234984610910653
  0.80504215122515776  0.81746831117629437  0.82890839127171512  0.84082719687394669
  0.85266323570867719  0.86292497940146140  0.87298119820223297  0.88343258453483520
  0.89452156799674820  0.90418750666205394  0.91321204025172587  0.92253485441291039
  0.93212612170336651  0.94156223694162011  0.95082274988041049  0.96030610105666336
  0.97056639064147665  0.98077972908028133  0.99058227895852624  1.00000000000000000
   4.3654665145063449E-022  -1.0000000000000000     
 T F F F T F F F T F F F T F F F F F F F F F F F F F F F F F F F F F F F F F F F F F F F F F F F T F F F T F F F T F F F T F F F F F F F F F F F F F F F F F F F F F F F F F F F F F F F F F F F F F F F F F F F F F F F F F F F F F F F F F F F F F F F F F F F
  <DiscreteSampler_grid>
  grouped_processes
  1 # 1 for a reference and 2 for a running grid.
  10 # Attribute 'min_bin_probing_points' of the grid.
  1 # Attribute 'grid_mode' of the grid. 1=='default',2=='initialization'
  0.0000000000000000 # Attribute 'small_contrib_threshold' of the grid.
  0.5000000000000000 # Attribute 'damping_power' of the grid.
 # binID   n_entries weight   weight_sqr   abs_weight
    10   10   1.632322097384796E-014   1.621613864660380E-027   1.632322097384796E-014
  </DiscreteSampler_grid>
