 -0.00000001806471101  0.00001761035736611  0.00013154285357246  0.00038804723133957
  0.00077316720675073  0.00126902651206128  0.00187325919203157  0.00258943689488833
  0.00339587189437988  0.00425158475904674  0.00518923028930160  0.00619162597928144
  0.00724811699241196  0.00836334746268020  0.00955988600229301  0.01075360995053740
  0.01211664732477221  0.01350335747744253  0.01492446895672842  0.01640048250453210
  0.01784282689277079  0.01932560296861398  0.02086599710497623  0.02241204713611492
  0.02393487433638029  0.02558068868037248  0.02726699357079126  0.02894972330020744
  0.03063074389212415  0.03236969641701516  0.03416895440239559  0.03599695525592971
  0.03784472621675340  0.03968760454010775  0.04155019966813582  0.04342668498440118
  0.04530685034754562  0.04720949467910152  0.04915722579169037  0.05112018977702749
  0.05308694124412008  0.05504334563623539  0.05716035620508166  0.05924536964247190
  0.06131398256875516  0.06339976862533145  0.06550333730669662  0.06762828039681752
  0.06977340867768267  0.07193803628397452  0.07434711112971214  0.07671491768195547
  0.07908186028698430  0.08144306726052006  0.08379899748761464  0.08615962961469657
  0.08853796777957398  0.09098046520092386  0.09356442860134609  0.09630984502073063
  0.09906828450176722  0.10179565310552019  0.10452151381241009  0.10725092439236826
  0.10999541441506010  0.11276764207034418  0.11556577273023266  0.11851393695647570
  0.12166294183268918  0.12495172350885655  0.12834402880050580  0.13179703108104110
  0.13532326037220072  0.13887892864849466  0.14242532613912601  0.14595103742930365
  0.14947971595838286  0.15316903825232234  0.15703102430140417  0.16129713725808803
  0.16593557692482638  0.17070473642959594  0.17558916278735517  0.18067355302765267
  0.18594514013505112  0.19137155483913237  0.19703503709602233  0.20340386910574484
  0.21096260640714756  0.22011240514756536  0.23041668431007731  0.24196922024178480
  0.25615829660595008  0.28144347207995185  0.30327277721211732  1.00000000000000000
  0.00971458287198109  0.01501086918510915  0.02317069292569353  0.03342975828902518
  0.04362890450902576  0.05312637254311427  0.06307240398012698  0.07326155346595298
  0.08382408127935385  0.09456248280302225  0.10557670807145698  0.11609984962191781
  0.12700487189082149  0.13783537485975295  0.14911224997287587  0.15993878828585301
  0.17012865786910678  0.17936627208966410  0.18898837322549195  0.19925674053074011
  0.20959785392704763  0.22025807760612012  0.23151331430621080  0.24534524338329106
  0.25775080562027824  0.26990983266437907  0.28107979055293675  0.29216885604056364
  0.30319927944315161  0.31406248744764792  0.32515094826779362  0.33667959188269375
  0.34857576122810230  0.35999151851871025  0.37068166051593715  0.38108379928887359
  0.39132333261972463  0.40148088458741399  0.41171759756145854  0.42244958804406474
  0.43334185059115676  0.44382395166366923  0.45401541836855402  0.46423101456145138
  0.47464277889011058  0.48532581833282595  0.49635416560057244  0.50822583016553236
  0.52008148407307531  0.53114806604091225  0.54147279790607461  0.55136901054567400
  0.56134509727866944  0.57129225571605569  0.58138217024973404  0.59146080092615716
  0.60126276461568151  0.61053256998515504  0.61953376070706656  0.62901064970296328
  0.63885560971097288  0.64941484622816348  0.66025366559814402  0.67190530679286664
  0.68293302099306508  0.69367048808833864  0.70358912900899906  0.71439425183220684
  0.72545131276044850  0.73774715882468966  0.74961967170844768  0.76070820844902365
  0.77151226822645158  0.78227384217151708  0.79235618654386508  0.80177276069259784
  0.81112292220796711  0.82134478353430551  0.83154161025992879  0.84124989964964081
  0.85110291877734279  0.86138600543640786  0.87241121654416931  0.88290378440402606
  0.89337961925227782  0.90357774451109385  0.91339252787430225  0.92343902912353759
  0.93369002906969600  0.94443349966113832  0.95487612929562593  0.96491155918610194
  0.97415427861338377  0.98340613572271096  0.99092196820439171  1.00000000000000000
 -0.00158734478169872  0.01237237055143927  0.02394711097393168  0.03645282392073152
  0.04729454592455620  0.05749424801420563  0.06770749629194130  0.07841814586315389
  0.08967189409971600  0.10105160779059395  0.11317948484461772  0.12529233397084966
  0.13702155454192916  0.14863612351324060  0.16024232760464321  0.17178970201620969
  0.18320463628153386  0.19451937105299227  0.20577070807379946  0.21667259190276153
  0.22728805335451308  0.23764516382650624  0.24764737481608920  0.25758313752913137
  0.26792035420023719  0.27906304284893069  0.29030714296144866  0.30098920825490022
  0.31154182632456340  0.32241040394944109  0.33328988168679280  0.34408011790764126
  0.35516598692494489  0.36648385099906255  0.37761126450475535  0.38822705124525370
  0.39879976096970210  0.40928741791311046  0.41959021904543431  0.43016820140932893
  0.44050000024227698  0.45067259808080712  0.46110968621762344  0.47153654734202488
  0.48214007410471127  0.49249339442907858  0.50289253607604512  0.51306936843393969
  0.52316578291756433  0.53342901989508662  0.54350784279752240  0.55336619649796848
  0.56381380449860119  0.57514250622363350  0.58633696787081580  0.59671674756366699
  0.60674907430093683  0.61633457424703852  0.62603526786745767  0.63596715122699188
  0.64635757240757019  0.65690972164777750  0.66740752040047124  0.67813694619248643
  0.68897441453653085  0.69978248150367850  0.71045724198453775  0.72109505755155612
  0.73165343498027557  0.74230566400852471  0.75302827278892515  0.76352231790396974
  0.77358149524586450  0.78336036244123464  0.79342225025086277  0.80372025779325929
  0.81405123154381553  0.82394121967685130  0.83330640745298534  0.84186411657774884
  0.85018065274056798  0.85907844078016693  0.86843314870940758  0.87768912824793144
  0.88649265760820672  0.89559769979032933  0.90565408447130924  0.91619874768245957
  0.92670422722275669  0.93744409578347354  0.94829170003635588  0.95907292393376287
  0.96917169184747454  0.97914891945269744  0.98943083039046942  1.00000000000000000
 -0.00295500680292675  0.01054086685282227  0.02222541184150664  0.03360238672261247
  0.04488243382395403  0.05599778440510104  0.06715152429087383  0.07791021773370302
  0.08842124251781065  0.09847495013052908  0.10892601554668066  0.11971008389730121
  0.13052916608998746  0.14123050190268099  0.15150161043571486  0.16158286295061453
  0.17165133961348253  0.18144523152828779  0.19117789113421743  0.20120585207837896
  0.21199427048906896  0.22310084256915286  0.23366209393031201  0.24382289468793422
  0.25390102003593423  0.26427169661942462  0.27481684121134875  0.28563005625048998
  0.29645608887220515  0.30678868802428516  0.31709551622297988  0.32783667242014736
  0.33945784694878889  0.35152101140459391  0.36254080816065037  0.37385322720891895
  0.38544918439090309  0.39664998721991745  0.40759761889993146  0.41840257131748620
  0.42938838062614881  0.44056271120305174  0.45176372177513557  0.46288983410762430
  0.47360471560053280  0.48346820987175870  0.49285940362713304  0.50241600436097600
  0.51167808762110689  0.52071299103183433  0.52947756594936335  0.53908105331815670
  0.54949666623294169  0.56033322803776953  0.57188789646040639  0.58270686030505492
  0.59453371250589659  0.60607870338845349  0.61795411682998580  0.62941489669881068
  0.64076067067350928  0.65191749361578888  0.66215881066798243  0.67293779271552634
  0.68413487769544690  0.69575692125087607  0.70738874813460517  0.71830732500355965
  0.72916164903579750  0.73957976527386515  0.74933081850612526  0.75894079200178322
  0.76861221036735428  0.77826237984094382  0.78761723724006927  0.79717330894033855
  0.80687009788142983  0.81664022750101450  0.82681362006436454  0.83692784309356016
  0.84716502231248680  0.85701118991843117  0.86679529617922302  0.87645478854469772
  0.88633638061588382  0.89612936603705529  0.90637670761463118  0.91650839094409708
  0.92709460906612329  0.93726027197167516  0.94758915685829059  0.95789915070907694
  0.96828693359584950  0.97880585668960340  0.98936630305062856  1.00000000000000000
 -0.00233766465713950  0.01082126444610427  0.02205635181821706  0.03324952646563416
  0.04454874085831118  0.05634441604536504  0.06761150442835519  0.07885143579468380
  0.09013245779630361  0.10148764512677509  0.11231329236812344  0.12299617508742525
  0.13432206826887502  0.14633822629392906  0.15877500548205542  0.17125940756648531
  0.18332429416982846  0.19510234075662228  0.20678706698582841  0.21815743985319938
  0.22921759662734312  0.24000653116621715  0.25082336210031786  0.26188187642151395
  0.27265703957297649  0.28301504233650504  0.29341756838380129  0.30411684191292815
  0.31457474326337653  0.32450868080773798  0.33427463357874931  0.34405243651241402
  0.35367813348572696  0.36338164481066121  0.37347524722973169  0.38404154734476925
  0.39466231189266987  0.40479766447370269  0.41485703997226570  0.42509091327258275
  0.43545127972438036  0.44551905172097722  0.45519123498146635  0.46477251469635111
  0.47439757250642245  0.48399757983076575  0.49338926885087742  0.50311069305143741
  0.51390596442812297  0.52476337666617734  0.53564652815368363  0.54586530298465019
  0.55561222079423345  0.56534497775269632  0.57535427502807623  0.58548462684947833
  0.59570550082438567  0.60625756578969248  0.61735742076034394  0.62808795352848978
  0.63830295533774695  0.64857695796501647  0.65908024473595395  0.66920937258299740
  0.67890965161030592  0.68858519949212649  0.69905300154294103  0.71006994804269075
  0.72121554857392711  0.73260281540456196  0.74386955354128248  0.75443302566314496
  0.76400819467083636  0.77399389343111347  0.78381604788570070  0.79411674409172528
  0.80453193683850288  0.81604458491376486  0.82809482258904643  0.83892520100985901
  0.84906309352005882  0.85880207231870853  0.86824631189490331  0.87748153521267658
  0.88687639450344424  0.89701995133968382  0.90765639299402090  0.91802635206937122
  0.92821764275749097  0.93851134366275990  0.94925978104149344  0.96037210446936971
  0.97123186290393460  0.98160804202682295  0.99096640658085544  1.00000000000000000
 -0.00266424674129854  0.01025237526109943  0.02149761510783144  0.03348916610274515
  0.04528047355249511  0.05602472056682226  0.06617235606370873  0.07600533267507462
  0.08590158492022992  0.09585657310413880  0.10590156932327276  0.11607975195415590
  0.12663323808718141  0.13776053177072911  0.14901442520015565  0.16055828310674414
  0.17159882841912977  0.18210641880869502  0.19228798761011553  0.20263452763180606
  0.21256611942827031  0.22266977118914838  0.23230029223199633  0.24240587906238348
  0.25208910259063871  0.26193622983850223  0.27174019946887623  0.28192657357931666
  0.29246779337703827  0.30348456034377375  0.31470377357940199  0.32551632131384689
  0.33637097617853035  0.34727168804112030  0.35859571707756643  0.36999293911223385
  0.38120282731761351  0.39226387565771725  0.40315347159705711  0.41365037874672872
  0.42385111372972850  0.43379172787505538  0.44423737972511801  0.45496067111250527
  0.46568377330829525  0.47599836597742795  0.48590316330248967  0.49563002722703137
  0.50566510740394888  0.51619955595170275  0.52707035954780013  0.53776750233644788
  0.54795294542840001  0.55773648605631676  0.56728783755597456  0.57692000092478990
  0.58690442556187816  0.59719636625641770  0.60737303807370147  0.61737074343661613
  0.62783391460356819  0.63909309247921453  0.65007113726528409  0.66066670784704429
  0.67097471712839518  0.68107575402835430  0.69100426335225174  0.70060127992493526
  0.71009909936245863  0.71968509537509739  0.72949267254815031  0.73988401868568099
  0.75043850361925801  0.76095126467068508  0.77196668106649080  0.78354093191594953
  0.79573526031128550  0.80763786385107206  0.81893469867256408  0.82966297147029910
  0.84008969828654345  0.85057405690022603  0.86157985874732568  0.87272286023235557
  0.88412043532959972  0.89506038011172462  0.90578993494554416  0.91668155735322998
  0.92768602471945427  0.93896613703660292  0.94943861504240334  0.95981986321687307
  0.96992887917150372  0.98029312910001820  0.99016062352552836  1.00000000000000000
 -0.00243243899019887  0.00867285756111489  0.01804158047529500  0.02652769040332020
  0.03488988911893631  0.04343604703719799  0.05233486608122462  0.06107548157435061
  0.06904741111793239  0.07642986914661558  0.08360952261141451  0.09095958601735782
  0.09904506844574146  0.10713850964766851  0.11495811383170126  0.12237985699040498
  0.13044624575339597  0.13876788624889475  0.14732846293732221  0.15596148584705261
  0.16446592063915966  0.17345074240103525  0.18293755766061520  0.19340558269505059
  0.20506134243137505  0.21533062449361959  0.22526236076807529  0.23428965306550931
  0.24325236629194741  0.25237650072053525  0.26168667356688563  0.27120916543027096
  0.28104754310582547  0.29093076233988735  0.30118151754505124  0.31150566789288248
  0.32252583889063530  0.33371611790973343  0.34499310948243106  0.35582686599955160
  0.36690921291951811  0.37882801540657268  0.39136045781687384  0.40373220447190944
  0.41594046536564827  0.42774156683827824  0.43965491737887868  0.45089285919581384
  0.46181745189712781  0.47291409637629900  0.48448559824916126  0.49618462927187812
  0.50738386410827629  0.51862063953298065  0.53022869682939167  0.54180065071629979
  0.55294894948121065  0.56400410739639950  0.57563971567033667  0.58759008020319681
  0.59928817283159708  0.61077375794616573  0.62195151511183211  0.63355666486582207
  0.64550119957353169  0.65721963417295071  0.66900251759193685  0.68133965368915639
  0.69370123473927370  0.70537152292193539  0.71715522029467071  0.72937665333003054
  0.74129415605664317  0.75297559497868816  0.76508841575491615  0.77677408366494194
  0.78848677345451013  0.79975255770059628  0.81083184418935983  0.82149580966236357
  0.83220522990725154  0.84305635657081990  0.85411959195804121  0.86502178599257051
  0.87585130978043946  0.88705913514401324  0.89863374478782176  0.91014672173241640
  0.92150110408325592  0.93258706932479229  0.94377095329523741  0.95501215166848874
  0.96586771430815510  0.97666420677645571  0.98831802304912331  1.00000000000000000
 -0.00213833646974374  0.01112151023353337  0.02062171619760788  0.02994795206241488
  0.03950512027423574  0.04899136697453937  0.05881177248220083  0.06870835410343096
  0.07806234186300345  0.08739588174555103  0.09730997110772135  0.10794529286041954
  0.11880804438598998  0.12964978476719130  0.14078337975265187  0.15221997920929309
  0.16379418629364317  0.17495874310025583  0.18583126505711853  0.19707087411971611
  0.20817735905640361  0.21900652905486845  0.23015969406976475  0.24240509407693667
  0.25442332815326585  0.26507012136554187  0.27600945601480498  0.28802652321478289
  0.29883881491952990  0.30939911186952507  0.32086483762436269  0.33250609639336115
  0.34404380619228042  0.35490743851125833  0.36549104355998324  0.37520705625919831
  0.38495815134238665  0.39484091158536622  0.40453886501715514  0.41433987366171304
  0.42436817649507591  0.43450577377400340  0.44415442436596236  0.45354096660005433
  0.46366770127609896  0.47388498105581128  0.48434324646025795  0.49450183745205495
  0.50486253659159175  0.51546500525935723  0.52644215352812740  0.53675328460180938
  0.54702499763649881  0.55757330562711804  0.56904793031273315  0.58086346351281826
  0.59205720806547013  0.60248698174056958  0.61257711445041585  0.62286187569257467
  0.63361079216413896  0.64504564342806048  0.65608808436601662  0.66718747866149342
  0.67907683014141018  0.69016568346296758  0.70027961482569145  0.71001931162930532
  0.71926467898545610  0.72855301047558874  0.73778115455271442  0.74697544197324495
  0.75649646891027300  0.76677483238218214  0.77753587836792881  0.78851840444869370
  0.79890233650464637  0.80876875501672696  0.81908710432172571  0.82933680770467522
  0.83955921972827585  0.84983767942571631  0.86019341337414457  0.87076430291092732
  0.88156042303089088  0.89256253969571209  0.90312870828045222  0.91386434116396775
  0.92461816681187248  0.93557187649110019  0.94604107765249712  0.95665653512377646
  0.96789385809135953  0.97886695792949874  0.98917489961865823  1.00000000000000000
   2.9199085295132594E-010  -1.0000000000000000     
 T F F F T F F F T F F F T F F F F F F F F F F F F F F F F F F F F F F F F F F F F F F F F F F F T F F F T F F F T F F F T F F F F F F F F F F F F F F F F F F F F F F F F F F F F F F F F F F F F F F F F F F F F F F F F F F F F F F F F F F F F F F F F F F F
  <DiscreteSampler_grid>
  grouped_processes
  1 # 1 for a reference and 2 for a running grid.
  10 # Attribute 'min_bin_probing_points' of the grid.
  1 # Attribute 'grid_mode' of the grid. 1=='default',2=='initialization'
  0.0000000000000000 # Attribute 'small_contrib_threshold' of the grid.
  0.5000000000000000 # Attribute 'damping_power' of the grid.
 # binID   n_entries weight   weight_sqr   abs_weight
    10   10   2.201460375947503E-002   8.514997024878590E-004   2.201460375947503E-002
  </DiscreteSampler_grid>
