 -0.00000001073451953  0.00001310331338251  0.00009937530915768  0.00029082299971222
  0.00057627901363628  0.00095288098709528  0.00140454064045318  0.00191897018628783
  0.00250635756460620  0.00317936941772434  0.00389426645303236  0.00464253941454641
  0.00546389019904148  0.00628591365262552  0.00724019747953566  0.00816619178965500
  0.00915006239639637  0.01015400690852040  0.01117727150662847  0.01224148946103336
  0.01332434507893489  0.01439281676895898  0.01552785191688729  0.01670530478341694
  0.01786378353735801  0.01902637163974139  0.02025061552996356  0.02151253289749735
  0.02276631117666572  0.02402331766984267  0.02529160259195545  0.02658016977642553
  0.02797464989078628  0.02932664584534115  0.03066828974598381  0.03201075420197694
  0.03331745497910012  0.03467902842554853  0.03609127620756147  0.03751629798705856
  0.03892929279537773  0.04032973033523184  0.04172853972838788  0.04312763060817708
  0.04453758002812054  0.04595470737096996  0.04751552967952136  0.04912239078094402
  0.05073052071358149  0.05231876712742222  0.05386084468866593  0.05539482083066433
  0.05694903399553328  0.05851569894475284  0.06011739406507224  0.06181196472637775
  0.06359261290262951  0.06535347056445459  0.06712775126891368  0.06890788234027956
  0.07067604535606783  0.07242691786004146  0.07416666298373767  0.07591487522983817
  0.07770450692146776  0.07963656791332226  0.08167619350981421  0.08380670826454822
  0.08595216590099271  0.08798025964285297  0.08998729218369497  0.09199417688624324
  0.09403683496836947  0.09613070778843603  0.09828466575265314  0.10050001870360845
  0.10276859425836501  0.10508312320880185  0.10765069505734404  0.11046521061126428
  0.11333857106007197  0.11623497200480845  0.11921369511967476  0.12228483630298329
  0.12545950823988455  0.12872975530782657  0.13203975005130031  0.13547355211877940
  0.13996969311122934  0.14524642071908203  0.15134993351322215  0.15843735124645086
  0.16709346769610461  0.18018596797573716  0.19371446984424123  1.00000000000000000
  0.00988500422452492  0.01452400981854743  0.02293327792582520  0.03251992119784596
  0.04260247166884085  0.05266232559590425  0.06271772109156491  0.07274394412717060
  0.08293639416099673  0.09316235594626873  0.10345045974902417  0.11368055113721222
  0.12375536037458428  0.13374999717531919  0.14376217467989474  0.15389314736237147
  0.16433427546798351  0.17486475405803156  0.18536342341949177  0.19594209441398056
  0.20664275419938466  0.21753849374904158  0.22838855018948581  0.23967973762292721
  0.25118860366411727  0.26318373797049344  0.27514089762681748  0.28670887580829829
  0.29856756869863016  0.31024388540624126  0.32145711574251962  0.33271349904340536
  0.34398000126984268  0.35545475702331103  0.36683887109294905  0.37778979043868893
  0.38788882677982128  0.39771067554702416  0.40779979554523077  0.41792399457220364
  0.42809187535410420  0.43769841417068361  0.44772055720116583  0.45788040422062631
  0.46773353222276282  0.47715600900678146  0.48637903889853668  0.49550678847623303
  0.50491651752911415  0.51421221777107140  0.52349517877591423  0.53416408848947972
  0.54507482767167192  0.55671744115596944  0.56781626067299518  0.57865804808785304
  0.58897275331743015  0.59896180407313904  0.60856662987993693  0.61827796330951623
  0.62838640001048718  0.63927871864913421  0.64994826432208908  0.66051837466444074
  0.67105325063593646  0.68264308686690378  0.69385632831795108  0.70486727640324742
  0.71598214983918040  0.72724054323381770  0.73837992497794336  0.74923340316657405
  0.76000942204751409  0.77047048732797507  0.78071756104003653  0.79087305120210927
  0.80070068452603893  0.81043294494969520  0.82011691996667413  0.82976344627754961
  0.83999763497361613  0.85027494224295264  0.86126235802726492  0.87214142983481924
  0.88262958644264944  0.89281585502065952  0.90319883800837752  0.91427688651499506
  0.92439923142340752  0.93433698024812006  0.94404512903005933  0.95389377790271690
  0.96406160387898165  0.97459873413657816  0.98649974902497173  1.00000000000000000
 -0.00232221350456111  0.00859746218530614  0.01756389377788448  0.02725107691346488
  0.03715285064323752  0.04695527982321952  0.05668494528404682  0.06709862249154211
  0.07814049663275172  0.08903375812226995  0.09963287083884616  0.11059878774660388
  0.12172282751368969  0.13293523556570244  0.14418643878509546  0.15583194560752472
  0.16732914675581706  0.17774999484252357  0.18819383679453880  0.19852354595555302
  0.20860771510801829  0.21824201213756259  0.22768406260216448  0.23776660561420521
  0.24819711822988341  0.25868090101922869  0.26965393783252312  0.28002760741479665
  0.28996605816698573  0.29964714946325327  0.30935727233194665  0.31918351818210350
  0.32889520545532014  0.33893309833314744  0.34938835025352954  0.35962324939875329
  0.36974782575328746  0.38009681402528211  0.39091436517937128  0.40206425269732343
  0.41325824505127057  0.42463558402021467  0.43608851068821197  0.44796158296021044
  0.45971283215946673  0.47123751467325314  0.48237736898075662  0.49307503909382827
  0.50361225688984435  0.51377592831728502  0.52415895709231242  0.53457256656905572
  0.54500678813458059  0.55548923005615480  0.56605741196723347  0.57667327046437489
  0.58674970029530016  0.59640488306683415  0.60594514301543390  0.61573402903703045
  0.62572999981931243  0.63588666373568659  0.64608894013911744  0.65666412097301652
  0.66744403988568168  0.67862715733974133  0.68956717610055318  0.70042755818617275
  0.71143134117979623  0.72329069627907905  0.73438974909932087  0.74510498281375759
  0.75539334450206752  0.76552119265459939  0.77563102627868041  0.78574251009783302
  0.79626191809867741  0.80702214359203128  0.81778618463251840  0.82870633142813610
  0.83991489142841047  0.85106582484926563  0.86175561397853573  0.87190298390504384
  0.88218234785983263  0.89286432141389982  0.90387015736765719  0.91437880483030887
  0.92494203725497748  0.93528413296706192  0.94586221705876361  0.95659323581776701
  0.96697830331354295  0.97795684311904085  0.98894449722423639  1.00000000000000000
 -0.00274175751539277  0.01010679274874974  0.02097037500910343  0.03171725507470691
  0.04258881657156532  0.05346575723626200  0.06429438604669198  0.07455920392656427
  0.08475067006232428  0.09502463850990042  0.10562169826873780  0.11585314571948263
  0.12597973849569061  0.13578192877873480  0.14569655146042665  0.15570350636160180
  0.16612678595709998  0.17719290919936787  0.18829236576038924  0.19906905240485551
  0.20940982133990488  0.21959904486877324  0.22997942058043544  0.24072456958132807
  0.25142435424669807  0.26209907002046984  0.27317292261436815  0.28420411132416085
  0.29498393195150929  0.30559364482833157  0.31662542638087549  0.32811463629759546
  0.33969622538758204  0.35120737751174180  0.36237672010460714  0.37293954651849032
  0.38291616365368414  0.39287107933017523  0.40312795960614178  0.41348468607718886
  0.42328071473680545  0.43280872645476032  0.44257890228575725  0.45266176827526072
  0.46304167152762798  0.47365069504773888  0.48407811936046180  0.49428581391096699
  0.50450050395597879  0.51501166367350004  0.52552960994613152  0.53570407308674850
  0.54601294043734605  0.55651132945139692  0.56694602379493364  0.57734484081407589
  0.58782610316292527  0.59839386560440022  0.60912803735026488  0.62003886213672521
  0.63101895418805809  0.64183583490753571  0.65233761668039669  0.66298570581268146
  0.67342396760755052  0.68382064134102039  0.69446592570834642  0.70518283450749253
  0.71605388270574588  0.72709931646536352  0.73800144424597347  0.74902662188163383
  0.75908538455848573  0.76924839742924689  0.77921489992644055  0.78898371287584368
  0.79857688893401535  0.80831581810149011  0.81869441035361035  0.83003824837858131
  0.84047605521740942  0.85046070687525555  0.86091748464839191  0.87152326340248687
  0.88204097232622392  0.89247962104717826  0.90348743906283924  0.91517383133841390
  0.92666383978879063  0.93761862403657426  0.94774864021086958  0.95777189218572456
  0.96841543316970446  0.97929782994676140  0.98961974043933476  1.00000000000000000
 -0.00231397729776371  0.00901810213591941  0.01916824193616190  0.03027677340097232
  0.04155460405545975  0.05248466800649618  0.06358393307891295  0.07389037233978682
  0.08419030730353481  0.09418202406039609  0.10427603100107874  0.11446916605625185
  0.12469462852746455  0.13509595016427872  0.14545388703188708  0.15564753707944048
  0.16616248984200754  0.17674519744483758  0.18757349612102708  0.19828731164845975
  0.20899324704351357  0.21964172742563889  0.23034036418620793  0.24098862885751693
  0.25170491221140706  0.26260041963438868  0.27347000166476898  0.28394601133272196
  0.29467249902615517  0.30608966150434375  0.31751546320598395  0.32886393695152494
  0.34032242883952124  0.35187617603318644  0.36303067414767554  0.37365758403982685
  0.38431346110786907  0.39500209534715769  0.40563007225365227  0.41640129317856650
  0.42738889628430804  0.43843033461159264  0.44910492581285177  0.45957011410140608
  0.47006878534461960  0.48050031044120112  0.49092646069251283  0.50118993517869170
  0.51165304894620123  0.52219046632001276  0.53249835686814573  0.54255847358177656
  0.55217894051193006  0.56166736056586142  0.57102802095987337  0.58053596381835726
  0.59066692893902950  0.60092609905954064  0.61093748331583253  0.62067264012585999
  0.63066186112765343  0.64080154749042950  0.65100908436082938  0.66158344577725681
  0.67290766673161195  0.68542405104653115  0.69670715084709267  0.70796535985587472
  0.71843047434765039  0.72892345158885374  0.73894804110292833  0.74872978836275739
  0.75873892273692034  0.76870400090014479  0.77914092888019326  0.78971014902657677
  0.79991842587056228  0.81015646282593734  0.82061472839244687  0.83119358665756760
  0.84156017523645565  0.85165881193379112  0.86183616822513376  0.87220700553882491
  0.88256975886249478  0.89322761828143482  0.90394438478980565  0.91508846490851370
  0.92611881449000311  0.93761448263511338  0.94836695376905111  0.95941125212823675
  0.96992415598986603  0.98041138414610707  0.99024645812995327  1.00000000000000000
 -0.00227819691416267  0.00946218061750149  0.01953461670820437  0.03022474664851349
  0.04076625013737165  0.05128752500863873  0.06170809998559856  0.07216075542756578
  0.08266786672947686  0.09296493135594076  0.10339509776224405  0.11385238696090806
  0.12437929816509527  0.13467226786292105  0.14504922483281171  0.15560044002681503
  0.16544982167852118  0.17553401238948710  0.18573958031244961  0.19615673172358941
  0.20653524180961175  0.21694615995913472  0.22725816422747064  0.23723885822864432
  0.24710000005610946  0.25767102192080155  0.26857276231932892  0.27865365037167644
  0.28890064331190074  0.29899743091137032  0.30900354053479778  0.31935996207349909
  0.32999808905085520  0.34044324465299147  0.35080982602568533  0.36064149012086022
  0.37049439800647849  0.38016487213921224  0.39016157011650843  0.40006692224546625
  0.40966947434678336  0.41965243191056434  0.42987357117412306  0.44048552875738989
  0.45170668622037680  0.46318872252398730  0.47522830478749595  0.48671321909458615
  0.49870579590904995  0.50965573381628937  0.52062206374717779  0.53119217160955012
  0.54197364971492035  0.55278878203651516  0.56357745070180054  0.57498726598742111
  0.58583484554110166  0.59650755434884761  0.60702662105021277  0.61759599102300100
  0.62809118636153938  0.63854301324617135  0.64935237460398187  0.66048880687757150
  0.67173389569831288  0.68306691920425200  0.69433805522582548  0.70536844937097354
  0.71608051766291769  0.72688395311693788  0.73803151242368903  0.74937341434634686
  0.76051939949043323  0.77161487582419996  0.78264566537549718  0.79343167914800761
  0.80397155123355757  0.81460893686245295  0.82543291561564014  0.83661499259808447
  0.84780871329353924  0.85916764941310586  0.87050643577347120  0.88150731617063804
  0.89223160283958192  0.90280920100824313  0.91319572974978602  0.92324583375374059
  0.93304114366648994  0.94257848543075062  0.95179870703431246  0.96099902240098278
  0.97050849711936926  0.98021997815246387  0.99018184189776792  1.00000000000000000
 -0.00193604906133442  0.00684088544027643  0.01462331958417242  0.02301930284673585
  0.03177431392679231  0.04074579362471635  0.04987555651215873  0.05900098513141126
  0.06855479156083534  0.07813480787342594  0.08760547023583935  0.09671762838459155
  0.10587162261240848  0.11526501579603886  0.12516576309865537  0.13501223651394498
  0.14482381968560654  0.15439219509425375  0.16381672200670558  0.17377243908220488
  0.18371457470991168  0.19421447036633216  0.20487956240749916  0.21539320039445453
  0.22592521168822316  0.23566833638033718  0.24572735608365615  0.25611499847100455
  0.26658127073886662  0.27768181509736589  0.28905865084713228  0.30036359742332730
  0.31210817757774267  0.32380070780075726  0.33580247931326429  0.34798726410095548
  0.36006259036093480  0.37170686470987052  0.38300755031822198  0.39423046654865657
  0.40600199253190272  0.41798606721473602  0.42980393101115311  0.44207945092271533
  0.45466755660411690  0.46696251359572771  0.47911460476686901  0.49088304369001468
  0.50285304050000978  0.51467745831510026  0.52660354022446343  0.53815080533911797
  0.54992233218840836  0.56147455228164800  0.57278113126342356  0.58399636434808255
  0.59531963287909084  0.60675614432316916  0.61847986664954424  0.63000009822673131
  0.64141175320249644  0.65303024733171067  0.66506071917638876  0.67705816167759725
  0.68955981109676145  0.70249382996035159  0.71488159643307925  0.72646529651751723
  0.73792638544726896  0.74926900723173173  0.75986143511152981  0.77020186639040866
  0.78070429776510786  0.79095532300887716  0.80091331506890240  0.81071445845216461
  0.82080900834070170  0.83091324253742305  0.84082208697230965  0.85064759420540981
  0.86061911523324841  0.87054944217517694  0.88042514592262278  0.89016665102647552
  0.89979031092491213  0.90938177109247964  0.91884560827858763  0.92803337990416335
  0.93700235843923807  0.94585234457399503  0.95467742660760768  0.96357522022604702
  0.97248165554258892  0.98140723415722020  0.99058998737712456  1.00000000000000000
 -0.00227240872537124  0.00939803097580623  0.01932519510144141  0.03032616684718260
  0.04176988308316205  0.05323858476310527  0.06468356980652840  0.07610614918493347
  0.08706477609492340  0.09723295196732361  0.10721154071371032  0.11689063986383581
  0.12628070988086451  0.13497409280940637  0.14374406280535384  0.15321804097934574
  0.16272632893015740  0.17231427375102210  0.18178072887185695  0.19109072319591777
  0.20088694427584575  0.21091633467749818  0.22177106731888080  0.23247726262502924
  0.24373438703770070  0.25444757236782650  0.26527433205530931  0.27551460370512915
  0.28586427966329719  0.29602217406898373  0.30661896508454745  0.31728909803679395
  0.32844314122471524  0.33920711283908239  0.35048789960533011  0.36084945975882537
  0.37101270296220523  0.38087293047425530  0.39117607391554643  0.40185398337144917
  0.41238323367322233  0.42262672030749215  0.43249746034030812  0.44244935770452781
  0.45258605251366923  0.46310187995847341  0.47368540782778085  0.48390807790693391
  0.49395899404180987  0.50371128179899916  0.51366434011286111  0.52362407967088320
  0.53428571958331861  0.54543333179100073  0.55665793146702947  0.56783192280403483
  0.57825033465837250  0.58902878922839785  0.59978362365106397  0.61055229287133139
  0.62099084562781215  0.63150301602414682  0.64261930309998716  0.65352471530040135
  0.66463836647013752  0.67662757476250446  0.68820061170000402  0.69946385421464974
  0.71086805749555959  0.72273877826479271  0.73419892382241436  0.74529469593295494
  0.75623408394900959  0.76699377630653875  0.77727302252935515  0.78755706189832719
  0.79779298448652414  0.80781665312842310  0.81791153066890032  0.82821607432637279
  0.83909010926438321  0.85034923171279109  0.86193631694539574  0.87341573955184282
  0.88381673082610834  0.89374485695272599  0.90340905604350696  0.91326331466546473
  0.92362487780330260  0.93381411897884048  0.94421722405325159  0.95455482302972805
  0.96584858862419820  0.97760232605979902  0.98890895122321698  1.00000000000000000
   1.4195970696075596E-009  -1.0000000000000000     
 T F T F T F T F F F F F F F F F F F F F F F F F F F F F F F F F F F F F F F F F F F F F F F F F T F T F T F T F F F F F F F F F F F F F F F F F F F F F F F F F F F F F F F F F F F F F F F F F F F F F F F F F F F F F F F F F F F F F F F F F F F F F F F F F
  <DiscreteSampler_grid>
  grouped_processes
  1 # 1 for a reference and 2 for a running grid.
  10 # Attribute 'min_bin_probing_points' of the grid.
  1 # Attribute 'grid_mode' of the grid. 1=='default',2=='initialization'
  0.0000000000000000 # Attribute 'small_contrib_threshold' of the grid.
  0.5000000000000000 # Attribute 'damping_power' of the grid.
 # binID   n_entries weight   weight_sqr   abs_weight
    19   10   1.649695618122970E-001   3.636492878146295E-002   1.649695618122970E-001
    25   10   1.629371854824223E-001   4.235993934444016E-002   1.629371854824223E-001
    37   10   1.716184407888728E-001   4.845809745844752E-002   1.716184407888728E-001
    43   10   1.433557375477579E-001   2.686730108120767E-002   1.433557375477579E-001
  </DiscreteSampler_grid>
