 -0.00000004076951577  0.00007744646414440  0.00061630554862309  0.00180140289312714
  0.00367429625615923  0.00621742758629854  0.00947307174433063  0.01299133252804328
  0.01688882260882239  0.02132791838126167  0.02565054541706855  0.03046426408767017
  0.03532858866024656  0.04020987872734512  0.04489830368611464  0.04971435276436661
  0.05459671425039957  0.05953661673501132  0.06482681962346146  0.07026530746517073
  0.07563217463358171  0.08125695263740308  0.08756582962032576  0.09387479024032416
  0.10030876346866904  0.10701692983144176  0.11402992172740332  0.12103350130781249
  0.12752445141470675  0.13387828894583187  0.13993709466332302  0.14565069913003106
  0.15130993763070349  0.15703406864154631  0.16268921904454822  0.16817139812683274
  0.17350966370832388  0.17887549497896266  0.18455705955645496  0.18988162878772077
  0.19493104448274873  0.20002475609696202  0.20521298297235949  0.21052856133227540
  0.21584132589566671  0.22097109135481527  0.22602319957544856  0.23118418464310111
  0.23628690384819573  0.24138851382895482  0.24694351341591958  0.25278857478315131
  0.25831720483439669  0.26359582289774286  0.26891765455881406  0.27427301281452532
  0.27963705695644375  0.28492181607012440  0.29004319771729803  0.29497640790106738
  0.29950528814898686  0.30412605959293765  0.30907619247583706  0.31411565983385759
  0.31921036727342278  0.32459259564850529  0.33050293142515269  0.33703173298120748
  0.34324433998193604  0.34933801776810264  0.35520444912253446  0.36082374913229481
  0.36642046725402516  0.37226124303217362  0.37826027063224776  0.38416543368814204
  0.38987055726183784  0.39582731312520048  0.40181753451528929  0.40815220607421493
  0.41480843548318980  0.42147997604952053  0.42795328019271456  0.43642856662507984
  0.44575054524557339  0.45555129170089770  0.46570755653841817  0.47591223987194331
  0.48731758172580275  0.49938402452843783  0.51255212956660812  0.52805282516756413
  0.54683420913968184  0.56982649574580668  0.58209804303524781  1.00000000000000000
  0.00809407381237848  0.01985128900703788  0.03292974341540005  0.04633508445694091
  0.05915102003251330  0.07124017466553154  0.08314881442351177  0.09495514920992945
  0.10619979841833689  0.11663056946977328  0.12731988152136686  0.14058987694912997
  0.15704478664244756  0.17077218126362720  0.18365930859352983  0.19482396716435071
  0.20382559529402003  0.21254636676228716  0.22166810491569081  0.23074905870218113
  0.23960094257192041  0.24777422195895543  0.25662618749553029  0.26582188462113499
  0.27510006130017234  0.28370873389182422  0.29234061899307129  0.30152276942385092
  0.31091083994257140  0.31993146265416672  0.32861106686309410  0.33820804908443142
  0.34915139558597225  0.36077332387858901  0.37208933716592962  0.38389389017297770
  0.39576475049926763  0.40783359451751483  0.41954898717688555  0.43054011011986981
  0.44179124760626737  0.45297481035452025  0.46307431020102785  0.47224683812923995
  0.48213987037744327  0.49256069914405382  0.50330138465279994  0.51417471432615014
  0.52567345769509943  0.53773697964356293  0.55030102076152154  0.56267050258946394
  0.57315153223601811  0.58327634340464685  0.59351765779069454  0.60386221668754503
  0.61345620736147699  0.62307003703826003  0.63389119595974164  0.64479623838704014
  0.65454319241728121  0.66317719406603903  0.67074703210188125  0.67908000619094055
  0.68896914868090531  0.69743742316324231  0.70561622380106348  0.71421615665076899
  0.72284887898575489  0.73095882671995316  0.73919214752388307  0.74757723955923172
  0.75647280827060992  0.76561808146030652  0.77491068762169224  0.78419943718320284
  0.79336033568911746  0.80370116460674246  0.81265189637196356  0.82085702866737775
  0.82868390646574563  0.83636618427618004  0.84364786291139138  0.85105119132020657
  0.85955005476205326  0.86922763671511760  0.87996448002250105  0.89222898372810899
  0.90458378876618262  0.91708894188684242  0.93023854758820823  0.94454562897987415
  0.95888793627164859  0.97222639132972388  0.98604437871612105  1.00000000000000000
 -0.00001826175432828  0.00016264872150430  0.00035338696164402  0.00068418105658988
  0.00103730824323197  0.00148087504789029  0.00204947014105159  0.00262047724097413
  0.00321120876921981  0.00384066440112592  0.00448561566166917  0.00524798967522278
  0.00612136248756182  0.00697286212520109  0.00784868263582721  0.00879451442825727
  0.00994706615226611  0.01106293377355494  0.01221624976298090  0.01353703502079786
  0.01491226286107669  0.01622172383367476  0.01746172259334583  0.01876192493681294
  0.02012688290514290  0.02162918818840994  0.02321783695479848  0.02476431194403119
  0.02625697035760789  0.02780690762985096  0.02937978586140381  0.03096905143171175
  0.03276125146455727  0.03471004724795242  0.03674543313576800  0.03867140590894671
  0.04062329001574649  0.04273423753326599  0.04500814092239468  0.04721665033547074
  0.04971687110449794  0.05216195819232071  0.05459315313416142  0.05709198896273503
  0.05961630116176189  0.06229393115258609  0.06486232353519863  0.06752007839224400
  0.07005482425396288  0.07252200616462126  0.07503630978982993  0.07759571306947892
  0.08009112209255369  0.08251275476517382  0.08503217810724789  0.08782920686375514
  0.09042347694181412  0.09326972003624054  0.09642451766663744  0.09981980612476576
  0.10341777340267695  0.10739291957563174  0.11166731133852391  0.11617069062440549
  0.12067928111183078  0.12486892005074886  0.12873644081960264  0.13249453732678362
  0.13639015828629780  0.14027773367533858  0.14445863798930850  0.14903957323508407
  0.15406057452517782  0.15945324221132534  0.16492850184806374  0.17028403379483717
  0.17566172708985486  0.18123578310864666  0.18785898923593550  0.19501900398340316
  0.20263457068160587  0.21035147792269449  0.21876877983839432  0.22867591278126476
  0.24024202234987357  0.25298627217845693  0.26301237066342520  0.27350343350461542
  0.28457959999617333  0.29639597291796066  0.31036046146422286  0.32765754299589178
  0.34971486028932902  0.38062048240174795  0.41619635229475993  1.00000000000000000
 -0.00420739132832704  0.02484617116032539  0.05085043302245355  0.07992754225379387
  0.10839075375034428  0.13229746485188748  0.15256201449479098  0.17268956819774697
  0.19130878802500445  0.20666223212797374  0.22159321984395960  0.23517558952485940
  0.24772766325917706  0.26207817800226629  0.27919300911660722  0.29700921335585900
  0.31359166673138128  0.32838407298603811  0.34245566533083721  0.35529857000627352
  0.36842697652073936  0.38196681124035931  0.39626393104044816  0.40885086834500523
  0.41974916815264990  0.42948135985254071  0.43883508090238516  0.44804573619231336
  0.45743541339664773  0.46667145621446321  0.47472807162494118  0.48486633161140008
  0.49637901588498790  0.50808720120915540  0.51911479318197218  0.53024762586991603
  0.54307730746730898  0.55505834375255003  0.56663382862923706  0.57775155892383179
  0.58847275007745370  0.59876230962071797  0.60863461839064115  0.61833026340990094
  0.62798643937537624  0.63791142175443727  0.64745523719098508  0.65569918213759437
  0.66453844818722152  0.67304982093317411  0.68146553157340573  0.68919094990692065
  0.69664900077750214  0.70422459895979583  0.71278362434329956  0.72244045152955716
  0.73260670506090420  0.74144736468935157  0.74957546480244275  0.75760426092343192
  0.76582109263408027  0.77442875135427869  0.78384660539974138  0.79284930993873370
  0.80012243131511129  0.80734102110346306  0.81475846143091712  0.82149522427283173
  0.82809007918480726  0.83465247173642698  0.84194730417308661  0.84776326602187113
  0.85359278372671732  0.85985990310315086  0.86720358310447077  0.87536072936642484
  0.88229815017859148  0.88889760483998947  0.89508357346582901  0.90117228397573512
  0.90694038727904758  0.91289391958479205  0.91902628095180749  0.92565919153221088
  0.93205023597003733  0.93999701030114058  0.94897543908133342  0.95714170013689748
  0.96291619700895892  0.96798836449219150  0.97315760720135258  0.97846255786655423
  0.98346269168378464  0.98859653142729875  0.99432047231397225  1.00000000000000000
 -0.00261930494912653  0.00956942407372353  0.02184990703956286  0.03377122679124853
  0.04530808341819671  0.05835108115009183  0.07084179951995326  0.08309597325721581
  0.09544595201101091  0.10755886892664351  0.11968483625345688  0.13269365461799965
  0.14556331269581949  0.15744140177132765  0.16968031451791271  0.18278336376829127
  0.19594929408010350  0.20832393087741441  0.21840931798643093  0.22877854458331107
  0.23892881107579139  0.24854989483774106  0.25796952012814428  0.26750039629839650
  0.27698074130482547  0.28640253022223433  0.29556015992280293  0.30490233079561818
  0.31465553051286782  0.32401386740072802  0.33287433453257237  0.34227197101711732
  0.35124637272995129  0.36081442049829521  0.37105805998282432  0.38117058038997514
  0.38992664906300284  0.39873007030660468  0.40848285799301165  0.41955341110118172
  0.43035995087954981  0.44171335571896236  0.45505727054572959  0.46817899242295435
  0.48064775493046186  0.49123899734341697  0.50074185028174711  0.50864664862117848
  0.51709505680685453  0.52569584915475898  0.53351957074067591  0.54125084738100515
  0.54980226378808861  0.55853721501072029  0.56696092584854341  0.57517787602925941
  0.58318132899012864  0.59115116088086128  0.59908754957673183  0.60694133267220718
  0.61463281630839306  0.62258916595298852  0.63131921203426733  0.64147349648071195
  0.65106597257218402  0.66030986669860925  0.67081166387862645  0.68266498541198639
  0.69517489755145689  0.70742192474424026  0.71695452239764423  0.72594619905050617
  0.73474828125589697  0.74366667611513226  0.75293564571332128  0.76170236836139604
  0.77120404437307399  0.78293368654898465  0.79539383282388376  0.80552152481385730
  0.81583688896760453  0.82784684967282829  0.83909203894647943  0.84936874282083508
  0.86013312815063625  0.87111988503526605  0.88274633584827300  0.89478024152811486
  0.90792856632164987  0.92160586041242143  0.93521320030672050  0.94861208505534467
  0.96158985268964470  0.97368870638998362  0.98597588075673004  1.00000000000000000
 -0.00150608206951715  0.00699300271221872  0.01550638712248302  0.02392143046700505
  0.03245614369100695  0.04102662029389497  0.04995634873870867  0.05882337716886916
  0.06726923164578984  0.07551614296704637  0.08456440959456719  0.09570274915414458
  0.10728148873983319  0.11907451812804691  0.13206727339852115  0.14523104702902559
  0.15703493899034002  0.16809073068601152  0.17896488950375150  0.18998061363762309
  0.20093113239218921  0.21336887686184272  0.22655314132210624  0.23814431051852047
  0.24851596948406762  0.25889805686537920  0.26919029955902252  0.27977730082757796
  0.29080091819930687  0.30307443679106888  0.31585034800542949  0.32806756403436094
  0.33974619882472396  0.35091705199957574  0.36272697857190422  0.37421811995289722
  0.38370735887984753  0.39310003772677071  0.40356622666747211  0.41401720190967645
  0.42289870547464187  0.43075358601096064  0.43932086392414765  0.44871685296250147
  0.45842629460071149  0.46776523133744802  0.47698873115340767  0.48784592922345632
  0.49986328324279189  0.51227775081980698  0.52618989593106369  0.54167896054749820
  0.55689945795020679  0.56824341634503761  0.57481196896884612  0.58279158021299182
  0.59123726384390041  0.59987267028609825  0.60829835322325332  0.61606695703200542
  0.62383138086158596  0.63246811306189799  0.64412002691614179  0.65574975894238141
  0.66861331070785124  0.68155382785443386  0.69419508759260029  0.70694786971619050
  0.72015211832276893  0.73216305031829754  0.74106952623060274  0.75022819902684268
  0.75950461011414250  0.76884994248799976  0.77872943220377011  0.78860006604426169
  0.80016636855330292  0.81357411849162653  0.82671795770932077  0.83916925339838522
  0.85140334514853877  0.86168392015956008  0.87116803024493517  0.88304350614228921
  0.89515348576620213  0.90370855151887963  0.91338237026441560  0.92322548903347401
  0.93291274439422589  0.94173839353003408  0.94977744109666007  0.95767328146742092
  0.96686006163692872  0.97702682338335667  0.98825479799024740  1.00000000000000000
 -0.00275849972470396  0.01174668232825199  0.02131656394623721  0.03035089889648492
  0.03908101828692911  0.05060060543162401  0.06348587044726169  0.07621431873907072
  0.09085704248324698  0.10555392504340928  0.11706970031893753  0.12817588922422438
  0.13856772147066002  0.14850241709346973  0.15754431162981369  0.16647059777023179
  0.17513529561640476  0.18385746402871941  0.19234142069302218  0.20076885898890592
  0.21005484214537182  0.21906738415475041  0.22729958910545345  0.24172448995053644
  0.25586772198697044  0.26770893320416417  0.27868077217959625  0.29006287365089939
  0.30197432234609101  0.31484800151379189  0.32816154174125395  0.34105238658522768
  0.35240987525085049  0.36081760685542591  0.36815963733410345  0.37513455230807763
  0.38160423947135902  0.38807421537132775  0.39483199792479273  0.40107312411694351
  0.40665112233686118  0.41224340831130907  0.41960527393695263  0.42891809147012216
  0.43889717477037399  0.45174769865868986  0.46520348351280000  0.47718044202991616
  0.48755093752514767  0.49768442644583727  0.50813857582638555  0.51827005155953243
  0.52799078047879922  0.53760182274460344  0.54777192180843848  0.55967467024202810
  0.57297738123349706  0.58653750366914115  0.59950250664040416  0.61179720092151424
  0.62296933387287645  0.63308320003163543  0.64288438861053221  0.65459935406812231
  0.66774501244151907  0.67830283423069160  0.68887407845528281  0.69924419512264302
  0.70878153057439475  0.71726284628752168  0.72541274889307061  0.73452408100725286
  0.74407564772725654  0.75418416042918879  0.76511832379556399  0.77692470972877370
  0.78928697739878551  0.80139631203617645  0.81408818636441171  0.82668519833213894
  0.83861838217742934  0.84975240663656670  0.86060257051563904  0.87247400432555000
  0.88285503207020166  0.89274566831697311  0.90285566569579567  0.91306312040977811
  0.92346501477306275  0.93328628274913072  0.94416842338388762  0.95565027594568275
  0.96656888643231031  0.97759105304071181  0.98825828194470644  1.00000000000000000
 -0.00213931527977043  0.00899636428377832  0.01723072286329469  0.02601219446881270
  0.03650870084504201  0.04838662654803773  0.05964582096044413  0.07120798927246497
  0.08240288160561143  0.09203119889792227  0.10187146349227019  0.11274718299999316
  0.12343902893572566  0.13397188738190710  0.14435181771798103  0.15503253799698843
  0.16707348374222694  0.17885141355364129  0.19051707393766273  0.20325329520505017
  0.21598044776119804  0.22887064291741416  0.24246446643498495  0.25642190348034061
  0.27001876459107349  0.28251218816307988  0.29400302720074245  0.30536762935064971
  0.31513907309642575  0.32300140076562445  0.33086831402084749  0.33888701519908082
  0.34709921329228238  0.35451692301727067  0.36167215312912548  0.36885733169346746
  0.37648728191241321  0.38434181529002054  0.39217508597657946  0.39998739086365254
  0.40806544646224308  0.41639117893859179  0.42499868184170181  0.43311887355689521
  0.44216231485520641  0.45358906746540800  0.46534019246944824  0.47647726191159201
  0.48666560065304687  0.49612251787973433  0.50749749329339522  0.51941606107082128
  0.53131891544889853  0.54260128261280050  0.55355582777789281  0.56411242278457852
  0.57459574046267070  0.58472410352403781  0.59477228528785941  0.60480343215515020
  0.61490369638662046  0.62483056977175189  0.63521913493574944  0.64563220771697905
  0.65870926847057576  0.67058636515117109  0.67966437270200264  0.68915581827555228
  0.69845264364737281  0.70810174915390056  0.71688866583498234  0.72446314674431833
  0.73282399790882002  0.74340913515819318  0.75464575506638931  0.76709605238013345
  0.77937385717323804  0.79145432928628268  0.80344515151493423  0.81547828826739932
  0.82851452947922000  0.84350455434561766  0.85652211199746231  0.86811046718880014
  0.87879075785704486  0.88916513435159006  0.90023608310763870  0.91243168307196298
  0.92387288055279582  0.93395516219008778  0.94422866026227292  0.95458344618780910
  0.96459491438552580  0.97462801237625374  0.98587208874293364  1.00000000000000000
   5.1581094395814815E-012  -1.0000000000000000     
 T F F F T F F F T F F F T F F F F F F F F F F F F F F F F F F F F F F F F F F F F F F F F F F F T F F F T F F F T F F F T F F F F F F F F F F F F F F F F F F F F F F F F F F F F F F F F F F F F F F F F F F F F F F F F F F F F F F F F F F F F F F F F F F F
  <DiscreteSampler_grid>
  grouped_processes
  1 # 1 for a reference and 2 for a running grid.
  10 # Attribute 'min_bin_probing_points' of the grid.
  1 # Attribute 'grid_mode' of the grid. 1=='default',2=='initialization'
  0.0000000000000000 # Attribute 'small_contrib_threshold' of the grid.
  0.5000000000000000 # Attribute 'damping_power' of the grid.
 # binID   n_entries weight   weight_sqr   abs_weight
    10   10   9.308283321207616E-004   1.790829853272655E-006   9.308283321207616E-004
  </DiscreteSampler_grid>
