 -0.00000001373117552  0.00001171228999732  0.00008771487064935  0.00024090218545552
  0.00047787217473451  0.00079597167640630  0.00117229237228375  0.00162886810857815
  0.00214475377197437  0.00269658325563959  0.00328998711613744  0.00392109897754633
  0.00457574310966091  0.00525272825140858  0.00596232234075158  0.00672465388348516
  0.00754144074865184  0.00836410114472897  0.00920322879369357  0.01005803385890537
  0.01089313825757276  0.01181483327217418  0.01275183142253138  0.01368270422670624
  0.01466289397498828  0.01570255595931041  0.01675949771777616  0.01779687732319079
  0.01888036312500147  0.01999543757785274  0.02116069578279667  0.02231539767544655
  0.02346033858601203  0.02463708881266545  0.02584705062030406  0.02704390029959772
  0.02821626698834282  0.02938385708177152  0.03055157994528129  0.03173457479197732
  0.03309981399985953  0.03448483715666353  0.03588877419171356  0.03727855829490792
  0.03864471448704723  0.03998718133461958  0.04133769047833073  0.04273879086545362
  0.04416325752022898  0.04563396582350759  0.04713274882080735  0.04866514971629427
  0.05019871473070577  0.05169365737099836  0.05317713016200356  0.05472436139352124
  0.05628090977800281  0.05788962649059592  0.05951156414026022  0.06115558367843363
  0.06281371314827949  0.06447422225188376  0.06613425276190607  0.06782508129436206
  0.06951623478223425  0.07130691011342750  0.07318933434893414  0.07510388911737863
  0.07697861539004142  0.07887625820799125  0.08075955200443238  0.08270528571553218
  0.08471218040573972  0.08676340898018836  0.08887227112131341  0.09112119819027896
  0.09345314242772544  0.09611033143503803  0.09882268869552865  0.10155761552182246
  0.10437363544786928  0.10728851094558350  0.11029716979263365  0.11337345993725709
  0.11639297341108584  0.11988889914286978  0.12417481243274438  0.12889539203206915
  0.13388847832633613  0.13926748423444635  0.14508354104370882  0.15144928133242219
  0.16137271165696054  0.17742063726235302  0.19535268325958807  1.00000000000000000
  0.01002984547914422  0.01463120616595449  0.02341747095818447  0.03389552887972794
  0.04423345087190284  0.05470973865741893  0.06507809097834584  0.07523635576660226
  0.08528048088413714  0.09506602654285441  0.10504979838446631  0.11536918185382897
  0.12606845142456591  0.13719212970847439  0.14838457362570831  0.15926878755204513
  0.17003606897342574  0.18049681436446188  0.19057756538968440  0.20038439506059993
  0.21039801389774451  0.22074120258008967  0.23080799241885616  0.24062764950289464
  0.25020620067610472  0.25986712805864953  0.26947515735075089  0.27915099036008123
  0.28924216486509452  0.29932554572349473  0.30888223257059699  0.31829412990619604
  0.32780512287757424  0.33748006342156900  0.34734827374011096  0.35786408072865056
  0.36868984399115029  0.37887064566985779  0.38848868483377136  0.39793659028692890
  0.40740461363952657  0.41721636996070705  0.42771744282315743  0.43862372298431335
  0.44932535787278755  0.45971816848416136  0.47011048958651130  0.48079885948704010
  0.49130482677741488  0.50161484809412737  0.51210502490811916  0.52264766717479028
  0.53341611141721768  0.54455996288346309  0.55593819698990077  0.56722799269515067
  0.57824423935192470  0.58927067659004917  0.60042844636748460  0.61140599802609108
  0.62232183383617612  0.63360650740438995  0.64495440952082950  0.65584605393494966
  0.66653276952463913  0.67699416395619549  0.68726470791807937  0.69694866330329597
  0.70659044119932279  0.71592625583206471  0.72506810903065511  0.73412967621128644
  0.74304608074241951  0.75275022486044085  0.76352792026367344  0.77457628909128728
  0.78553242544366397  0.79677148707175516  0.80826590391147202  0.81936920595790441
  0.83021361014510942  0.84157202104766682  0.85402785275964765  0.86550751369596124
  0.87752728902723853  0.88981766476511059  0.90126287018378071  0.91177863785791513
  0.92198793108453381  0.93205254443947483  0.94237923337020590  0.95228090704669599
  0.96317562569327542  0.97479529616419203  0.98749589371193813  1.00000000000000000
 -0.00264405966882787  0.01064677585407226  0.02133238492298594  0.03198139071740064
  0.04237601607660228  0.05257576380307268  0.06319425882749530  0.07437451194418074
  0.08550161321870149  0.09617193827548710  0.10742606235577656  0.11927646319005522
  0.13062161912185985  0.14131984032035641  0.15216691943214264  0.16302623413141537
  0.17327117075581530  0.18319450297826836  0.19327645414513664  0.20366809154492485
  0.21439279607527800  0.22525457227357826  0.23608412442082743  0.24695447311878926
  0.25801478880873646  0.26920860090103566  0.28024866347172855  0.29099999292923767
  0.30124102823187393  0.31103250091051937  0.32063731374503041  0.33005973038073050
  0.33952413167002521  0.34876744432498868  0.35953176920488394  0.37131420453861497
  0.38302673864224274  0.39447156739306311  0.40598972957585761  0.41716396283310508
  0.42728154973712423  0.43712519795035076  0.44744884499537474  0.45813151550733072
  0.46853601227735919  0.47898665042215499  0.48977462082812873  0.50071180670078363
  0.51141153852623211  0.52177899697922470  0.53178194946261836  0.54181337737413360
  0.55194241554125534  0.56198692344117862  0.57177800958040126  0.58165883126489049
  0.59207028824625141  0.60283883368387092  0.61352431543218888  0.62431007802718552
  0.63529766890573713  0.64613893132814970  0.65678132903749942  0.66749479316912108
  0.67884749990502902  0.68998039962434221  0.70064626605298019  0.71102338618036576
  0.72124279775604250  0.73108737721518469  0.74051572422402223  0.75022612264048416
  0.76054040829582314  0.77110754711249629  0.78122270628212531  0.79079142146379511
  0.80021155710872804  0.80947217889214307  0.81848495361918183  0.82745376547728289
  0.83687790775197768  0.84689487144473685  0.85743279417669060  0.86798384442262433
  0.87882249482846608  0.89016113665121555  0.90170670189996671  0.91368965301417948
  0.92547253275497776  0.93749053746584921  0.94977571770427305  0.96114365684246605
  0.97136542689803984  0.98115995694443003  0.99085053655542343  1.00000000000000000
 -0.00285870440852608  0.00987231149261672  0.02102460452047730  0.03234560656320547
  0.04371102300785712  0.05527331913538184  0.06604804638884322  0.07636115543922563
  0.08679458375010424  0.09730020521470426  0.10748483776650994  0.11739433495719286
  0.12756125562243692  0.13802579495633527  0.14835894041986850  0.15834250316791540
  0.16854878316882338  0.17950923365657581  0.19043812157081455  0.20118447566837536
  0.21171268671363275  0.22187641144574960  0.23214844979812008  0.24239265802406915
  0.25279172985110299  0.26309917995854198  0.27338018560016891  0.28399377254546976
  0.29508453041445026  0.30650457319382995  0.31740708145353275  0.32755862869163183
  0.33800661659898990  0.34888485372162603  0.35956540152581390  0.37066943995332652
  0.38332299147925664  0.39773339816168291  0.41203417138207887  0.42383028503950421
  0.43490817166759804  0.44475595186314426  0.45469203058695518  0.46452017490412428
  0.47463397355952536  0.48470978285331451  0.49449613359672279  0.50374251726400832
  0.51269330761329113  0.52169818837763504  0.53093650642932133  0.54024298946266158
  0.54957963814098010  0.55923534561791666  0.56930429827835338  0.57970465203241139
  0.58972494069891312  0.59919195660222158  0.60862377714175797  0.61837077336461987
  0.62859355194823674  0.63924100642324111  0.65070076544637390  0.66278979425512297
  0.67445683906547216  0.68554574470213681  0.69572065048498122  0.70609877700086454
  0.71623549457099100  0.72637605493615498  0.73670896060436386  0.74701965528272185
  0.75870811654666259  0.77030881513121996  0.78126498046066029  0.79194995367783327
  0.80229104800803397  0.81252813091145715  0.82209631872017996  0.83155354213384136
  0.84125133702774813  0.85160169202310776  0.86235241445360256  0.87271541701727651
  0.88182149727030590  0.89044632252013833  0.89973208295387197  0.90970606811248433
  0.92003468647575082  0.93054358708782825  0.94181287816340942  0.95387817812204556
  0.96597658932226960  0.97734356207044071  0.98873602396813820  1.00000000000000000
 -0.00248543193453454  0.01051147721149062  0.02140795294524821  0.03206237532012592
  0.04311157781408490  0.05307212833615450  0.06316743940796390  0.07251789589779911
  0.08242907871934713  0.09205581556437778  0.10155077937427581  0.11149843680932353
  0.12188657697241988  0.13275525321215326  0.14367588779790405  0.15412938673208351
  0.16404038398233806  0.17400129223440586  0.18389871560247142  0.19385609439662452
  0.20339803157836392  0.21339459283054779  0.22415386494524620  0.23558917428583295
  0.24861772257636530  0.26186966611035850  0.27463154885715124  0.28507110983421313
  0.29550079262064499  0.30639068386165064  0.31718617922486608  0.32786462733406058
  0.33860181415835294  0.35095693708844039  0.36263009266461949  0.37464312787429777
  0.38484307586903155  0.39481313121415551  0.40424258688001613  0.41384721373329619
  0.42424127620581192  0.43516299727985353  0.44645458390625087  0.45793072707933780
  0.46880338993924509  0.47938804851035627  0.48991805582096565  0.50084251781958256
  0.50997389863447562  0.51912254230792954  0.52786821586569987  0.53696051449149318
  0.54621991491310706  0.55537491392080607  0.56508950797407620  0.57595622072170316
  0.58686792108449026  0.59736414227573287  0.60794613198180469  0.61862282759768927
  0.62908972619951997  0.63929066792776568  0.64986213032347395  0.66104723240885188
  0.67245198850072363  0.68382767691485180  0.69629830833861284  0.70931011662929688
  0.72045955562322939  0.73133942708261590  0.74204443071572734  0.75302070808788713
  0.76401139667112961  0.77490947311035041  0.78549162396374539  0.79581001733744694
  0.80589004472357451  0.81606945899631955  0.82588697236759157  0.83581485542033418
  0.84660820935262771  0.85749122579591941  0.86815365105937170  0.87870127545752941
  0.88922129743238498  0.89943418573291889  0.90945339501637545  0.91983257799165308
  0.93017040704418108  0.94011998736100100  0.94961834922036525  0.95927015736361154
  0.96943764678118982  0.97947469148416622  0.98968293698486964  1.00000000000000000
 -0.00277318597925880  0.00927618790774983  0.02009997345562814  0.03066593066303101
  0.04143340388804161  0.05274332767994398  0.06470783166810616  0.07634938544667125
  0.08724934207892304  0.09734886165155880  0.10704712706528760  0.11682635766165968
  0.12695968166031446  0.13736794997023918  0.14784851742555086  0.15876396457544306
  0.17009956091599543  0.18134501345783599  0.19219866628338908  0.20295647310715340
  0.21398900352020453  0.22516843050209223  0.23659629123635043  0.24759458787725888
  0.25744786635990596  0.26694141718221931  0.27672063876940656  0.28681475597655959
  0.29717938716750486  0.30811934247342820  0.31987275635234153  0.33137921618532401
  0.34233030954361587  0.35294375721686716  0.36339577269745038  0.37403004132018330
  0.38437273588815868  0.39449682414475712  0.40418230967924018  0.41383781587392210
  0.42388016415381014  0.43400200133910743  0.44387531980542533  0.45384774047829746
  0.46421583745189549  0.47472471929570731  0.48495771161054785  0.49458656896143188
  0.50389378482314284  0.51277935503662486  0.52146724520944199  0.53034668589814271
  0.53978090080982133  0.55005764773875454  0.55990841913916300  0.57013137873713315
  0.58077296638660236  0.59215604662528143  0.60378690196052409  0.61561985450800771
  0.62801351231674285  0.64089420769509231  0.65453488646958657  0.66775338770684500
  0.68071450900181407  0.69230038647246639  0.70328404758872842  0.71331257556493388
  0.72326325649961409  0.73302872924003359  0.74293252293291268  0.75273519944656808
  0.76218776012501632  0.77124646545152686  0.78048034320034065  0.78994693042868047
  0.80003575015907702  0.81033945237320026  0.82057408594345604  0.83134487445325689
  0.84225678314562891  0.85386286548607915  0.86601057131150228  0.87805818899827304
  0.88897278780203870  0.90042914796581763  0.91132771804218660  0.92165064213962888
  0.93124556905398725  0.94130264507262673  0.95196463872573844  0.96241438899153953
  0.97199184940776995  0.98111432518044905  0.99050778594902333  1.00000000000000000
 -0.00210354783970999  0.00743578328606805  0.01599500387898372  0.02452333447264770
  0.03345039697265002  0.04276229198434445  0.05240502516036592  0.06199116970131572
  0.07148977607023253  0.08139804392428045  0.09138760304828837  0.10095568430304186
  0.11028217831220916  0.11955011468182111  0.12927288513361579  0.13940619415101860
  0.15012187618678802  0.16142912871966603  0.17260202858239898  0.18370041391977443
  0.19480889193208745  0.20616366873840991  0.21747293330405038  0.22848156159706151
  0.23904386258017840  0.24959133259554536  0.26066937158993786  0.27212959893836186
  0.28370000850013266  0.29542201765562459  0.30733563604315145  0.31916324201240193
  0.33072611716824618  0.34247164176270756  0.35428033495186206  0.36601989318205541
  0.37789619402328528  0.39019516254980613  0.40238259357747447  0.41399626701392461
  0.42575992080438352  0.43749972695003392  0.44912666118750111  0.46105313529228109
  0.47323325785260845  0.48577962164591448  0.49818358716990363  0.50990050752045812
  0.52151730913302630  0.53351212178014340  0.54566158592814751  0.55722843543379807
  0.56874026010656686  0.58093577520790041  0.59322953020906133  0.60592425530756788
  0.61846762633497498  0.63110180662469706  0.64383065282395624  0.65626038673831932
  0.66835181511245478  0.67996903617543569  0.69163971564570281  0.70315249821868253
  0.71480880406453162  0.72648198378346374  0.73737666618796416  0.74783906102669495
  0.75811562569106983  0.76809113154818354  0.77797096423277545  0.78786728381096638
  0.79779242829894159  0.80741347900899407  0.81678370466775296  0.82615608559849996
  0.83542484753039659  0.84464178350681107  0.85421238679016598  0.86433533459883694
  0.87435422430438647  0.88377538537303424  0.89311544830612466  0.90208717915588765
  0.91045459465598721  0.91857081779822558  0.92637822951974669  0.93432131028052301
  0.94228129293295004  0.95045746863350422  0.95886916810397771  0.96767855209843856
  0.97612446483524373  0.98422323941918843  0.99215689280422903  1.00000000000000000
 -0.00228339407414667  0.00850112292627848  0.01795894846977220  0.02838257624949550
  0.03933338914446146  0.05006966588351482  0.06110687615971132  0.07194471066953348
  0.08279882773523613  0.09313825729427656  0.10348236859488227  0.11485896244660423
  0.12593873532469013  0.13687338612913114  0.14764582879654631  0.15870836106393893
  0.16973704163178424  0.18094180428716597  0.19155001664747348  0.20239377335551600
  0.21346465010291882  0.22451717831876988  0.23571217149892826  0.24707083116168621
  0.25927043319236387  0.27044022061912459  0.28052618433214394  0.29007583166751227
  0.29933592167590622  0.30840594389123227  0.31742477462540547  0.32674222329503960
  0.33642924070561880  0.34620735821500498  0.35601080300902921  0.36559109427406894
  0.37506021361359188  0.38444790034340015  0.39406857529340561  0.40394405400105249
  0.41370738791795303  0.42313066248163922  0.43239479882747733  0.44188848777613993
  0.45168981682675485  0.46224806980013816  0.47384546465437816  0.48576922323458083
  0.49752057548354561  0.50938458258073005  0.52108729688206168  0.53204840339486414
  0.54209691545352090  0.55213920773340464  0.56223957987226203  0.57241228416510370
  0.58273004872253098  0.59318084799397031  0.60355306960814481  0.61390010732953082
  0.62413418357422101  0.63496019639096035  0.64599916107419530  0.65661686688254184
  0.66717045513420381  0.67774579157980985  0.68812632502534221  0.69789025532377236
  0.70747401245139152  0.71785699155947369  0.72880231857928623  0.73980114420618759
  0.75090754123278181  0.76239100304970575  0.77419070261103640  0.78610856984632282
  0.79728546798317668  0.80745167509408666  0.81703664524552788  0.82652465263861785
  0.83640793538571234  0.84610388148514482  0.85564204683234624  0.86554663991009684
  0.87590427528831061  0.88657855807576502  0.89733207452073949  0.90818052218191958
  0.91915578056790670  0.93015481690608759  0.94146118219263153  0.95246252104342077
  0.96373499331768242  0.97593572532328632  0.98763807358788847  1.00000000000000000
   7.8403529201352503E-010  -1.0000000000000000     
 T F T F T F T F F F F F F F F F F F F F F F F F F F F F F F F F F F F F F F F F F F F F F F F F T F T F T F T F F F F F F F F F F F F F F F F F F F F F F F F F F F F F F F F F F F F F F F F F F F F F F F F F F F F F F F F F F F F F F F F F F F F F F F F F
  <DiscreteSampler_grid>
  grouped_processes
  1 # 1 for a reference and 2 for a running grid.
  10 # Attribute 'min_bin_probing_points' of the grid.
  1 # Attribute 'grid_mode' of the grid. 1=='default',2=='initialization'
  0.0000000000000000 # Attribute 'small_contrib_threshold' of the grid.
  0.5000000000000000 # Attribute 'damping_power' of the grid.
 # binID   n_entries weight   weight_sqr   abs_weight
    19   10   7.957113483553508E-003   1.438106860984228E-004   7.957113483553508E-003
    22   10   5.166850242914449E-003   5.094392617668967E-005   5.166850242914449E-003
    25   10   5.170719512368203E-003   4.401044224740238E-005   5.170719512368203E-003
    28   10   7.657921805880373E-003   1.363597196084240E-004   7.657921805880373E-003
  </DiscreteSampler_grid>
