 -0.00172076505439089  0.00618666957633842  0.01348855221232760  0.02082326631334345
  0.02831833026013167  0.03589983954490127  0.04355683830884212  0.05130995508767468
  0.05913878967078424  0.06705892017583238  0.07507446938591322  0.08315706322804631
  0.09135353320425292  0.09963602036814286  0.10801851373704142  0.11650543238104796
  0.12506753936686299  0.13374612115591808  0.14249886957573046  0.15138024794133031
  0.16036304137134202  0.16945675888831468  0.17866936879590445  0.18799366521702707
  0.19743399092895025  0.20697248336464363  0.21663225720251930  0.22640740555964745
  0.23631279299122765  0.24634087118052883  0.25650682587535828  0.26680510039588518
  0.27722764202838795  0.28777502286112888  0.29844549675468307  0.30924864076564496
  0.32018492543179111  0.33125708372057711  0.34245889304966409  0.35377611119677288
  0.36521903650896492  0.37677708091883461  0.38846151440457627  0.40026156127833173
  0.41217992419107941  0.42420917122976265  0.43634066898390417  0.44856654725500500
  0.46087518715389786  0.47327702377406877  0.48574220766105825  0.49828135274694568
  0.51086701432647330  0.52349765608204879  0.53617616543306235  0.54889819429143138
  0.56167036267478820  0.57446163966411445  0.58726356438937466  0.60005608267825139
  0.61283171379552370  0.62556914871872793  0.63825435409383691  0.65088080284488403
  0.66346439263831425  0.67598685880805720  0.68844040552858110  0.70081532040460970
  0.71310785675572230  0.72531791851555216  0.73739992304909552  0.74940678196996235
  0.76125505743649657  0.77302107409270071  0.78462445233728528  0.79614544523142805
  0.80751968312002187  0.81878714413757292  0.82991479999585815  0.84091460562237597
  0.85177532482740037  0.86250398954591334  0.87311030429808201  0.88359674493597018
  0.89395996437368264  0.90420415845167723  0.91431438579613200  0.92429557907337956
  0.93414384909729808  0.94388565821215853  0.95350381661107453  0.96302530683825815
  0.97239839771838388  0.98169499815343542  0.99086349417783437  1.00000000000000000
 -0.00238098180326304  0.00988774196777326  0.02018924477919198  0.03077548665527402
  0.04135068266810640  0.05187720094062523  0.06240159812186807  0.07278640182650294
  0.08323210350852364  0.09362215576639250  0.10407803219249258  0.11459334525675348
  0.12515280744928950  0.13570157281291478  0.14621273250195743  0.15666236670515069
  0.16704320112963567  0.17743971690096616  0.18788577854190555  0.19843303349855920
  0.20900152828059967  0.21956801273937046  0.23012363876187231  0.24069608314337160
  0.25120090500730807  0.26170445766321221  0.27218614620010001  0.28276896865267220
  0.29328913660267930  0.30380111179054087  0.31420186705714603  0.32468204443333193
  0.33511200924384232  0.34567009939978510  0.35623290299646720  0.36679110013622562
  0.37731687904479028  0.38787136898949753  0.39838990809514935  0.40882462595477770
  0.41926508396779538  0.42965178311113683  0.44010176192625977  0.45046051650306790
  0.46094406227983897  0.47135916067596556  0.48180195293235684  0.49228279419335641
  0.50279681305740420  0.51324016012313933  0.52372519241462678  0.53429947161025038
  0.54486656452032101  0.55524269563347084  0.56568322079167410  0.57620878142963528
  0.58678228102766361  0.59731213135407213  0.60789737330372118  0.61846698038273751
  0.62897974724461037  0.63948277053138691  0.65004565499538891  0.66053857377913505
  0.67104135807669152  0.68160178892820078  0.69214615288112913  0.70272594501145236
  0.71328221207851272  0.72390287384118568  0.73447102104660178  0.74503210390976382
  0.75559393339261538  0.76617574088592011  0.77683547883450454  0.78751470055372963
  0.79811567927434901  0.80859067847859656  0.81912327938536100  0.82971428361633004
  0.84032804155590779  0.85085827485241938  0.86142129819825741  0.87208817175861697
  0.88279208017270994  0.89346312114612969  0.90404184203699489  0.91468686535756760
  0.92532801167636913  0.93605859853815954  0.94669357292810818  0.95735403938041885
  0.96800213846139671  0.97870310276474692  0.98933970949884920  1.00000000000000000
   9.2302943303865150E-008  -1.0000000000000000     
 T F T F F F F F F F F F T F T F F F F F F F F F F F F F F F F F
  <DiscreteSampler_grid>
  grouped_processes
  1 # 1 for a reference and 2 for a running grid.
  10 # Attribute 'min_bin_probing_points' of the grid.
  1 # Attribute 'grid_mode' of the grid. 1=='default',2=='initialization'
  0.0000000000000000 # Attribute 'small_contrib_threshold' of the grid.
  0.5000000000000000 # Attribute 'damping_power' of the grid.
 # binID   n_entries weight   weight_sqr   abs_weight
    10   10   1.419893679356204E+003   2.136791484710141E+006   1.419893679356204E+003
  </DiscreteSampler_grid>
