 -0.00000001912113366  0.00001827201733873  0.00013467731982307  0.00039156719178611
  0.00077498927977479  0.00130400569270939  0.00193571513351820  0.00262564517242538
  0.00341907946317456  0.00427854095807437  0.00521105712496149  0.00617094711017561
  0.00720034805552267  0.00833248603958821  0.00958163631583327  0.01089467281573337
  0.01229669455240421  0.01363472638380390  0.01494193520401975  0.01623347759265868
  0.01755993908949252  0.01890699952506503  0.02036981389701969  0.02192594426795613
  0.02350595626107299  0.02530602091950296  0.02721845442111120  0.02915646115681617
  0.03101988194127362  0.03292003510450425  0.03496327895765806  0.03682380790375313
  0.03866593141109212  0.04050012620819651  0.04236429551394880  0.04433196757631989
  0.04634891938464884  0.04838451728089777  0.05045207158277434  0.05256863631544489
  0.05485303345604022  0.05719873139481229  0.05958666280531194  0.06187773666605504
  0.06409415923808447  0.06628969525086666  0.06847887371388368  0.07074906130300346
  0.07308144487753873  0.07556450102659922  0.07812216959895930  0.08072878267074415
  0.08326541742457870  0.08568887917266031  0.08810387259731219  0.09058125426025436
  0.09329296707319999  0.09612866035170936  0.09901133926016852  0.10186825593174265
  0.10462979460449685  0.10740360016592218  0.11014198186567012  0.11283433103622932
  0.11551443362263900  0.11824584341460100  0.12111231812526924  0.12423507167568659
  0.12736682854631659  0.13042770481136939  0.13346896480820264  0.13657096065044708
  0.13975102544182938  0.14291065079559334  0.14615215823722505  0.14941443661011022
  0.15256911915251861  0.15574782914001820  0.15962024625368984  0.16418683299956582
  0.16864527784033201  0.17309287672488510  0.17760362849010181  0.18218433622737965
  0.18708508104756164  0.19223648623811976  0.19739218206636167  0.20289045122610588
  0.21142731476915788  0.22038452801765304  0.23017531523364917  0.24164675560939738
  0.25503189314373392  0.27936936887547476  0.30381858617717383  1.00000000000000000
  0.00931939885634111  0.01724466052268025  0.02739794284916158  0.03982382993092286
  0.04937844734084774  0.05993994910064990  0.07058944772893157  0.08116859505377406
  0.09165856430852173  0.10098194813647643  0.11161062737638726  0.12227548584779400
  0.13358517970903377  0.14460389817226213  0.15376515079447939  0.16283951718909356
  0.17183082494106708  0.18041771188341066  0.18919335409405855  0.19783696193957906
  0.20643760945745651  0.21589826033598747  0.22617767355826648  0.23834515481749957
  0.25149619779381460  0.26394715892005471  0.27559161353193079  0.28646275760406215
  0.29743914890197404  0.30817781583612436  0.31813849896274160  0.32761397456512231
  0.33712086227544402  0.34704488904565878  0.35726848092881786  0.36780918355382225
  0.37890731817514911  0.38994566382877549  0.40090873012946349  0.41203813848627807
  0.42329100280381404  0.43485569570435390  0.44736293187658749  0.46022121571094932
  0.47125177989375855  0.48290455716924641  0.49333240585498128  0.50363954368583408
  0.51298529581929964  0.52246220111865438  0.53234174136902923  0.54187402914774330
  0.55135285750768637  0.56103480882951151  0.57066318186119036  0.58062236428924274
  0.59133557934596392  0.60241916218358404  0.61331588820471983  0.62372345700802356
  0.63395793078309315  0.64421762820401751  0.65411445066591778  0.66406744674228591
  0.67433089535958179  0.68392673857220532  0.69305292219328685  0.70255216156765632
  0.71288508868610512  0.72464659836513090  0.73656836209643872  0.74826571900382055
  0.75974202019039261  0.77155962953305735  0.78193505985369771  0.79205186549020778
  0.80228163418597165  0.81191483555882382  0.82232275545906786  0.83301897200100283
  0.84295541203486879  0.85377173029797904  0.86303151837189895  0.87210005281076231
  0.88106643101788273  0.88948418366873994  0.89821818391574593  0.90751315484800477
  0.91708332872007348  0.92743433839043410  0.93872372206830956  0.95112185238926183
  0.96206178405623000  0.97255409213011013  0.98410533872886630  1.00000000000000000
 -0.00001605549287854  0.00016678140760835  0.00041814597457487  0.00077946093891538
  0.00126451004906380  0.00189247151228146  0.00255801649776078  0.00342544070520324
  0.00427749634895182  0.00517159753380880  0.00625199160274381  0.00738074689759763
  0.00849024908434347  0.00975897792232359  0.01122176073678367  0.01276061030573324
  0.01428676241207953  0.01599005718684944  0.01778280985000156  0.01975725543775984
  0.02178545569732601  0.02378273757035306  0.02599908698280869  0.02809684096995227
  0.03020241348267622  0.03229090142574405  0.03439086621993022  0.03645929963365040
  0.03844686480035812  0.04049469295752151  0.04272532000166641  0.04517832093957817
  0.04776177805782061  0.05032946628189746  0.05314505684015301  0.05597981692375619
  0.05874321675368303  0.06163305365562383  0.06438508340297773  0.06714838295095335
  0.07001386999553051  0.07293382032103303  0.07590379404785270  0.07890107606836556
  0.08198550430422524  0.08520099694632559  0.08847560778680874  0.09187351378619343
  0.09564439360871194  0.09969795383484106  0.10390817090317217  0.10829652669739563
  0.11342639960457712  0.11794500369004984  0.12235458314486129  0.12678893524789528
  0.13144801404843956  0.13643219336701515  0.14146363795748515  0.14679809113555262
  0.15192892773340744  0.15688651083577246  0.16192124263511018  0.16725872559367380
  0.17275597277296023  0.17808399894272584  0.18387996959010341  0.18986264478378317
  0.19569783905252569  0.20175678481365636  0.20812244865861479  0.21482810807697320
  0.22210852384476507  0.22999642135875162  0.23813005222240044  0.24623660056797858
  0.25457392943870960  0.26330613778724554  0.27169784862011609  0.28186496064280897
  0.29305871403624850  0.30490940984258569  0.31916862007453939  0.33627437406761174
  0.35276865570685118  0.36882952254126611  0.38564111526937528  0.40384119267735641
  0.42419220840390831  0.44728132496535533  0.47536677446760606  0.51132547086151103
  0.55860300312473954  0.62380800875624176  0.71312346203787280  1.00000000000000000
 -0.00202145695848534  0.00823632177128899  0.01795664086635189  0.02685118705754817
  0.03589534861760730  0.04542437459556091  0.05510655836552647  0.06434554980318731
  0.07209303837546138  0.08006238803839981  0.08886815843474546  0.09840547108781017
  0.10778330007950306  0.11707453069135328  0.12687317635498629  0.13735718630821497
  0.14841338537261539  0.15980124512757368  0.17146283201996637  0.18326675054555169
  0.19451117911582119  0.20554866174657860  0.21628239194836990  0.22726943187570731
  0.23864968907880885  0.24941752476377232  0.26060142082298071  0.27185675085263322
  0.28304250333504943  0.29329641377001231  0.30306110517302531  0.31288190929255977
  0.32291943182036065  0.33292101788466372  0.34274367029938985  0.35337378312221940
  0.36464941276350110  0.37557305718869061  0.38572938235107534  0.39677456035111663
  0.40955897875262515  0.42322369072466431  0.43690717377383204  0.44997088858171191
  0.46153531790369973  0.47250142392367117  0.48236213238017794  0.49205097420131827
  0.50207867778703563  0.51260394094000905  0.52262689290898223  0.53298013179146797
  0.54334739363032314  0.55690494342925034  0.56809221762116913  0.57788705152781028
  0.58713831405803485  0.59632197587270963  0.60620624618671759  0.61641462275153169
  0.62757426272438233  0.64042197175421633  0.65368626798088103  0.66681858079666856
  0.67938177330393446  0.69180632458183700  0.70385341390859502  0.71449450796352010
  0.72482231389546992  0.73526096575298072  0.74473622115826488  0.75445198637635935
  0.76332914299382248  0.77247408561323394  0.78163780063998578  0.79049601860323548
  0.79936302145642169  0.80832306970686496  0.81795287061139144  0.82824643929542063
  0.83874060099264514  0.84926136975655697  0.85997263283154457  0.87124879984933368
  0.88262025652906029  0.89298100613294684  0.90318690355825060  0.91298955075958421
  0.92255770851110397  0.93192695826153460  0.94277479186479662  0.95496800378615398
  0.96679264360651673  0.97805192095755455  0.98889102076099111  1.00000000000000000
 -0.00376269191443460  0.01353526194860129  0.02634644209394349  0.03789899663129888
  0.04930275823640558  0.06050013821958085  0.07062361816219231  0.08008348241956331
  0.08955564399264991  0.09932915178853731  0.10938239199926172  0.11869027193912744
  0.12974873903575654  0.14234789178477344  0.15496996006133823  0.16731725478275741
  0.17952120091124002  0.19137166334932287  0.20372640027493083  0.21331370190671187
  0.22212491099618645  0.23114485313734431  0.23962306081860060  0.24832121877444682
  0.25702382282448366  0.26635806677576562  0.27636539021713025  0.28724320011966264
  0.29818123840059418  0.31002155555681205  0.32185860458891519  0.33377269295452122
  0.34429077141084929  0.35521397039229924  0.36472998723120209  0.37490184028326601
  0.38456546045735279  0.39402409575920927  0.40380129726010855  0.41421489901096403
  0.42567949154323026  0.43661079978448303  0.44613299149778274  0.45462612642577399
  0.46310773970784574  0.47191520089312444  0.48151937654821175  0.49207425231917473
  0.50288600609890333  0.51457932748044122  0.52578677193997803  0.53699955104085140
  0.54877685337585103  0.55907542251223818  0.56999199575839921  0.58104911119786917
  0.59234023832619975  0.60386637453408221  0.61508178753809750  0.62594411051452614
  0.63724082804887627  0.64915586844630591  0.66029344270872115  0.67100816246216310
  0.68149648836071353  0.69239047603732540  0.70365018704887095  0.71516601107389532
  0.72635350933994369  0.73758450242528084  0.74898756403391109  0.76021381708192415
  0.77125077517538199  0.78291945640160832  0.79439894322495797  0.80488777623126539
  0.81426269567372145  0.82311967554821341  0.83197875775968988  0.84084595870770795
  0.85008949149579527  0.85992271097191519  0.87030654148326214  0.88026808113809429
  0.88965924457159196  0.89922000707132976  0.90937438202611109  0.92065692255258269
  0.93233774377383427  0.94268996653265036  0.95225050987187854  0.96288406963221707
  0.97344923636265823  0.98278769041559810  0.99138920343337011  1.00000000000000000
 -0.00091796188129170  0.00984497375855141  0.01866951377077664  0.02674746788884604
  0.03519523390705186  0.04405141267689323  0.05231558070710031  0.06104607007604559
  0.06989366181800873  0.07930323470039162  0.08806643390366543  0.09687572782395863
  0.10544484067052677  0.11410462896953213  0.12278818647590005  0.13165019429316899
  0.14027388750734771  0.14884386892947482  0.15890327045732902  0.16802567577049965
  0.17875950259834222  0.18935219689279595  0.19951117394914988  0.20960576665935207
  0.21963630652630883  0.22959091239651447  0.23935200451567906  0.24885202369733700
  0.25823620307488770  0.26744395978065133  0.27716873437965261  0.28740195299368276
  0.29755949879764515  0.30873518310346298  0.31799225397930586  0.32754514433509474
  0.33726037288347205  0.34687043925472377  0.35615044033293797  0.36492075693119497
  0.37367942508318375  0.38280704902536949  0.39237724541187413  0.40225202405656402
  0.41191415669571951  0.42147229926639446  0.43116197625460539  0.44139450942506364
  0.45208611461991655  0.46229102727445692  0.47204362265813526  0.48197343923822972
  0.49249829702255743  0.50297969891351857  0.51338149289976798  0.52394042875060809
  0.53415981511967692  0.54456303589880450  0.55542653200298864  0.56689630839115612
  0.57911849426451534  0.58940094354054773  0.59874951604966942  0.60767598798489797
  0.61689169752215722  0.62727616195494185  0.63719023400843822  0.64687801444046711
  0.65771896063254343  0.66953323372023088  0.68132058620570790  0.69349131941169162
  0.70538642539520235  0.71775900974103224  0.73072656240636535  0.74364195834461710
  0.75619384152023716  0.77022962576847864  0.78413210486245388  0.79738369557560029
  0.80926816944786084  0.82132957088134517  0.83367227664055876  0.84515774799488763
  0.85595227506990879  0.86810719355856059  0.87987871496424952  0.89207311393872446
  0.90462286677451254  0.91679242088862745  0.93038509898274935  0.94348278018130216
  0.95805405390936316  0.97212899528719376  0.98565742962071423  1.00000000000000000
 -0.00286714562044878  0.01007616163199210  0.02311930932063748  0.03589563520051711
  0.04873139235225051  0.06183989158052541  0.07465024683869832  0.08599756549832858
  0.09657371363644560  0.10637546365139287  0.11564681183684658  0.12559627307357890
  0.13609870929516665  0.14672999597144276  0.15640606241149629  0.16604181278475211
  0.17701021488395025  0.18820926279689693  0.19897472052438148  0.20933851029420378
  0.21911251001398180  0.22845522131833204  0.23793624130981733  0.24775832802163958
  0.25759633877268157  0.26709126667102601  0.27676960987654542  0.28698759424097053
  0.29779480500773131  0.30879579593755158  0.32022163369718842  0.33103132510680144
  0.34233773767595016  0.35379706728883048  0.36377621355752937  0.37463941344779966
  0.38312915182227641  0.39143621241507864  0.39927227485995104  0.40717062774391122
  0.41519601308578885  0.42365258133492145  0.43226497523709784  0.44139049399878461
  0.45077490469422998  0.46058783942059622  0.47064690669413195  0.48115827466969280
  0.49179181046901005  0.50232957066473638  0.51292260651373889  0.52363477159867955
  0.53355215561809832  0.54407898724224457  0.55412288350750649  0.56407065195649742
  0.57427905771866783  0.58466018440031731  0.59496954501109067  0.60510410551253513
  0.61483782689751165  0.62480774210531409  0.63482127363360752  0.64447500066428964
  0.65386422397447130  0.66337383321213750  0.67328938863047116  0.68353729631155224
  0.69344775572319339  0.70332033840529451  0.71396466987309259  0.72503686312327265
  0.73610260882746337  0.74688963913685591  0.75795115494581000  0.76932811893480180
  0.78094678002966034  0.79305612175493267  0.80594808672963714  0.81768468617960577
  0.82838467108142688  0.83937009284832409  0.85060175599039678  0.86144515266920052
  0.87236875858019025  0.88397203289363468  0.89517004547401868  0.90573299261769180
  0.91638482676137045  0.92777521556416642  0.93956659184696312  0.95081672067090928
  0.96172596714313652  0.97264899916505931  0.98462826286671656  1.00000000000000000
 -0.00258287162914338  0.01141802024997245  0.02235737873479007  0.03380192883262388
  0.04484223274552603  0.05585807930801362  0.06731496756309548  0.07925592194199817
  0.09052618695848857  0.10082386870351688  0.11147351368428375  0.12243856852113869
  0.13325866434296546  0.14398238773304270  0.15484812497739883  0.16560403958599410
  0.17590347120577035  0.18598556169194416  0.19627451309078359  0.20654306990255347
  0.21585671476348434  0.22464900036739563  0.23298736714903903  0.24153420815345214
  0.25008227005309563  0.25890462617193688  0.26816263464320189  0.27851292204555211
  0.29001828828599463  0.30237508602443208  0.31510003280270582  0.32683309758348528
  0.33779590645294588  0.35043113319894464  0.36289337129403743  0.37647802823385174
  0.38943797430730082  0.40082199058887796  0.41167322459529077  0.42254040154705058
  0.43340239942633141  0.44296361409887691  0.45195566692537759  0.46082575480903248
  0.47012208086487683  0.47958619427948579  0.48902465592316929  0.49865975344890795
  0.50819183646214350  0.51760802628625402  0.52680590577443320  0.53583007922397030
  0.54473107956732814  0.55332763923442330  0.56195873538419328  0.57158898075833864
  0.58179662024636747  0.59214199841937987  0.60275216888168248  0.61444611460907150
  0.62681825461208618  0.63767262120675405  0.64756367081069854  0.65755908671586827
  0.66826521216290780  0.67891551359101121  0.68865411861379522  0.69803411888118039
  0.70756440108483154  0.71794219267991144  0.72947083287590420  0.74212787946263481
  0.75545571475012929  0.76851188239713186  0.78024656753007693  0.79065461407658799
  0.80014833834756971  0.80925995519568195  0.81943930413602584  0.82990164953292100
  0.84044051171410949  0.84993196122535208  0.85903192373780013  0.86940139611266387
  0.87928386786972590  0.88932629730639134  0.90036402339675980  0.91284004389185680
  0.92514040957186972  0.93745242223653880  0.94848784898991856  0.95993501260057523
  0.97014338489240670  0.98030711339852961  0.99023634040826558  1.00000000000000000
   1.2009107588723554E-012  -1.0000000000000000     
 T F F F T F F F T F F F T F F F F F F F F F F F F F F F F F F F F F F F F F F F F F F F F F F F T F F F T F F F T F F F T F F F F F F F F F F F F F F F F F F F F F F F F F F F F F F F F F F F F F F F F F F F F F F F F F F F F F F F F F F F F F F F F F F F
  <DiscreteSampler_grid>
  grouped_processes
  1 # 1 for a reference and 2 for a running grid.
  10 # Attribute 'min_bin_probing_points' of the grid.
  1 # Attribute 'grid_mode' of the grid. 1=='default',2=='initialization'
  0.0000000000000000 # Attribute 'small_contrib_threshold' of the grid.
  0.5000000000000000 # Attribute 'damping_power' of the grid.
 # binID   n_entries weight   weight_sqr   abs_weight
    10   10   2.685006413571670E-004   1.364450514593104E-007   2.685006413571670E-004
  </DiscreteSampler_grid>
