 -0.00000001010697271  0.00001377847452098  0.00010203598270409  0.00029069964304917
  0.00058259571051098  0.00097265882104658  0.00145776296071441  0.00201606805823849
  0.00264535278333175  0.00332920435915823  0.00407407620132931  0.00485602049185987
  0.00568073544227408  0.00654389837193880  0.00747764034454454  0.00838753816762164
  0.00938753675948763  0.01038873144399457  0.01140009321318448  0.01242917283491022
  0.01346374746623678  0.01450832238605652  0.01562075940315654  0.01680946416894304
  0.01798743360598610  0.01917257461449023  0.02040085490699069  0.02168674186019112
  0.02291605474463847  0.02411507726598363  0.02530195725175627  0.02649745360147731
  0.02781069323593695  0.02914111034334958  0.03047423399022658  0.03180621882163373
  0.03312676053638951  0.03445348849254570  0.03582519660714993  0.03722071247605654
  0.03858143215875817  0.03994550314265021  0.04133069304518647  0.04272494143310612
  0.04415150239522696  0.04563815096144246  0.04716466919494561  0.04869079282204756
  0.05020222505102110  0.05170826548457132  0.05322616968565897  0.05476803359598536
  0.05630559913090264  0.05784217503315521  0.05938280273002822  0.06100570913968908
  0.06277541754605542  0.06453007705177077  0.06626420077923827  0.06799978323821020
  0.06972752125641150  0.07145856695103438  0.07320179885867444  0.07494885169605195
  0.07669878919458574  0.07853575818824413  0.08042808164460218  0.08241657668556077
  0.08449856154160137  0.08654810347971133  0.08861153954650837  0.09076362270888612
  0.09295793469319447  0.09517157399686321  0.09739718150716048  0.09959680324606342
  0.10182414005286727  0.10417427001065183  0.10672358991999194  0.10950772459889174
  0.11253012444653082  0.11554213496463143  0.11860306572915764  0.12174879823763075
  0.12500987364653957  0.12840565164702089  0.13194057818998606  0.13552541473722413
  0.13991631142979302  0.14513074140195648  0.15128961918797806  0.15858554976382311
  0.16764314939084748  0.18177453874656696  0.19351801738730282  1.00000000000000000
  0.00871511637176565  0.01858389479592540  0.02905701456795570  0.03967534144964225
  0.04987400818361919  0.06080467987502998  0.07142574325483185  0.08165253798675920
  0.09208306040825356  0.10269744212749113  0.11325797446191467  0.12399443410272722
  0.13517656376053749  0.14634053467285640  0.15731868404218921  0.16809316997587653
  0.17827446840150052  0.18798355097918462  0.19753241033459260  0.20730209036668421
  0.21699427453584424  0.22663343266348351  0.23605232641134502  0.24550224272412216
  0.25465290902626198  0.26378562673615757  0.27334365653210857  0.28353360343225170
  0.29432094829763905  0.30540787605946373  0.31645445922176119  0.32766134178269224
  0.33875493397690254  0.34967894647316511  0.36061783143658344  0.37127510311623219
  0.38120359828583733  0.39048302359490650  0.39989938638487027  0.40963909315702818
  0.41941662237855287  0.42906951641034052  0.43839582687525064  0.44906393781264181
  0.45995736648565932  0.47137869635334023  0.48317387411870566  0.49521036620538639
  0.50687966642795435  0.51785310135540830  0.52844683708417195  0.53890906950029049
  0.54940412245266146  0.56002604301749348  0.57106693972845535  0.58218882596518262
  0.59300580163979888  0.60352903044357320  0.61395780722000426  0.62437873798538179
  0.63466743321398245  0.64514889583152824  0.65568850218443386  0.66621196363331625
  0.67675561474880985  0.68745863166306043  0.69833778497086396  0.70955315838298560
  0.72099478711494225  0.73192913641466395  0.74221065548511822  0.75251015787854481
  0.76314277925364216  0.77392471665750506  0.78480164949216091  0.79610954798707623
  0.80775318605102198  0.81928132379454033  0.83046074393531644  0.84155399913629281
  0.85277796599191236  0.86422503402714179  0.87573265286663249  0.88651298835419046
  0.89728674655518159  0.90762258326636458  0.91748383532538835  0.92675871965625933
  0.93598952801721591  0.94520190607098742  0.95418694298157403  0.96336827177162865
  0.97254971779906729  0.98241073327028328  0.99102738077097041  1.00000000000000000
 -0.00227125132373788  0.00946537285764009  0.01874842136113833  0.02849466535987710
  0.03829306031077349  0.04805538879520316  0.05780161572508310  0.06766857961942914
  0.07773152518322170  0.08767581519937553  0.09769372836841503  0.10807403603535330
  0.11892820394282944  0.12962048136988713  0.14001131826943061  0.15026369609545825
  0.16075771537794153  0.17102764594442441  0.18119650939327392  0.19163421182508908
  0.20226133438729507  0.21244603101461915  0.22251075442923671  0.23309715884176993
  0.24428316868051403  0.25541664445965745  0.26611755965077327  0.27636823227680379
  0.28606642198351639  0.29581372231607234  0.30573362315213459  0.31622930303446684
  0.32675016918326666  0.33751430079044120  0.34861761780687162  0.36004907167922801
  0.37129494870642699  0.38313806411357665  0.39499087586779313  0.40640213877955511
  0.41818247248213614  0.43032455010492909  0.44198614133176023  0.45322612518134731
  0.46368090250323274  0.47369004520438940  0.48393252898572969  0.49428470470178448
  0.50449796870565855  0.51457527390797153  0.52500165778871788  0.53615014995922627
  0.54760177950923172  0.55893131910515081  0.57056151691754908  0.58205435153328478
  0.59317764243105053  0.60384201378418423  0.61394197202367495  0.62430604823193392
  0.63498382099216033  0.64545532049831433  0.65546781609205085  0.66526396940998567
  0.67508349039212001  0.68525786606261363  0.69582502199343721  0.70644246798221966
  0.71682741362512614  0.72721116396641194  0.73771478337712393  0.74829210925823253
  0.75841856670272534  0.76831090644465028  0.77851038441085996  0.78894998195406940
  0.79946772808600719  0.80992743311280957  0.82036429108235887  0.83040907394939167
  0.84011689699577730  0.84989056983385380  0.86023631259503353  0.87102821366947403
  0.88160523201268393  0.89203122958554226  0.90245034421111114  0.91307886194637644
  0.92372164502319998  0.93486759081401660  0.94607442251372931  0.95729610053312175
  0.96764637528477482  0.97812061965145092  0.98858073029032723  1.00000000000000000
 -0.00256959048900769  0.01029146689365956  0.02146145812717094  0.03314468347943849
  0.04446223491325007  0.05566458750335718  0.06597271186850936  0.07621378929051420
  0.08601291741183152  0.09550595780408447  0.10504170441122607  0.11456819487741464
  0.12398274802714457  0.13430499267715024  0.14511830174507337  0.15627747824584798
  0.16738988631759516  0.17843638234746903  0.18946947594971289  0.20030703179577938
  0.21098465338790318  0.22196239857601829  0.23277626655170286  0.24373440948065250
  0.25426840246874977  0.26513273139313992  0.27593691246066271  0.28714229033267624
  0.29813669957077515  0.30931803616902437  0.32023565551195809  0.33155645516765225
  0.34231837470903331  0.35289196941035073  0.36345024908310164  0.37407483063469948
  0.38476116969940305  0.39616602733926104  0.40832651131685899  0.41981728596420914
  0.43066903890139752  0.44212621757779430  0.45365846519440683  0.46445115969942341
  0.47468947607049750  0.48497510099844926  0.49532489511938238  0.50576718521432862
  0.51637810172075027  0.52692801989552940  0.53720581564935321  0.54730940193656108
  0.55743533671285805  0.56788241130567685  0.57842548967699037  0.58897132182380363
  0.59924521745309234  0.60983196470117329  0.62037597099559294  0.63074687185069456
  0.64057056116696476  0.65034185029030034  0.65953144297213473  0.66924314490736581
  0.67933101599117351  0.68998394503492577  0.70071029539946883  0.71095751796314943
  0.72128421542493948  0.73154192124107198  0.74224422726922701  0.75282301850600675
  0.76352346314440511  0.77412747472174892  0.78464598589599932  0.79491302376443007
  0.80489384304519740  0.81512979704028321  0.82554089635580741  0.83580988082834295
  0.84622080746832751  0.85663102698320470  0.86768026564957090  0.87870430600228666
  0.88996219143934052  0.90108743383110046  0.91159770567105813  0.92158755071764031
  0.93112032926357635  0.94084156651142425  0.95035404536386348  0.95952824246243584
  0.96923988797087035  0.97899310819271401  0.98941376861753161  1.00000000000000000
 -0.00227865093559566  0.00882090724345010  0.01842392932155084  0.02810510086410970
  0.03762745701188210  0.04728990380265997  0.05787433120681941  0.06876955924749199
  0.07941632278622746  0.08958895278509735  0.10036656691418626  0.11180171742581813
  0.12377243279148008  0.13448784998014046  0.14452996703872592  0.15413180886322730
  0.16380529672747313  0.17384766333735693  0.18400456643413460  0.19421045743171733
  0.20434665118770998  0.21451175132164027  0.22476497207337451  0.23513371921093351
  0.24586385883681713  0.25681281249702193  0.26734357307851792  0.27729514482827822
  0.28706981723830227  0.29714237521822018  0.30774759720060663  0.31856368069615271
  0.32926086204626970  0.33958320918866075  0.34982423846524019  0.36047639484362393
  0.37160155286905788  0.38261257778356150  0.39334201161418947  0.40407079444072663
  0.41453958148176201  0.42506938086629453  0.43571997647559524  0.44684149154356301
  0.45785651969692615  0.46853186362017984  0.47939261289141183  0.48965859148548080
  0.50007507345711955  0.50955947746533281  0.51896021806431170  0.52838649437422813
  0.53760844176962608  0.54688713334461692  0.55628083472997236  0.56640416230536794
  0.57765744479251901  0.58898241476475566  0.60040630322518196  0.61205206249695987
  0.62401176180258311  0.63568691904108732  0.64718667887896186  0.65869154686895626
  0.67007314431539278  0.68093166853290710  0.69114831434296120  0.70034019850638474
  0.71012485567345618  0.71982186605692577  0.72963733163006617  0.73898632289787614
  0.74848458993800704  0.75854867955146965  0.76941281985835008  0.78016657001601364
  0.79079078649444789  0.80096083772189397  0.81096662633169281  0.82119097530326868
  0.83141355499742697  0.84152607415395675  0.85172429665815519  0.86259837224327174
  0.87396527430070325  0.88525475183580316  0.89657651245438064  0.90846257162115729
  0.92062313886606062  0.93319177295159617  0.94455046825195543  0.95607228724091675
  0.96730788606610951  0.97893491603743121  0.98954474994920705  1.00000000000000000
 -0.00243442915906074  0.00881017971004481  0.01878849546647128  0.02985409985380237
  0.04110657455924035  0.05270791199549608  0.06402134922927970  0.07520627646052920
  0.08618964274952057  0.09679606133495811  0.10691334527700902  0.11690034961560396
  0.12714807152705612  0.13757771972198027  0.14805437305097005  0.15851524835987441
  0.16977814474303921  0.18122515657464991  0.19297024346299821  0.20449578315444686
  0.21605377421801414  0.22724772332233456  0.23750376422273853  0.24755733692381007
  0.25776807787467276  0.26812482492879947  0.27854198328004581  0.28914067033782698
  0.29993286900251198  0.31039932174063700  0.32066201689385326  0.33099711463934611
  0.34120473618191466  0.35125602736028366  0.36132534509681558  0.37158268282157114
  0.38194307106387615  0.39195321177522174  0.40186759353071372  0.41206067034353577
  0.42262834210848188  0.43385662497484195  0.44560153239007100  0.45755135118514340
  0.46939018207206307  0.48068974362393796  0.49151452280011887  0.50250527807737777
  0.51378493446712925  0.52458304536121059  0.53474396530540358  0.54479938759315305
  0.55484853119727173  0.56457043223453307  0.57427448288059135  0.58436966949999714
  0.59530818151219300  0.60613599046340338  0.61699879751198738  0.62786095430986255
  0.63872857607683986  0.64941458670175689  0.65984352526741286  0.67022947256152476
  0.68079346144706399  0.69167489084427114  0.70293975341153436  0.71413910975264649
  0.72488134473798460  0.73526860980733211  0.74539938511206005  0.75553543360295994
  0.76536433010681959  0.77511333638136093  0.78509388175086747  0.79545222460379850
  0.80551687229366253  0.81529191078405683  0.82492653266840088  0.83475356049340954
  0.84517265620134718  0.85605591540655701  0.86676619325609150  0.87727816820376092
  0.88760991726593119  0.89812388173480728  0.90865916049599660  0.91905619679199380
  0.92955240431914421  0.93991166964057038  0.95009839314688438  0.96036839458571355
  0.97046754031053617  0.98041366702406141  0.99023128469485500  1.00000000000000000
 -0.00181187383756442  0.00761298682969090  0.01620539431738468  0.02485039110908025
  0.03325929517770655  0.04137920490952167  0.04939286785824794  0.05750409063080221
  0.06623740626352957  0.07551642058590496  0.08498965963402401  0.09460021732034439
  0.10419803167397935  0.11397924043553098  0.12382135262772219  0.13364411839585935
  0.14383425302746397  0.15470529989833551  0.16581566648856794  0.17659346402164278
  0.18714175973962191  0.19782655225025461  0.20849153788066674  0.21893348528030923
  0.22948190184145517  0.24023167598718292  0.25061733899383115  0.26091618176719622
  0.27138819829320487  0.28221917757850207  0.29324563242840707  0.30434627746496268
  0.31546369922147799  0.32658943853179129  0.33774406577593002  0.34901820244098397
  0.36044061142696848  0.37178262701801412  0.38272720491960116  0.39343969047528848
  0.40439930054648837  0.41566287676811148  0.42743014957842812  0.43962093120649753
  0.45195063939642610  0.46406015887238483  0.47603139308996767  0.48843407364361918
  0.50082052282294209  0.51348601177683961  0.52561386194788851  0.53787309870002886
  0.54958649579297258  0.56173000568820231  0.57273993261130174  0.58390428155527807
  0.59496065204800863  0.60606990264720650  0.61737020199078529  0.62904240501752129
  0.64131303836374887  0.65338395479511180  0.66547544561607419  0.67751312187095047
  0.68931500340408169  0.70043549345565825  0.71093865896701702  0.72095776286277624
  0.73086435431118635  0.74055643817463057  0.75021076335393122  0.76014991475612548
  0.77025988873994966  0.78090566064578082  0.79161430065999983  0.80226875033922551
  0.81323697242303017  0.82510131383005092  0.83681619683300046  0.84783527448638529
  0.85864335816351856  0.86896149411918755  0.87872960680266865  0.88805582393920468
  0.89769697758902023  0.90762987834834008  0.91752013823479850  0.92693738479898780
  0.93607394428761326  0.94518184769523383  0.95460101620278237  0.96415513685502163
  0.97343725996331487  0.98268539799287913  0.99133115722277598  1.00000000000000000
 -0.00227900695082833  0.00857190888678303  0.01864722033726387  0.02906738096766705
  0.04004088005890163  0.05015305736888307  0.05962503129916988  0.06939369851480096
  0.07952091935532585  0.09003420992970432  0.10026537797599307  0.11051668765612317
  0.12099630002535844  0.13134628862830836  0.14163197054842591  0.15169919232276463
  0.16193641392093969  0.17253264815301170  0.18358070576953445  0.19439774555012412
  0.20475118503872097  0.21515196925527619  0.22578533576116530  0.23626241556920044
  0.24623709887734430  0.25614306224438865  0.26645598011912752  0.27718361490102250
  0.28785606415366272  0.29847745425778993  0.30936889085737485  0.32041195112290671
  0.33183468814079869  0.34298515399116908  0.35407979926155786  0.36447785915887759
  0.37478801026789899  0.38510761083450479  0.39617639695231693  0.40744533475620648
  0.41903846882289375  0.43045044068452970  0.44183453555490088  0.45325126589958087
  0.46439434097713239  0.47542326081558378  0.48646353528238961  0.49733176271892221
  0.50775541480209985  0.51772505795609491  0.52749946420088623  0.53752054310041320
  0.54759671241746810  0.55777218308872212  0.56837632518363390  0.57864332339824154
  0.58919940452458852  0.59964771419782770  0.61076330902759546  0.62195527868460954
  0.63215700629426852  0.64201589578711682  0.65178886528611701  0.66181243037433579
  0.67172578175006759  0.68165015716821420  0.69163314923021812  0.70168908738326619
  0.71167808390836307  0.72159683757583837  0.73184688295658007  0.74240673044077299
  0.75332518054750208  0.76385820461935394  0.77448834665638000  0.78515025600322308
  0.79592135869756775  0.80670120017658664  0.81724023375013710  0.82819611371471047
  0.83952527894998330  0.85103148286681773  0.86256901717914070  0.87416581948958438
  0.88538565400028402  0.89615935151762094  0.90640051925849507  0.91681722974148816
  0.92722348226215912  0.93788574930194646  0.94879767051212094  0.95939898846519833
  0.96952111319918344  0.97965975705554509  0.98979914570073524  1.00000000000000000
   1.4423375659931759E-009  -1.0000000000000000     
 T F T F T F T F F F F F F F F F F F F F F F F F F F F F F F F F F F F F F F F F F F F F F F F F T F T F T F T F F F F F F F F F F F F F F F F F F F F F F F F F F F F F F F F F F F F F F F F F F F F F F F F F F F F F F F F F F F F F F F F F F F F F F F F F
  <DiscreteSampler_grid>
  grouped_processes
  1 # 1 for a reference and 2 for a running grid.
  10 # Attribute 'min_bin_probing_points' of the grid.
  1 # Attribute 'grid_mode' of the grid. 1=='default',2=='initialization'
  0.0000000000000000 # Attribute 'small_contrib_threshold' of the grid.
  0.5000000000000000 # Attribute 'damping_power' of the grid.
 # binID   n_entries weight   weight_sqr   abs_weight
    19   10   1.469772506238044E-001   5.236062426049808E-002   1.469772506238044E-001
    25   10   1.369908673768445E-001   3.359080382757391E-002   1.369908673768445E-001
    37   10   1.339547652312280E-001   2.622221010707596E-002   1.339547652312280E-001
    43   10   1.207043202393486E-001   3.213928238579686E-002   1.207043202393486E-001
  </DiscreteSampler_grid>
