 -0.00000003754519631  0.00007554629513911  0.00062323935766312  0.00184245609716518
  0.00385821231978940  0.00633162967571729  0.00938065775571115  0.01307835457071764
  0.01696272310182708  0.02081560952623920  0.02457658694597383  0.02857922879223440
  0.03286216222307031  0.03760272121156134  0.04208763309950230  0.04657693482590103
  0.05145222771583841  0.05639654845721338  0.06145355868831070  0.06662068065812247
  0.07166347161658009  0.07653131807489551  0.08168543742691788  0.08706548266619585
  0.09248573038925904  0.09786007022049412  0.10309397978057999  0.10810774315809381
  0.11281530530439543  0.11748218781312775  0.12226352970189484  0.12715288630761981
  0.13192828680389618  0.13671384716322116  0.14145501236846031  0.14646664225508937
  0.15172510560386746  0.15720222319889299  0.16270725746799322  0.16788583255126627
  0.17279071572803886  0.17759644824963922  0.18237527342794257  0.18736780975011577
  0.19270080788272662  0.19799209448534352  0.20281794004965661  0.20760759574088539
  0.21222238562237233  0.21654305136806945  0.22087753330825005  0.22573007085476354
  0.23108992807733506  0.23679466929824738  0.24273667869525264  0.24890299463981458
  0.25570310955933900  0.26244307939009831  0.26885602018552313  0.27496092992401772
  0.28083607462460453  0.28680154065143748  0.29267478861566054  0.29831242081117759
  0.30418081801474900  0.30984694716390343  0.31539754410387716  0.32109041900351215
  0.32703898577999074  0.33293410507218540  0.33986582948248684  0.34706017333865480
  0.35423252792413756  0.36141398667107999  0.36824667165914005  0.37520422204377252
  0.38234131433786733  0.38974921957814690  0.39737955034338807  0.40503913842590966
  0.41258876647335219  0.41988210323938746  0.42678663816000756  0.43468843360727388
  0.44350612509627763  0.45328045848222287  0.46334584241988758  0.47381704701203342
  0.48522388977340619  0.49772310582091361  0.51184922092289054  0.52771522205687693
  0.54734087619526284  0.57022735127740953  0.58224881123988803  1.00000000000000000
  0.00964215324880656  0.01556691791160572  0.02262902862020374  0.03074113198131063
  0.03831229322031618  0.04631520298383780  0.05515659425538211  0.06453595621892491
  0.07478273506656649  0.08549765290958194  0.09640414510197362  0.10692359210296726
  0.11818344412415657  0.13168645420277933  0.14667030199049014  0.16145711203282676
  0.17543569462888098  0.18890881441437479  0.20210866849409756  0.21506186796384338
  0.22894980990081970  0.24380943552106660  0.25777429276971031  0.26925726671830863
  0.27964691575409162  0.29024190721802667  0.30065792534962310  0.31133232418294032
  0.32194551482982559  0.33277207167494188  0.34316250773464924  0.35290017460090289
  0.36226104378420848  0.37237467960932247  0.38267904303642414  0.39103656646566998
  0.39848736905222992  0.40704116529195095  0.41652787422161958  0.42814484720372697
  0.44036095912631401  0.45370141342108122  0.46361203067158657  0.47147332286454191
  0.48012126474368738  0.48961008579644122  0.49882071171791459  0.50730708946428416
  0.51520717462194854  0.52448657875882487  0.53516908316194289  0.54648068063780897
  0.55837179855824204  0.56936053281694954  0.57977811719746331  0.59101882843359299
  0.60290686546516370  0.61479299524614239  0.62611938626951147  0.63684643474186231
  0.64720414669323334  0.65738153415122591  0.66732086757332809  0.67603320828809077
  0.68391725887865595  0.69184882302729089  0.70067016922832448  0.71013971967650669
  0.72030731416386173  0.72955163010016044  0.73799628064548917  0.74628490154605143
  0.75590174190627302  0.76647983065376113  0.77686074707029151  0.78540446837742461
  0.79502656231476576  0.80899818120837996  0.82346903496380264  0.83733123492515915
  0.85063844547577461  0.86367948429542674  0.87563783136692230  0.88516595134572063
  0.89367388283473626  0.90282341033697922  0.91234332360959591  0.92079437903834238
  0.92812396982307299  0.93592906704022694  0.94495225374005398  0.95564881684685032
  0.96548685287652036  0.97480841074134872  0.98576607767440039  1.00000000000000000
 -0.00001415955604927  0.00013052797965111  0.00030623911265290  0.00058856528407798
  0.00093104523985412  0.00129719709501304  0.00174916237137152  0.00235176480678633
  0.00294713716219535  0.00358551294692103  0.00415409199778581  0.00472181535673019
  0.00553120270293248  0.00659875436463050  0.00765077332838428  0.00874150666112611
  0.00992992110533825  0.01113384283198199  0.01229020513200862  0.01349062912712204
  0.01456745772305655  0.01562058594713697  0.01669124411642758  0.01778903064987183
  0.01897690652396139  0.02041726941673581  0.02193532315506281  0.02355804117297471
  0.02536761017587774  0.02706900670423607  0.02861628944099738  0.03018368525896546
  0.03183476609764026  0.03343084070000912  0.03492299560690727  0.03644502068487016
  0.03819216684595714  0.04028591663537769  0.04258627974528047  0.04480307026634565
  0.04758561051917099  0.04995101067036337  0.05196886023505417  0.05381094527951945
  0.05568363739439132  0.05757706567493948  0.05942929384936387  0.06131962561859621
  0.06318702237255079  0.06509040845255548  0.06711375565725999  0.06952804986302782
  0.07220981573786699  0.07500692931464936  0.07779573654842267  0.08043358000643616
  0.08307505961219178  0.08611682216737214  0.08932460765697710  0.09293723292023352
  0.09642791466031621  0.09993765458583199  0.10374952728180856  0.10779427038530821
  0.11150072047854272  0.11539136174089397  0.11921439519354511  0.12296121016780412
  0.12670907752984156  0.13055857369054097  0.13469672511340477  0.13919641620169623
  0.14396918920033941  0.14897310647716006  0.15423382534585023  0.15985087504042284
  0.16592422604361790  0.17180510206367827  0.17767744067507221  0.18412775529856232
  0.19116481896230897  0.19845595204549196  0.20624788017467011  0.21451714330574545
  0.22281712553209776  0.23200880857837269  0.24144444915945795  0.25253907540110365
  0.26515839636209937  0.27850315670597414  0.29528391675738114  0.31660906349787854
  0.34382011465614709  0.38600622168593662  0.41484267547134729  1.00000000000000000
 -0.00221373916508013  0.00742475235325868  0.01649180027863063  0.02484262363437362
  0.03263523459361054  0.04001232071126201  0.04660144258639513  0.05226396632548917
  0.05812114977389308  0.06403191274347962  0.06992419231369201  0.07567275363281689
  0.08186965671144954  0.08853859140108720  0.09618903217356693  0.10380440645792345
  0.11144199514158511  0.11855683896162511  0.12509887018528060  0.13149229277008065
  0.13780145739268312  0.14407903976326070  0.15013409691191076  0.15584019139440500
  0.16192031782144028  0.16877802864162808  0.17602336733332882  0.18324119664508928
  0.19028387225096330  0.19713134147897979  0.20447698482026994  0.21291794661697372
  0.22303937807359525  0.23357298855510830  0.24356272619936431  0.25281331170135235
  0.26121716520940708  0.26914431264581734  0.27702723647486210  0.28500919975250927
  0.29308177704861210  0.30090885046404414  0.30869212601845297  0.31644141986549945
  0.32418982010562575  0.33147616915873390  0.33883572181303739  0.34628707938983438
  0.35398769511293471  0.36208703453776137  0.37021728161475093  0.37866936849541849
  0.38781859721136031  0.39726122480529014  0.40657741771101380  0.41626572789167360
  0.42667361662867026  0.43742832688612404  0.44843566648245725  0.46060023683977958
  0.47447486777197084  0.48879976404659420  0.50310245414104671  0.51660248633391670
  0.52841095358075507  0.53926759706238370  0.55019521537542992  0.56169458532647110
  0.57253449252088007  0.58301585223154506  0.59382293219117299  0.60514932080914963
  0.61543165165059788  0.62684814122039190  0.64026840148337283  0.65359001207559031
  0.66550107549197168  0.67768851538246955  0.69030429632842882  0.70317201663515916
  0.71538626406658168  0.72858349660919597  0.74479702199565179  0.75845118844583059
  0.77340849875957851  0.79059058774072100  0.80554586485123403  0.81940126048701289
  0.83395404741968204  0.84950274767585698  0.87122860521988321  0.89555360358671598
  0.91961539840595330  0.94497679407052004  0.97234904597914007  1.00000000000000000
 -0.00481830292677414  0.01145119278194376  0.02616969773550980  0.03946142478314080
  0.05236625929957027  0.06389264804924220  0.07311921506684464  0.08274748649872775
  0.09097490203109163  0.09973958087639810  0.10836537102105098  0.11687017999319929
  0.12582378484395274  0.13534968665256242  0.14503637076623010  0.15520929794701174
  0.16530992980895423  0.17457861310566050  0.18348339271892244  0.19128129389885443
  0.19958386543824466  0.20896335484928766  0.21859950063325848  0.22774638801364255
  0.23736938916123379  0.24548626456090655  0.25551899804371242  0.26858394786691719
  0.28221776008693883  0.29327491366313124  0.30334254523123771  0.31349757505118142
  0.32446310789015997  0.33577080989059355  0.34651878829630028  0.35738470887833268
  0.36735484750964253  0.37685795525929383  0.38624307489307419  0.39626879247429453
  0.40668569533572818  0.41763935666573215  0.42959308367581672  0.44160324222785868
  0.45194453118579736  0.46113763369877114  0.47042640973284511  0.47978537205575339
  0.48978419580211652  0.50071396664901591  0.51332445316190900  0.52697541995456898
  0.53928184935525247  0.54858712159407252  0.55635414508283487  0.56431210054045888
  0.57272987874530090  0.58130691859569450  0.59004520983278852  0.59889299537951290
  0.60892661722983643  0.62203934121547388  0.63470820663000782  0.64609367471278578
  0.65744764966021407  0.66855008936800231  0.68036969060706542  0.69353816903745236
  0.70604708163863461  0.71830462109094373  0.73020768148329063  0.74241392824357122
  0.75451317956572062  0.76723737002284143  0.78027548164934790  0.79201251864849453
  0.80126280678367034  0.81010795041921213  0.82005008907810939  0.83145147014495124
  0.84279352630332238  0.85289094459256798  0.86401767821706832  0.87502456645546600
  0.88582517613030787  0.89635089709345439  0.90699752161063874  0.91692756189114100
  0.92660433282491417  0.93669701253984305  0.94709834158420036  0.95751508662124885
  0.96753003163182894  0.97841600856191380  0.98961968152759694  1.00000000000000000
 -0.00232840953929649  0.01018371454013949  0.01918021929469421  0.02715856647155928
  0.03487383581511883  0.04382670755921617  0.05352945184080742  0.06270261336244234
  0.07187831993919065  0.08034671138333159  0.09078505086939855  0.10197368589153061
  0.11319895148095714  0.12416257963654721  0.13399534416336933  0.14374393996992266
  0.15489470472337047  0.16632593863102477  0.17670339348393702  0.18677875866283733
  0.19733873095465249  0.20805933519276926  0.21856803886584952  0.22893542577110798
  0.24014364738537231  0.25075638740521805  0.26071642250389315  0.27036665615626987
  0.27949364830600132  0.28852655460746013  0.29680272259750101  0.30488699786479451
  0.31347404545675078  0.32225395345413865  0.33087006202481534  0.33958344176886701
  0.34828400767364209  0.35804133786375275  0.36862057170099105  0.38019131773050785
  0.39173617165767582  0.40415336547048408  0.41623348772941737  0.42736057042178743
  0.43782633936691062  0.44796086014856928  0.45842626609148607  0.46874813508149971
  0.48034440994618499  0.49553484925409236  0.50811978139391412  0.52084694759256789
  0.53281285512859866  0.54502917594424094  0.55755640078519397  0.56950962944334782
  0.58128289740205852  0.59422740540654373  0.60764113574102752  0.61680664800821383
  0.62705471158498838  0.63701926299869316  0.64645569163332306  0.65557138861022102
  0.66425562143555394  0.67639407410978825  0.68844491067933034  0.69927380583703036
  0.70973607401308791  0.72024993260672177  0.73098468087632240  0.74077353246540012
  0.75064113028586876  0.76187374995959056  0.77369721077905440  0.78503908934565769
  0.79485902811001896  0.80517968398625306  0.81662891451718311  0.83070640030608123
  0.84079478987713463  0.84939624496079447  0.85822508422748167  0.86719490857620518
  0.87707986656788317  0.88769703858609972  0.89922342290570600  0.91263581589141829
  0.92651068592031594  0.93829611002061986  0.94715425927777508  0.95581640160367143
  0.96639617330936634  0.97807181696889589  0.98917924706031235  1.00000000000000000
 -0.00284954153797818  0.01377606982140109  0.02477505810582792  0.03488921769963231
  0.04460998041210663  0.05726014087523733  0.06869174587442917  0.07982116858510106
  0.09085031039946301  0.10128222162055632  0.11126973365785668  0.12123454698577656
  0.13102392090898476  0.14008359723863023  0.14911039815849642  0.15854900509693112
  0.16835504067482920  0.17846342675603424  0.18851679141201602  0.19849953942496512
  0.20763901066783216  0.21661332715069700  0.22603043815923460  0.23636822679491917
  0.24687515461030721  0.25683488721240350  0.26644476138881512  0.27545903852731835
  0.28459245116263965  0.29453457346293277  0.30406385599298963  0.31335281920990510
  0.32299224110904390  0.33357342754795799  0.34557272129124916  0.35770168650165912
  0.36911598540247198  0.38018876676777269  0.39206509805616346  0.40420599223209780
  0.41623266359359240  0.42710311491586017  0.43886015323440569  0.45183873492781462
  0.46543892426058198  0.47930229335496921  0.49217614753951072  0.50423008815393744
  0.51540689958492658  0.52531654438183539  0.53458456624050021  0.54353407671806608
  0.55243762466528579  0.56119003344408813  0.56982644321370235  0.57834999395489051
  0.58717293051581498  0.59629993049439067  0.60548631595446889  0.61396696796735628
  0.62260518813617127  0.63124790157707245  0.64077537658128114  0.65034168675196635
  0.65869109963616823  0.66752650063307206  0.67764014143477247  0.68692056835963444
  0.69785275257523949  0.70907803636110056  0.72175092901638072  0.73505639228368513
  0.74810046370396355  0.76022036953739469  0.77123902431413627  0.78259750597254596
  0.79287296132866647  0.80279004662407216  0.81344082280334096  0.82589546813173154
  0.83915234897571123  0.85147057254178571  0.86307003843525065  0.87454898475905773
  0.88515199978232950  0.89480483918694165  0.90427273649643247  0.91425997421413918
  0.92481385411395201  0.93472692660832901  0.94372361484246736  0.95313251639741614
  0.96414615475344911  0.97648143201740745  0.98840085870192318  1.00000000000000000
 -0.00327716794090224  0.01291955531883426  0.02603881637926229  0.03869773795937058
  0.05023636443345423  0.06128830138041391  0.07233714035653592  0.08302347960361786
  0.09384968285716852  0.10584341978128792  0.12004770658982002  0.13199417873048691
  0.14069350366154718  0.14982429900432820  0.15962952095965832  0.17053779373345798
  0.18066524979070589  0.19147195602198933  0.20309751378972563  0.21446651097365022
  0.22505462315760691  0.23493438824613910  0.24407542895396300  0.25365275735845300
  0.26319131913731203  0.27279420594761944  0.28242518674872347  0.29289643065850163
  0.30399824487537408  0.31529618203808918  0.32612332287156082  0.33764274329190708
  0.35062330783552081  0.36297571514351279  0.37484342961377726  0.38667887533072909
  0.39733429667374742  0.40690259119363054  0.41615382352059677  0.42623514593012091
  0.43648889129151874  0.44592800909602454  0.45486114580958148  0.46425748879989648
  0.47447081829850141  0.48539961630797462  0.49662852272485841  0.50798683501028796
  0.51924106796043157  0.53025930855099912  0.54128077461725232  0.55280523772846901
  0.56595518199351535  0.58042108273429083  0.59309009553451686  0.60495775585615530
  0.61673298922122233  0.62826731844525707  0.63890840083462908  0.64911516043706063
  0.65963890424195948  0.67039223803075998  0.68204774954769409  0.69234879840908226
  0.70179208409246907  0.71152461750387164  0.72134029321546334  0.73194432613753246
  0.74228653753035523  0.75322021805512829  0.76515984246775814  0.77643606797441533
  0.78738653410072779  0.79778635778334428  0.80755923184056200  0.81737290881141678
  0.82730626471800883  0.83829559710436796  0.85041925835375365  0.86280841571180289
  0.87479781386156763  0.88517825825853891  0.89344672494465438  0.90062699794675405
  0.90734071702796026  0.91449324182040459  0.92175293385001333  0.92965980680271754
  0.93805113245337290  0.94552976023566138  0.95313374789373750  0.96209736977358962
  0.97106469240426352  0.97980331991359615  0.98980327690330316  1.00000000000000000
   5.0711471723581796E-012  -1.0000000000000000     
 T F F F F F F F F F F F T F F F F F F F F F F F F F F F F F F F F F F F F F F F F F F F F F F F T F F F T F F F T F F F T F F F F F F F F F F F F F F F F F F F F F F F F F F F F F F F F F F F F F F F F F F F F F F F F F F F F F F F F F F F F F F F F F F F
  <DiscreteSampler_grid>
  grouped_processes
  1 # 1 for a reference and 2 for a running grid.
  10 # Attribute 'min_bin_probing_points' of the grid.
  1 # Attribute 'grid_mode' of the grid. 1=='default',2=='initialization'
  0.0000000000000000 # Attribute 'small_contrib_threshold' of the grid.
  0.5000000000000000 # Attribute 'damping_power' of the grid.
 # binID   n_entries weight   weight_sqr   abs_weight
    10   10   7.008636516173572E-004   1.373873813974272E-006   7.008636516173572E-004
  </DiscreteSampler_grid>
