 -0.00000000997987712  0.00001259144019755  0.00009789980909531  0.00028543914461148
  0.00057422242545318  0.00095824738903705  0.00141768322048836  0.00194406264949725
  0.00253217127170687  0.00318345649635402  0.00389861997969438  0.00468112748574011
  0.00550900883564492  0.00635575189467845  0.00730352978500433  0.00822115503478269
  0.00926541986588967  0.01027343394282256  0.01130841566324437  0.01239814918201459
  0.01351420439814058  0.01463999119451207  0.01578634238265472  0.01696316690188193
  0.01811511681807056  0.01928083367274967  0.02049736616809797  0.02174763084371756
  0.02296308860894573  0.02415690582093481  0.02537278515357258  0.02666328168709680
  0.02798614833593681  0.02930680256277410  0.03061785876166645  0.03191637622253156
  0.03321462845127858  0.03452854815215115  0.03588064176451793  0.03731137350122990
  0.03873637540631819  0.04014863365573187  0.04158233833860417  0.04300188262867809
  0.04442916982019802  0.04590619239128755  0.04744969864221862  0.04901478418079137
  0.05057499587554094  0.05213024407334820  0.05369367621965913  0.05526942903365098
  0.05685588626807704  0.05844513807780100  0.06003997816487127  0.06166960490995164
  0.06337633409443266  0.06509361392447244  0.06680684140992600  0.06853407277269216
  0.07029010952927425  0.07207215830331874  0.07385686492519219  0.07565814434794897
  0.07740536893899705  0.07925787485938536  0.08115683275644307  0.08311087639987365
  0.08514739827864766  0.08715776077526821  0.08919200612531000  0.09122393618159956
  0.09328736559932610  0.09539832729120637  0.09753943908546912  0.09971020326835919
  0.10188652280680759  0.10406662027495865  0.10653005279492099  0.10930409333797517
  0.11228298638978952  0.11527638987747263  0.11831062908950009  0.12140721899308474
  0.12460969512155423  0.12795265025584002  0.13143667067795223  0.13506026222092951
  0.13961729395312575  0.14488629375916240  0.15109404353650963  0.15843765155154649
  0.16746028124458595  0.18143359341785389  0.19360535958990976  1.00000000000000000
  0.00953453072171549  0.01572024291668135  0.02506231722870251  0.03574906573716594
  0.04611973560625563  0.05684249174180953  0.06806637494995692  0.07983567854549671
  0.09159110980315009  0.10335097972195838  0.11527880098171540  0.12673440195265587
  0.13766415225593051  0.14820865083607038  0.15848643661444070  0.16877572832125445
  0.17926808736639455  0.18986859252045288  0.20036073116384789  0.21088865650262151
  0.22185776097190671  0.23287402402890128  0.24361966786631303  0.25401341098638780
  0.26420755871048857  0.27494925106225060  0.28629340560026656  0.29724618981203765
  0.30774221846277466  0.31845796560287837  0.32919442591795950  0.33906934568977498
  0.34852592556626172  0.35826518426610199  0.36833675400780286  0.37828570999561728
  0.38830360435732253  0.39858200101779767  0.40959208322171131  0.42056260448540728
  0.43098789448652552  0.44118017131187331  0.45128866162299791  0.46144517443974170
  0.47133974200498197  0.48139208888907065  0.49224287475935835  0.50292817690833758
  0.51287582958117317  0.52278374719707066  0.53248951820868418  0.54260742876779622
  0.55268047680607213  0.56285884634973438  0.57282336915286391  0.58235290904367332
  0.59192239119866885  0.60161419090010815  0.61157894499354826  0.62144175364803556
  0.63119907334309977  0.64092720309967044  0.65092409974115673  0.66132301263095827
  0.67205291779151199  0.68291056677968842  0.69328045647206771  0.70323453448304174
  0.71315200598325490  0.72293858809053191  0.73265132947275025  0.74246321046280050
  0.75241674629558786  0.76243557402133599  0.77250994764264236  0.78286469081406418
  0.79347830526821217  0.80415191388257690  0.81477485446933295  0.82524133847466263
  0.83574971994847946  0.84627927169348183  0.85691736572969934  0.86712195420384908
  0.87739023336548772  0.88820850299219722  0.89908313400139783  0.90941142999838387
  0.91998600668056441  0.93051011966107933  0.94100269657389823  0.95120435123435676
  0.96200867395031320  0.97346280475063174  0.98608075351358493  1.00000000000000000
 -0.00261356594428490  0.01040148874962079  0.02133697815819855  0.03226929369040706
  0.04317815081652507  0.05425992437767821  0.06551100042530668  0.07690616700398208
  0.08764543977636596  0.09784502981607394  0.10779361548825125  0.11796512260538310
  0.12795942189206924  0.13758398799638816  0.14754079439907974  0.15793309741085931
  0.16844314230941232  0.17893833980180399  0.18940521269797325  0.19984693514504193
  0.21050172258615896  0.22110323165779375  0.23187052609820119  0.24214380762698048
  0.25236786547980916  0.26268646824507469  0.27348629623147858  0.28524570120150633
  0.29642859632221380  0.30699681756517894  0.31723352875487587  0.32765648088620347
  0.33771217348238869  0.34742096988285265  0.35721546361024925  0.36681018831604739
  0.37659089497048903  0.38620511722036832  0.39646851442703118  0.40687212925994160
  0.41692118578415482  0.42651693200674867  0.43603120341907631  0.44583855758582663
  0.45563232874789661  0.46510078105660030  0.47455308968868820  0.48480394065376714
  0.49591913715828628  0.50722734680128012  0.51830004686649211  0.52905726396973818
  0.53950613913480594  0.54973294827993968  0.56011187741251767  0.57042383472234293
  0.58054548924212823  0.59074795499991994  0.60108169526968547  0.61157148944937645
  0.62254423529088776  0.63435264594984320  0.64632130273869737  0.65793015656125198
  0.66937156053823021  0.68119409416476495  0.69307861177655017  0.70443138355844259
  0.71595513731506666  0.72744779102289436  0.73798670310391679  0.74836337449483037
  0.75881829486922481  0.76920831313427440  0.78009786386511415  0.79045789430342073
  0.80053753013672146  0.81027846964499806  0.82051408176147644  0.83128768234055639
  0.84187480834900785  0.85239172720422463  0.86226984254772898  0.87243090870905005
  0.88268170166854620  0.89290148358951693  0.90288105524506834  0.91310033820040881
  0.92386969438611777  0.93527428412447622  0.94625825896071680  0.95729134026737528
  0.96833701726494714  0.97923834255631870  0.98980090915634888  1.00000000000000000
 -0.00225455663561795  0.00894239251811060  0.01830686395864897  0.02849159608233654
  0.03888971850708712  0.04945211527243922  0.06009217239193545  0.07111405200872567
  0.08276455632191902  0.09384751824057688  0.10476547098258922  0.11610748805880919
  0.12737189831030718  0.13790800111855947  0.14813976023440509  0.15852768612424867
  0.16912779318874641  0.17880481501487538  0.18859839373103848  0.19832653052393920
  0.20827207661483668  0.21871438999518886  0.22893972022056058  0.23886891472675581
  0.24867321538854814  0.25878411067131923  0.26898795058193919  0.27909537980713772
  0.28931389752400072  0.29996986233890943  0.31058323073118554  0.32088007928132534
  0.33104483185652911  0.34133015996870364  0.35167756359912011  0.36237478555160918
  0.37334157871917339  0.38376575203743846  0.39377301420884631  0.40379397239473297
  0.41371053167010735  0.42409229007330085  0.43464980524047758  0.44544759952740298
  0.45634402573243571  0.46685874242122732  0.47739364807794754  0.48797918210226027
  0.49875728963162541  0.50963095412711901  0.52039574391821553  0.53085379586617432
  0.54152562341243904  0.55275225703968622  0.56372253485130430  0.57404953599015762
  0.58414195672975000  0.59446697525657610  0.60477590075573195  0.61457931229900964
  0.62433741589328784  0.63427088494464123  0.64436929413618582  0.65489928151629173
  0.66579573561001026  0.67712293643048715  0.68838824208285598  0.69950648815140881
  0.71052245030554761  0.72249265563393283  0.73388120029289139  0.74503094290930538
  0.75588878069900167  0.76694741006046463  0.77727226315980325  0.78768469328079205
  0.79799163665657202  0.80817146834858800  0.81827412226409213  0.82849293988490558
  0.83846609001685779  0.84836364579273116  0.85827569045256902  0.86856702625143678
  0.87865304350859175  0.88844327104212550  0.89841529908882034  0.90942410793991957
  0.92074787991888740  0.93379934955837440  0.94522277336630889  0.95650794622910185
  0.96747096767731577  0.97876975626798901  0.98948498405494911  1.00000000000000000
 -0.00282786060694955  0.00983891319608123  0.02105352376224257  0.03259299223810545
  0.04447951761383245  0.05621250293773836  0.06722627093245724  0.07736621363979962
  0.08694689290327877  0.09629226076704975  0.10569336466937018  0.11515530451365463
  0.12465853494167241  0.13403932041131972  0.14343913108121134  0.15335916590186133
  0.16372787316909768  0.17438075146593598  0.18494602165335625  0.19570388328885019
  0.20670559738672228  0.21747350229668957  0.22776518794998346  0.23758281907665371
  0.24728617385899349  0.25719755028226671  0.26721584934660791  0.27770763853159375
  0.28846533463302643  0.29906886327580773  0.30954336123529214  0.31955660230967758
  0.32922830979774659  0.33880874483018869  0.34902892328336627  0.35944778577534747
  0.37062825689167567  0.38215107929857400  0.39414682140775009  0.40561312133819871
  0.41675287280618450  0.42764662215017768  0.43869324621400496  0.44978019108357281
  0.46106763788708349  0.47237058236856549  0.48365872629829060  0.49524785045350128
  0.50666729141502209  0.51794377571019634  0.52840536635251700  0.53817760215222010
  0.54776734129848526  0.55732069624411740  0.56742537965669437  0.57813995250118644
  0.58902367271884082  0.60002493849954963  0.61054852449023889  0.62104159923272451
  0.63154256065096614  0.64253144602319556  0.65367589487509614  0.66506929915731627
  0.67575247138542682  0.68649291300084614  0.69614639038653514  0.70590934786985093
  0.71591920528990993  0.72613860456821311  0.73635612195104960  0.74649121611898528
  0.75693784591487423  0.76773264937042018  0.77835952782835804  0.78894811649865670
  0.79944194040761896  0.80987355026512586  0.81999213488523470  0.83016553759963430
  0.84048686746382795  0.85094072033658152  0.86154545844676911  0.87210924216847718
  0.88275018775179859  0.89334240735077952  0.90357344262822648  0.91348863440642314
  0.92381555033083440  0.93499760007274924  0.94672340044683234  0.95853481098254856
  0.96971263952733522  0.98063993894231705  0.99028506819672402  1.00000000000000000
 -0.00334721467765663  0.01158983141528641  0.02400127720917718  0.03559852875407948
  0.04665191860023685  0.05737982807298304  0.06767613446328709  0.07758860533009716
  0.08713862592086245  0.09657572836901231  0.10609111317294620  0.11546275948210553
  0.12467976092645178  0.13395947309293785  0.14353218686896271  0.15327539657891931
  0.16293236992099661  0.17280312962062322  0.18292107294985482  0.19315845877968549
  0.20336040696708188  0.21361173689660859  0.22412892834381479  0.23466685473017343
  0.24512953428633280  0.25538341840119455  0.26536092830173563  0.27532949713048982
  0.28551570962731126  0.29578873401857786  0.30628459317639078  0.31653930150905341
  0.32686115409921085  0.33720064108051118  0.34713145018632241  0.35650115345609595
  0.36570082256381387  0.37509969057054532  0.38521548174975107  0.39554988874389257
  0.40588216934714350  0.41637776985490199  0.42733617125393791  0.43834861122692215
  0.44908671681467338  0.45981000576911296  0.47067004171018340  0.48155643033483597
  0.49248363371676346  0.50386171192105988  0.51581755233000059  0.52743884164015231
  0.53864699197551680  0.54925011080182951  0.55920471825652296  0.56907836095603637
  0.57882517105917652  0.58903645280137140  0.59978928560899725  0.61107688138670424
  0.62270255675653252  0.63342214143984699  0.64352211097450451  0.65328113319866066
  0.66290093715712861  0.67263806679177929  0.68237315950059063  0.69270853559248902
  0.70354713902075106  0.71454354877460580  0.72567584638628457  0.73661925132802319
  0.74731661178582787  0.75759304755818457  0.76752830904933755  0.77760477164264996
  0.78787455762417624  0.79845129714927099  0.80893220671984423  0.81928096194736511
  0.83001960211020387  0.84140024922341017  0.85316271500267249  0.86462979398690853
  0.87558383755743019  0.88619869399018980  0.89665735858685713  0.90749255574180254
  0.91860498174704663  0.93096006540596521  0.94332301755052939  0.95655660001299192
  0.96769901035753447  0.97912653277921580  0.98977006612825524  1.00000000000000000
 -0.00181971430473299  0.00707213289417179  0.01457964542443329  0.02260198625956259
  0.03071321438804374  0.03885510470955886  0.04724022557811142  0.05594682933889582
  0.06475092570186619  0.07350738596645734  0.08249117157192543  0.09140725447654811
  0.10056156807425760  0.10994772832025980  0.11954473024624965  0.12900992461636959
  0.13830051004565050  0.14768686837325207  0.15725311971125011  0.16687787838018367
  0.17732535998986290  0.18821056133933528  0.19918102821615311  0.21029473852050720
  0.22118767769534387  0.23175694366971913  0.24215214299278123  0.25269797947504352
  0.26340787344373712  0.27462678041918415  0.28630355624475656  0.29858002932643524
  0.31064339689945220  0.32266444541698142  0.33427780559633818  0.34546853085803209
  0.35661226524128159  0.36753892219341128  0.37850422094231445  0.38995831197225694
  0.40152789812864720  0.41362972072256848  0.42644560002451665  0.43978411582951621
  0.45283479305741020  0.46595774890006664  0.47883754123790878  0.49166058448527089
  0.50422020489153607  0.51700149193743827  0.52916810585915075  0.54088163586506088
  0.55244228899157022  0.56404258858877487  0.57579550246146982  0.58779060386262283
  0.59995548895634787  0.61206112255361300  0.62399440844654164  0.63562304389048430
  0.64749620322359824  0.65991802690354906  0.67195161057454589  0.68342844662168978
  0.69501151133591133  0.70652691000448764  0.71746839084355207  0.72809906784976175
  0.73895498206364763  0.74993084351604145  0.76060648033561540  0.77126924178054712
  0.78211443313839180  0.79273642877263395  0.80298425160302755  0.81296181351950014
  0.82295603420722652  0.83273045264905976  0.84219733900894078  0.85162536438771597
  0.86143316403898551  0.87143379161160939  0.88149298507650520  0.89176676647015207
  0.90247523096641746  0.91335231276385132  0.92355511845842886  0.93320921443901117
  0.94249810636205400  0.95168363267321188  0.96080838896477028  0.96903526588687938
  0.97719824299130953  0.98485754738464071  0.99242866343650182  1.00000000000000000
 -0.00237128336450656  0.00908142985359979  0.01872965772151271  0.02922812492347026
  0.03995344780080674  0.05160617914472336  0.06314847593957772  0.07493189486556046
  0.08642515556864298  0.09750005638602591  0.10834107989433332  0.11914238449383016
  0.13022938098556577  0.14152351194496746  0.15257033835240078  0.16326078090495275
  0.17389547171292488  0.18450848031080386  0.19448174002116797  0.20410361152427087
  0.21376587944790579  0.22362722517833347  0.23354116378310394  0.24324221738793203
  0.25350635496515556  0.26420861360608544  0.27530031307716279  0.28645273859660270
  0.29779522323740587  0.30924888759726454  0.32006612167392401  0.33122775501166540
  0.34194886419906567  0.35264986553738487  0.36282311275739898  0.37306728496279806
  0.38263127453230517  0.39195122327300108  0.40140370217910654  0.41096432154809104
  0.42058070631288846  0.42999809829129432  0.43947698057090556  0.44944330655946008
  0.45963525096419999  0.47019137478754464  0.48112364800170387  0.49164476990125511
  0.50222180784717319  0.51324920061801105  0.52415519989096282  0.53424095390773330
  0.54377425723464634  0.55351732834109679  0.56356779971824955  0.57350999233341249
  0.58348412965929897  0.59415144751182480  0.60483769300228474  0.61557201908751236
  0.62587694945969297  0.63687325916063142  0.64796117584865531  0.65896717115927916
  0.66982334345377581  0.68147789090881705  0.69305205704759232  0.70472814023567854
  0.71696936851100190  0.72902191918537018  0.74067878430912837  0.75195496749526802
  0.76327629481593817  0.77383048792446141  0.78359992305442339  0.79288078499390080
  0.80240857215027039  0.81218721152438811  0.82182990443095127  0.83129064720041501
  0.84087718023250768  0.85056707107527507  0.86025537569131083  0.87010677704990158
  0.88031284047845515  0.89058950659400027  0.90092616455587382  0.91178984496487181
  0.92247892825412281  0.93353328807154956  0.94500430038175987  0.95725790214607953
  0.96794629011030175  0.97856837216066039  0.98918983634195023  1.00000000000000000
   1.4278471400961245E-009  -1.0000000000000000     
 T F T F T F T F F F F F F F F F F F F F F F F F F F F F F F F F F F F F F F F F F F F F F F F F T F T F T F T F F F F F F F F F F F F F F F F F F F F F F F F F F F F F F F F F F F F F F F F F F F F F F F F F F F F F F F F F F F F F F F F F F F F F F F F F
  <DiscreteSampler_grid>
  grouped_processes
  1 # 1 for a reference and 2 for a running grid.
  10 # Attribute 'min_bin_probing_points' of the grid.
  1 # Attribute 'grid_mode' of the grid. 1=='default',2=='initialization'
  0.0000000000000000 # Attribute 'small_contrib_threshold' of the grid.
  0.5000000000000000 # Attribute 'damping_power' of the grid.
 # binID   n_entries weight   weight_sqr   abs_weight
    19   10   9.538660388179622E-002   1.633514979312279E-002   9.538660388179622E-002
    25   10   8.895660230027794E-002   1.085363647522312E-002   8.895660230027794E-002
    37   10   7.876147330014421E-002   8.873366489130358E-003   7.876147330014421E-002
    43   10   1.041737368772332E-001   2.028932164891952E-002   1.041737368772332E-001
  </DiscreteSampler_grid>
