 -0.00000375559366342  0.00087336082162144  0.00269135232022295  0.00421095617789567
  0.00562804334455715  0.00724443837115864  0.00891574381482828  0.01072117692932398
  0.01242142703816667  0.01376726672060821  0.01508333932545888  0.01643523529915913
  0.01782244203213465  0.01917936687578111  0.02082237879476681  0.02247494706619874
  0.02409460185102963  0.02562165489946471  0.02709199798614553  0.02848543528400377
  0.02992800157647258  0.03144461222534384  0.03290259271995687  0.03445492837760945
  0.03601803304243322  0.03748630195345082  0.03881767106258795  0.03994339744941348
  0.04089524621568871  0.04183616645815730  0.04286541054890737  0.04395797134323787
  0.04509544112065578  0.04615794321401737  0.04762720826053887  0.04890362901009560
  0.05022558076020804  0.05152363161411058  0.05292984344174177  0.05445066262237563
  0.05603117512879939  0.05773970208618306  0.05948449303570067  0.06114325036387407
  0.06256736086897859  0.06402687288883602  0.06536220573172551  0.06677110337601053
  0.06836684175834926  0.07001322049984182  0.07174862751934319  0.07362411427880000
  0.07522291834217323  0.07687164732989217  0.07824425407896414  0.07959584203893490
  0.08090809254975728  0.08216324980441252  0.08360405164855597  0.08507689144538058
  0.08667069154247919  0.08848613365079129  0.09037082463152181  0.09206031520785464
  0.09357392233242788  0.09507117736250072  0.09649570006713802  0.09790630309520315
  0.09945992845161986  0.10104655282037059  0.10283120177690518  0.10468698417005136
  0.10650104421059951  0.10832992464433777  0.11024102392225232  0.11211163507483973
  0.11352721033446007  0.11498859249268145  0.11648861840529597  0.11814704172881214
  0.12007341174924456  0.12325523544470622  0.12683509990754921  0.13052287009748878
  0.13408979045908326  0.13765626463989847  0.14116644098878559  0.14461602976969920
  0.14833333253170961  0.15235003633014713  0.15687799983606879  0.16250655224051080
  0.16936228601230749  0.17909208298606669  0.19442140977442685  1.00000000000000000
  0.00943107607133671  0.01650157992250531  0.02591957861791681  0.03814838155159080
  0.04821033364148489  0.05896596237691185  0.06851554034869733  0.07876930704662863
  0.08998356031521740  0.10188114210244435  0.11510548852226832  0.12861656257709858
  0.14074232585848329  0.15208803586223621  0.16387973825109026  0.17456022745161709
  0.18700334531352783  0.20005789336208060  0.21295743982454979  0.22684413366371523
  0.24151223424883578  0.25909450808748885  0.27665149059256783  0.28978705386122888
  0.29968303888878034  0.30714363586340609  0.31386007940811605  0.31958085286263299
  0.32857023760284571  0.33807027703003556  0.34945644036285511  0.36323170055260856
  0.37533313660566492  0.38610200884341472  0.39639009013447357  0.40613475933718596
  0.41669520541841776  0.42712961268082844  0.43638181120300318  0.44169751990264156
  0.44734661017354654  0.45441616788302219  0.46229427221910474  0.47010549755331188
  0.47681340513444181  0.48311218841916770  0.48993281591979398  0.49778744310228296
  0.50947343485858809  0.52268923972820502  0.53494972869903790  0.54633849132760293
  0.55696781576826060  0.56604220729683341  0.57369939211871801  0.58141299346143416
  0.58909889623848000  0.59663826215637539  0.60704752080997804  0.61810033597133140
  0.62866837038465062  0.63676867133842396  0.64464664554206341  0.65370955343904813
  0.66485473778907644  0.67603533105178015  0.68726540791639334  0.69975359210797838
  0.70986786269022206  0.71929227168540666  0.72870972484254837  0.73885477965022195
  0.75330321073397477  0.76525523935563466  0.77808841176318300  0.79116656016753317
  0.80286967576659429  0.81438473524951305  0.82585703915426101  0.83567333592197846
  0.84313208305215781  0.84991084514436421  0.85653495602312224  0.86447773298056418
  0.87526787513664006  0.88652482650385556  0.89684207631079382  0.90790581739122178
  0.91939538339781779  0.93122532682323766  0.94169890723585636  0.95101884310965523
  0.95909134696017828  0.96884179123778058  0.98158080810974813  1.00000000000000000
 -0.00001925811598168  0.00017120177766629  0.00041770708480026  0.00081312241923210
  0.00120225970343625  0.00168389124614670  0.00239022579899595  0.00322474016561719
  0.00407849901786037  0.00504671688819688  0.00606145074234172  0.00725342876466572
  0.00865180732600996  0.01026124069001370  0.01197916412490569  0.01351289594961037
  0.01490599120901079  0.01647191113621788  0.01812561047978662  0.01986767483911580
  0.02177132444699979  0.02371174332638383  0.02568888804215836  0.02780882008870837
  0.02993547192048430  0.03213231542403625  0.03444242954068328  0.03696134093411991
  0.04061783485302808  0.04349236489713807  0.04691518482464871  0.05000074084692395
  0.05261975598476849  0.05518698790172195  0.05839307961357177  0.06200401012168306
  0.06516331214310971  0.06805584499407798  0.07101839057348887  0.07447243850461584
  0.07797420619107769  0.08169321370264677  0.08525809126843048  0.08826389109634883
  0.09150766926705547  0.09494288174672724  0.09799926635566043  0.10130045483930973
  0.10510063058490716  0.10890895880359480  0.11274056619369609  0.11664009606493968
  0.12127230684836211  0.12589036434971093  0.13020528531654244  0.13476816868024200
  0.13974036445560817  0.14430008175764092  0.14854339315160242  0.15291014550805818
  0.15782289599051871  0.16326375679174443  0.16839988452021648  0.17299046892667458
  0.17747383844369929  0.18486289192377725  0.19261781475857837  0.20100965102844168
  0.21002579471027205  0.21919915440724783  0.22703115516207775  0.23430041989099129
  0.24109219230845461  0.24746373475365943  0.25376038878198226  0.25996248860436405
  0.26678416810304434  0.27343689515387615  0.28097388839712789  0.28906760459937281
  0.29795623814297811  0.30773323273277997  0.31922519553153533  0.33237606772040662
  0.34630140358687067  0.36300965930327816  0.38044807875482894  0.40106733343755940
  0.42414239339338838  0.45047579250861453  0.48676584567112280  0.52917150662405454
  0.57992643705433655  0.66307628870262958  0.82548365985055139  1.00000000000000000
 -0.00238990729065018  0.00909374942391292  0.01894323641410431  0.03053214637712483
  0.04288626822249986  0.05422414774552448  0.06645441533121985  0.07870727738337867
  0.09133520365679784  0.10176896978744404  0.11196381864741632  0.12164733856555257
  0.12827566271513108  0.13409705061964936  0.14167766240510760  0.14837617678352652
  0.15468536092447499  0.16146690693397667  0.16808379720368918  0.17469729584311725
  0.18167961141406752  0.19196951121552577  0.20624246229439028  0.22047206272559816
  0.23298420666771169  0.24460980110570291  0.25592207582550541  0.26706590708985478
  0.27780555013124181  0.28818880097489463  0.29769269917646862  0.30641868981272086
  0.31665458308714139  0.32464279555673720  0.33401802909084882  0.34402127768228019
  0.35390847075914150  0.36664506706374267  0.37981202941734743  0.39816434938023409
  0.41473997851687006  0.42947793188117522  0.43945185434513784  0.44811931361507495
  0.45718748922985147  0.46791077290062083  0.47897558549339081  0.48953266737364387
  0.50039393914926156  0.51169399661641546  0.52181455111501152  0.53571870186714243
  0.54787697080278175  0.55750127875142452  0.56570462427214319  0.57330607070381046
  0.58131666449529840  0.59010536527513757  0.60225110609476051  0.61446084965627390
  0.62614224503072236  0.63592857462225938  0.64561143180090819  0.65455909818282032
  0.66530743493430022  0.67864562814375007  0.69446130805714223  0.70587602365430413
  0.71634226447744020  0.72630231142276658  0.73528105808908462  0.74536536257123087
  0.75598566456605887  0.76632654727349836  0.77774168068228233  0.78848563493209811
  0.80456843971609393  0.81741894777866553  0.82781510940231473  0.83814901411075271
  0.84844865772338396  0.85778690594664586  0.86761333209922908  0.87707503816997168
  0.89113264335795350  0.90294470109151725  0.91266007468596644  0.92270987818197792
  0.93295600676731094  0.94349542774216666  0.95542543842719951  0.96791183450115326
  0.97702340644017938  0.98537892491047196  0.99299282392961685  1.00000000000000000
 -0.00393896624271794  0.01208285010617085  0.02520928305738834  0.03788111859946438
  0.05018494493433789  0.06133932489122286  0.07225435958947901  0.08331736459085126
  0.09564048236078024  0.11086381112442877  0.12946268305403066  0.14511102137028870
  0.15636760275422337  0.16611985281924138  0.17613922214393821  0.18656040827458026
  0.19674496660146085  0.20680976120304387  0.21724324362848790  0.22772942823609982
  0.23778516461675997  0.24782877234994477  0.25868640932496645  0.27054080206969150
  0.28423118634829303  0.29854702919968396  0.31308799034758450  0.32435811998272057
  0.33739305058845126  0.34820035007333278  0.35850331139238345  0.36777332508375493
  0.37895163555773403  0.39144855660242878  0.40428163377703086  0.41546834737136346
  0.42178285442412461  0.42700151383398138  0.43228775735180336  0.43736876327089624
  0.44298613539761300  0.44886349384954050  0.45613652253714582  0.46234304693891104
  0.46867330150777786  0.47507656512490398  0.48407920993236381  0.49536639109817227
  0.50643658998841978  0.51631517825120510  0.52609514523273426  0.53585788057116246
  0.54659698852700767  0.56046427286075218  0.57581176005315904  0.59173515549448585
  0.60670284392358553  0.62143668702324273  0.63621541542940974  0.65039071634636936
  0.66363138333793081  0.67615224047047684  0.68812891906024354  0.70107198111761326
  0.71570992914563281  0.72725003985109216  0.73624389729179340  0.74348519797177826
  0.75243003260547658  0.76299565118664303  0.77419885387781029  0.78289396386300569
  0.78911184449308902  0.79605608452838472  0.80285293887286879  0.80966686274123245
  0.81658274232328543  0.82521800558172120  0.83457566005006634  0.84668486912808361
  0.85987138347509906  0.87082716457679710  0.88053684738195837  0.88944736605093255
  0.89659846093258244  0.90762138803344394  0.91860341174886107  0.93118167446777911
  0.94184855893541652  0.95023103452742164  0.95866734342029392  0.96682581045436067
  0.97640901035369532  0.98634616940084907  0.99352825687268576  1.00000000000000000
 -0.00287443471477087  0.01219313585049515  0.02455599960588024  0.03599026640159374
  0.04636718610269437  0.05602385695832555  0.06645725705925348  0.07766218512525919
  0.08880498874630942  0.09908053815198395  0.10976779922837930  0.12067660156715715
  0.13154043651066052  0.14170389001096434  0.15220194308284218  0.16279319915004439
  0.17420063309369210  0.18651301237255896  0.19995679851807049  0.21286593750274027
  0.22340178160641364  0.23399346514745370  0.24525028000677751  0.25681223249641255
  0.26579814060449197  0.27424521535595447  0.28245272344885580  0.29191176837593835
  0.30269226067471583  0.31287607410751733  0.32275553602280421  0.33279044155692877
  0.34301370722257518  0.35282199749264803  0.36218686738524097  0.37189245537017102
  0.38230870320268306  0.39419255805257247  0.40884315209969752  0.42464096691188885
  0.43773215989216757  0.45167475014000241  0.46245768648095054  0.47287749826842074
  0.48412738384444004  0.49553158520247698  0.50313557265520703  0.50813663515870600
  0.51597939171884055  0.52404639988190604  0.53112758262280224  0.53819096613929462
  0.54609348027348514  0.55475976258127202  0.56157307590759287  0.56872794009296446
  0.57717542596427485  0.58536979572027137  0.59499191032997889  0.60355680715989635
  0.60901704730350437  0.61499447086246950  0.62123319512255570  0.62652641282417632
  0.63234096189458766  0.64306969047973406  0.65584739461560504  0.66974628649204127
  0.68332543806832502  0.69790768909263490  0.70956408999713971  0.71911348652998930
  0.72846882190161399  0.73873216486550675  0.75203679099318776  0.76584048259775028
  0.77820777648584127  0.79063059528537905  0.80280995459777349  0.81455789214411589
  0.82372834481095303  0.83341198067932964  0.84327336402066855  0.85234069033354964
  0.86089830802373968  0.86931151946180607  0.87762379813152847  0.88673722121526144
  0.89780259200502932  0.91254727456815232  0.92948989959861750  0.94561025150690592
  0.96084288151699027  0.97535055719075503  0.98788507728465635  1.00000000000000000
 -0.00340808371103913  0.01498031759314471  0.02655763526076375  0.03885217168244935
  0.05373953347961669  0.07201440295513376  0.08862441551103895  0.09790280334838386
  0.10527894455188863  0.11221500128808751  0.12033138092685848  0.12786725385618397
  0.13379285644533054  0.13968343311125203  0.15046661871305772  0.15663154851331851
  0.16370819729376532  0.17024699014731293  0.17820324813706218  0.18751048190542111
  0.19637987335421395  0.20511439144292778  0.21455803948585392  0.22494535818873190
  0.23546121874574685  0.24803134277149103  0.26155288316668862  0.27469241514671455
  0.28492811570787752  0.29427038834709918  0.30335972396176308  0.31158021015864329
  0.32198434223630246  0.33146901558249486  0.34129921154912080  0.35323666275964366
  0.36851399006831520  0.38765737445277815  0.40890646923180157  0.41981687690339298
  0.42595825274096211  0.43198416145304491  0.43836520839407683  0.44328093931782708
  0.44722389489483699  0.45142807867474760  0.45699079592055786  0.46327340067695522
  0.46934347984630154  0.47449828670090854  0.47862932762411214  0.48283158567347145
  0.49108800900062954  0.50137458614526142  0.51390157458644692  0.52666750304375132
  0.54012382135483950  0.55267301360179943  0.56790426194054566  0.57995831297400402
  0.58799510322731030  0.59578919108858952  0.60341933133587089  0.61255628204085366
  0.62283496891586221  0.63488020996316163  0.64848248274968623  0.66244822218986776
  0.67558115929684770  0.68848406588982913  0.70105898258892529  0.71577152217277629
  0.73175364633632889  0.74525269956901663  0.75790955943663874  0.77051527497373029
  0.78254070624004424  0.79521602533038671  0.80865206546043988  0.82208502449348364
  0.83478208143702881  0.84442318026621921  0.85405009072386295  0.86355374114708738
  0.87157726527394919  0.88027661015689762  0.88896526907456730  0.89825390181411380
  0.91215184290993079  0.92580928641278726  0.93889347967733527  0.94968629985970976
  0.96019384662304519  0.97231901450853886  0.98529426116106944  1.00000000000000000
 -0.00097804445507061  0.00592237836731857  0.01371965390835908  0.02276257507668793
  0.03337425054503666  0.04430266980366321  0.05458778471696162  0.06657911033106589
  0.07420065244163652  0.08156664431248720  0.08794343118782857  0.09410285726009510
  0.10079003224427109  0.11113181451901705  0.12118471734013754  0.13098378006544958
  0.14189758652177567  0.15498910854681450  0.16602138633812483  0.17636541017127591
  0.18612755606787559  0.19637093920369339  0.20818097763113586  0.22068785140216332
  0.23216042061563313  0.24194926026752286  0.25080262303214973  0.25931427921940492
  0.26964550271307286  0.28379889232136024  0.29776607012463469  0.31166888122592218
  0.32189078225772727  0.33230453218826683  0.34307719313097024  0.35371596358431395
  0.36948991741379988  0.38698679976754885  0.40396430238878916  0.42017732846590999
  0.43479085847588611  0.45051659142357359  0.46774533777297234  0.48466087384115519
  0.50241295567041644  0.52140855103438277  0.53655786492054158  0.54963186864807390
  0.56114521745635781  0.57202017734156163  0.58304217838973205  0.59513452835442149
  0.60782687397000179  0.61925807172145009  0.62719124665118442  0.63484449371782437
  0.64194504213728221  0.64969140736438458  0.65859640024728350  0.66766219136650806
  0.67551396152420151  0.68301946888263920  0.69270336396622723  0.70346889833417059
  0.71217281692611401  0.71773231814265848  0.72393237353328610  0.72926725983200358
  0.73484299795060282  0.74031653613987591  0.74768801280918240  0.75462581636250958
  0.75986503456447851  0.76459034008566362  0.76941391280311577  0.77787835037969200
  0.78864942814682892  0.80000308325006364  0.81285256132174044  0.82711959567081395
  0.83981816869601156  0.84829515689581725  0.85641759127362771  0.86448743033811759
  0.87256553918008362  0.88302680391387678  0.89413452691493234  0.90452209051916344
  0.91558557394417384  0.92666091127818306  0.93553283060714809  0.94669707561271854
  0.95819212572582657  0.97192854753163405  0.98638987663106714  1.00000000000000000
   2.5889013693283948E-024  -1.0000000000000000     
 T F T F T F T F F F F F F F F F F F F F F F F F F F F F F F F F F F F F F F F F F F F F F F F F T F T F T F T F F F F F F F F F F F F F F F F F F F F F F F F F F F F F F F F F F F F F F F F F F F F F F F F F F F F F F F F F F F F F F F F F F F F F F F F F
  <DiscreteSampler_grid>
  grouped_processes
  1 # 1 for a reference and 2 for a running grid.
  10 # Attribute 'min_bin_probing_points' of the grid.
  1 # Attribute 'grid_mode' of the grid. 1=='default',2=='initialization'
  0.0000000000000000 # Attribute 'small_contrib_threshold' of the grid.
  0.5000000000000000 # Attribute 'damping_power' of the grid.
 # binID   n_entries weight   weight_sqr   abs_weight
    19   10   1.068412945523650E-016   1.100343570436679E-031   1.068412945523650E-016
    22   10   6.020252068238432E-018   1.642744706745905E-034   6.020252068238432E-018
  </DiscreteSampler_grid>
