 -0.00000000974144939  0.00001280597813937  0.00009900733405848  0.00028499248692162
  0.00057553911052914  0.00094649708257397  0.00139426674704933  0.00194176026761886
  0.00255047384941386  0.00321063956222856  0.00395926676557657  0.00476812990423711
  0.00560855455880881  0.00646613421215561  0.00736708452007285  0.00827298566273288
  0.00923396609458006  0.01019417449140610  0.01118743642069157  0.01225058345495177
  0.01333660377091345  0.01442107059616644  0.01550978583574748  0.01662262270089525
  0.01773203716893249  0.01883289620465640  0.01996648112063180  0.02118617605802308
  0.02238247162161683  0.02358983482770552  0.02482459426853138  0.02610937425904163
  0.02742691812735583  0.02873578212048155  0.03002328192337065  0.03129144573704840
  0.03254081764717341  0.03381101061964528  0.03518050352639377  0.03665204107774739
  0.03807701539864819  0.03949159889481042  0.04090561132433305  0.04230972797382414
  0.04372175009026862  0.04515906429979738  0.04664093540208257  0.04815730880769468
  0.04967387326452050  0.05117700459672277  0.05270778855270217  0.05423821807729863
  0.05581145763535407  0.05736637786407899  0.05887183050887573  0.06042755495302859
  0.06215234145407593  0.06385028810189695  0.06554491523115150  0.06726457043313498
  0.06901241598723686  0.07079092232027702  0.07258681488760797  0.07436830094411871
  0.07611580381275818  0.07789328309176409  0.07971814636968742  0.08166014223215502
  0.08370698866204458  0.08580185213724391  0.08795361374406487  0.09010806933614628
  0.09228269679265864  0.09448398632057826  0.09671666363990609  0.09898539115578120
  0.10131084011616730  0.10376190152211055  0.10630324454735304  0.10908385655525384
  0.11217059809002465  0.11525805960615611  0.11838519020136413  0.12159165942320636
  0.12486870975876127  0.12823038210637927  0.13173592137863624  0.13536479015841901
  0.13930539203173986  0.14464414551377142  0.15063113241501197  0.15741352130887459
  0.16567794780910744  0.17766407437781756  0.19471857567936365  1.00000000000000000
  0.00916414905964275  0.01612876045455881  0.02653665561607418  0.03767861914015870
  0.04837779605982748  0.05833598471967608  0.06827915044707533  0.07805962103577316
  0.08835903515765070  0.09886069002268651  0.10913223276038837  0.11928349432275398
  0.12984624105935463  0.14044876942933682  0.15037517235644876  0.15958653047303528
  0.16916983233685401  0.17947425963700769  0.18964494232022888  0.19977729554877535
  0.21001793085438941  0.22086677051765666  0.23131245315321908  0.24120669227881594
  0.25120697428973582  0.26117036320894582  0.27124112095784669  0.28100844781618994
  0.29039669112120819  0.29956855186117470  0.30892239041466285  0.31868823885388642
  0.32915714543587493  0.33934151919962308  0.34976724244003388  0.35987998035241486
  0.37056720624487699  0.38121760819537442  0.39229966042822823  0.40258273899713060
  0.41273662803034139  0.42327474088435957  0.43388712648320166  0.44360582835120749
  0.45296077916916122  0.46196030922091424  0.47169425222961670  0.48134733370731825
  0.49161301445230471  0.50211282222832632  0.51303280704012288  0.52335805338226393
  0.53372890416963736  0.54404889128389211  0.55478038229035742  0.56588508718598807
  0.57694643859310035  0.58774852484810047  0.59772964233236769  0.60771931941227875
  0.61773556726111489  0.62792145220544315  0.63813702166412645  0.64824582073913040
  0.65891775080043369  0.66953369482772052  0.68029185223610789  0.69093754545970543
  0.70141705550078082  0.71170209711134746  0.72164985537118198  0.73173783471183862
  0.74216841977326087  0.75271483700811148  0.76360164329545699  0.77496218369666969
  0.78681046822582257  0.79834022513326786  0.80926643444943780  0.82021507681362316
  0.83139596121939585  0.84267489283374053  0.85353865768359360  0.86370445289493458
  0.87379482207911896  0.88415050906559900  0.89473069056431709  0.90519062493870162
  0.91566544360783386  0.92628289798000607  0.93698705213546529  0.94728183191563964
  0.95752654582722296  0.96828573080034830  0.97942632338314362  1.00000000000000000
 -0.00212552789516726  0.00870096631496052  0.01803034908760675  0.02842988875825127
  0.03905434387924380  0.05074913362133737  0.06189228976327262  0.07239239551943528
  0.08273099240325510  0.09297381823665864  0.10304208366854831  0.11331574777713883
  0.12359512668449725  0.13432485131914945  0.14523459863252852  0.15658593336867052
  0.16730396263130490  0.17715985121403338  0.18692903730710747  0.19692284520270645
  0.20725457176397377  0.21790098170942904  0.22848005424424253  0.23947407368285689
  0.25071657312542095  0.26267886484597558  0.27415767701189792  0.28483336253486136
  0.29543534557798196  0.30616776130551976  0.31660372496990991  0.32657378375076157
  0.33624891673290269  0.34614305139790313  0.35653664981375111  0.36718890335269433
  0.37777986326620278  0.38820322847219807  0.39904914922272261  0.41039102605024547
  0.42142370339627327  0.43207249226006084  0.44261033994768084  0.45307281073531919
  0.46326070111110806  0.47339004189002665  0.48385103181264250  0.49425376059717191
  0.50409591621845440  0.51374265464854030  0.52381132276132958  0.53402910919625513
  0.54393118080388825  0.55345646897362288  0.56309877007597153  0.57300158563850978
  0.58302845246823187  0.59311929427580978  0.60341699097453683  0.61380825687371232
  0.62425212146343045  0.63495432241019389  0.64596644926050584  0.65690700058857510
  0.66749926226934930  0.67823561118411901  0.68897146065707726  0.69965442587432025
  0.71028791837000171  0.72093691557730100  0.73109717409101183  0.74101990578425503
  0.75083333653071749  0.76074910247680538  0.77071365046077966  0.78075478136293841
  0.79064443389227934  0.80141734449219260  0.81288756199728118  0.82378257721299020
  0.83401130573506022  0.84388936364745060  0.85394855420809401  0.86449015355667969
  0.87529556272543863  0.88708229848704723  0.89840242832326911  0.90913941132602050
  0.91975955873928561  0.93060197396697608  0.94141261550944599  0.95241391285981059
  0.96365550314092885  0.97519448751055215  0.98739410228629954  1.00000000000000000
 -0.00271980370379006  0.00980439231109204  0.02111992600741689  0.03245139345339774
  0.04424859224953279  0.05616610300194862  0.06796635242588574  0.07953436692563010
  0.09051631282468652  0.10073689643116260  0.11095891443006617  0.12117179423576273
  0.13141201840240668  0.14186340415365278  0.15260095164857265  0.16344081501820090
  0.17394790930765258  0.18444545218873271  0.19558960532307365  0.20702537417384251
  0.21818682101651876  0.22893696035856953  0.23962385192158336  0.24999754652909326
  0.26017117523411998  0.27066083346609787  0.28157156960593865  0.29269764198389969
  0.30386674857704571  0.31517899555812706  0.32603458266062807  0.33631725053499351
  0.34632864270717473  0.35653219322072688  0.36715077704320304  0.37867359343258844
  0.39055737597232415  0.40153661100208071  0.41198214049873760  0.42291175121507690
  0.43406878580141606  0.44500078079545702  0.45606944868674471  0.46797890287857402
  0.48003306444554678  0.49156002214028022  0.50271076800906322  0.51353547300730418
  0.52410937422837489  0.53445558388877668  0.54476121379210107  0.55470382774760729
  0.56456828515065460  0.57492060191412242  0.58526317969264341  0.59521747697212113
  0.60502196226828919  0.61552420790375328  0.62551029004686431  0.63508795260835083
  0.64464276441091484  0.65511173913787557  0.66550026065806023  0.67523057095391847
  0.68491390033056787  0.69550697978071219  0.70631000294549517  0.71719604487320876
  0.72841790817489560  0.73941042530039758  0.75019744136615452  0.76051313181526292
  0.77082076114888010  0.78099926443413026  0.79143231048757323  0.80218616047800095
  0.81284133999813435  0.82350648287231809  0.83415436203839632  0.84487009083412923
  0.85549440599921434  0.86562769548662599  0.87565409699272323  0.88569139741601610
  0.89574005271720014  0.90564689814335730  0.91520281828283878  0.92468835925827741
  0.93404693595822241  0.94320036323662937  0.95206344448693181  0.96141042630905271
  0.97088804698124997  0.98037912565803043  0.98992916319466429  1.00000000000000000
 -0.00260235405942665  0.01019406109794633  0.02093072917050779  0.03124596060781385
  0.04149952372804291  0.05108153426659300  0.06085601706003792  0.07085723940514825
  0.08154714167550510  0.09289314066764917  0.10401575679776486  0.11439603010737684
  0.12462802506628123  0.13521152766059108  0.14575962301260689  0.15614691763610924
  0.16676410448044898  0.17807711808139121  0.18942146431992099  0.20029401141733127
  0.21106120113947083  0.22197798704759097  0.23253566439911846  0.24251735190137505
  0.25250995708425927  0.26264695733419341  0.27302893113243054  0.28357473526805271
  0.29461467235250971  0.30625695313653656  0.31815035664685398  0.32989161873041678
  0.34110709739095563  0.35155415199255741  0.36129770651157289  0.37075962912678029
  0.38004017946027907  0.38916484052153960  0.39877610280902126  0.40875814903152902
  0.41919416340244897  0.43051722783705781  0.44189092736932861  0.45291847149090936
  0.46384610359899542  0.47465591368705373  0.48520593861349282  0.49579402701050473
  0.50664455131122044  0.51750135957728538  0.52813691382886896  0.53865272700504507
  0.54902601941725004  0.55944530937289050  0.56996040290016814  0.58039128723184774
  0.59054797566746875  0.60058110571693235  0.61093307165671562  0.62185778541785031
  0.63317270174614237  0.64459413420476575  0.65537070812335463  0.66585155735774748
  0.67623872146224517  0.68646209984872208  0.69638177073873508  0.70636130587625934
  0.71677637940790739  0.72698746837525852  0.73694079927600742  0.74671311296117615
  0.75691822419142618  0.76742586993338957  0.77822105388658569  0.78918090077164949
  0.80052577567429095  0.81177801887646417  0.82268029402747900  0.83299386157537647
  0.84306864738763732  0.85318179385893467  0.86373779495298442  0.87457927310473149
  0.88534155058943276  0.89540482599795179  0.90522153117482762  0.91503021928965955
  0.92525184684059236  0.93573749117544092  0.94630516171187962  0.95652277153751020
  0.96723279653038940  0.97804726200664061  0.98919265544079360  1.00000000000000000
 -0.00274847588906666  0.01002352999929302  0.02087990428828997  0.03145168253782361
  0.04200061759974300  0.05265383607651053  0.06350886963358228  0.07439611872375776
  0.08487785976008094  0.09542392507248915  0.10569886729443106  0.11627725883016853
  0.12659441712803124  0.13709013880727844  0.14787766733556462  0.15858606233839262
  0.16931090616880343  0.17988026167934817  0.19034505242315153  0.20067487816701696
  0.21157102272413189  0.22297859210602355  0.23451329722887454  0.24551855703460221
  0.25635491596182847  0.26715302640443844  0.27812435276351161  0.28912215667561403
  0.30004522119025084  0.31088762177709151  0.32170005184341099  0.33243887827667262
  0.34308037120077550  0.35332311206790429  0.36319780930858397  0.37305879101968742
  0.38300552897590184  0.39312333118825127  0.40291291507522925  0.41288215720899424
  0.42314073450474454  0.43353883453772085  0.44382671616232056  0.45391137173082702
  0.46441552964668326  0.47538825016181752  0.48614135598790359  0.49701588019333293
  0.50791771484170634  0.51890246197250367  0.52964020091222563  0.54026987556953010
  0.55121883478110989  0.56216225401872022  0.57264634623796373  0.58282700287451927
  0.59258489645637535  0.60241452415416652  0.61210057282295849  0.62202773326393279
  0.63224746277594190  0.64246468815308910  0.65260635219383245  0.66240487454433450
  0.67223463684420759  0.68235104753406806  0.69271141228459121  0.70338308681543038
  0.71326238509977158  0.72257313585110083  0.73218777386831546  0.74158574904944963
  0.75107714808206116  0.76059117026681511  0.77005860404108406  0.78035700532116947
  0.79086766291029675  0.80156849159475918  0.81244424200723731  0.82333338896886865
  0.83438937255511536  0.84494449466211430  0.85565564971276054  0.86693794780933853
  0.87797695227566375  0.88840750355876086  0.89936135785160687  0.91122868304600757
  0.92259882701469853  0.93379033484767771  0.94536670923682009  0.95691379410595234
  0.96787877794477195  0.97863919794074317  0.98946753501946461  1.00000000000000000
 -0.00224988220546059  0.00779999517623942  0.01712660766168699  0.02592016142612904
  0.03481707096367387  0.04356519985663462  0.05226992878695266  0.06105550037641576
  0.06980635594801211  0.07853117670185564  0.08752199528979664  0.09662812611323213
  0.10594215358689606  0.11533243699465258  0.12474419872407312  0.13433490847619936
  0.14424595147798025  0.15371602226920239  0.16323499234018327  0.17229375660750013
  0.18123126179879970  0.19029538359199252  0.19928464054706527  0.20811181524450337
  0.21741553307969208  0.22744175314572690  0.23857754757779892  0.24985613667401235
  0.26098500597879626  0.27188696864295758  0.28249549891056319  0.29341100531922526
  0.30448631975012513  0.31543064216393912  0.32668504045264429  0.33869740805030191
  0.35245194453396350  0.36545440024414488  0.37846622663571694  0.39089464016442638
  0.40369265883883015  0.41647669670666332  0.42889928981101849  0.44166493885868313
  0.45458121883672575  0.46643439819441757  0.47798544386839870  0.48895825372196894
  0.49992092686852341  0.51120981487461881  0.52244091641293222  0.53369276417621270
  0.54546776516738749  0.55800868974829909  0.57067959779068833  0.58347795090679366
  0.59747708816555389  0.61166905968781315  0.62519012577187638  0.63744759592168210
  0.64915978955784270  0.66072001018965543  0.67180030586995620  0.68246019828076554
  0.69303628388353888  0.70361493317353963  0.71429327817497401  0.72498353610744659
  0.73603877535080320  0.74748358416064253  0.75937058585560513  0.77131293024580194
  0.78298951857046040  0.79438648783413934  0.80553029733258552  0.81656919080307799
  0.82720039712201743  0.83737849137527554  0.84696718990897735  0.85644946336351357
  0.86611654913549629  0.87583995180599694  0.88530586366565600  0.89440383265109935
  0.90314775853079654  0.91160826944062789  0.91998407496957568  0.92851825501121610
  0.93732559810699023  0.94635472844772872  0.95537685691199636  0.96423600027214440
  0.97329981019071754  0.98220735225208711  0.99123262556773029  1.00000000000000000
 -0.00238506943764412  0.00901193282420528  0.01895370411172529  0.02946931256663924
  0.03995606714739534  0.05067421023751959  0.06135242257191661  0.07234844997527951
  0.08297658751587629  0.09326875418847011  0.10364277798072363  0.11401530973785694
  0.12431381734507521  0.13419593951434136  0.14390374554414620  0.15344906680814951
  0.16286720726441944  0.17230260539632575  0.18169774352898016  0.19104611037942693
  0.20066157648444863  0.21053048527394258  0.22082665914091418  0.23118901362745500
  0.24162685161012107  0.25202651953866650  0.26253863029862173  0.27329670262113609
  0.28416981015778203  0.29511038171899245  0.30535464104475835  0.31550320799902909
  0.32592595194518381  0.33618310439325438  0.34598778155241283  0.35609245464947198
  0.36686324068571313  0.37749746471947510  0.38791542464095530  0.39852265766392603
  0.40953685936328948  0.42036503895021365  0.43050593384404551  0.44085334176601632
  0.45123051843721051  0.46144627459060328  0.47170519954373141  0.48222543595479328
  0.49324762230503261  0.50457221756725479  0.51562081884066380  0.52628855875503033
  0.53654666983448862  0.54708957798098301  0.55802409033716582  0.56889030257751139
  0.57959949313843562  0.59042549713608539  0.60140736648770243  0.61244279268872459
  0.62339167722655531  0.63433916231101606  0.64525856140456272  0.65677341559928926
  0.66813516270637652  0.67884695597178979  0.68942228288025342  0.70026067260939029
  0.71129630673039190  0.72173209776786684  0.73215365879985883  0.74331690602156852
  0.75421516679849965  0.76464658217227444  0.77475155537734119  0.78515671213078919
  0.79566787428383412  0.80657441182706402  0.81735053822061610  0.82815926619176394
  0.83887089555742589  0.84959439838242001  0.85986758097186133  0.87024600429613175
  0.88066930317574743  0.89136416983681566  0.90192044710095787  0.91265026366059354
  0.92349035532962254  0.93453015160404096  0.94573326555538850  0.95696342904374887
  0.96800332419414203  0.97879615152579735  0.98944386173548660  1.00000000000000000
   1.4167472033745710E-009  -1.0000000000000000     
 T F T F T F T F F F F F F F F F F F F F F F F F F F F F F F F F F F F F F F F F F F F F F F F F T F T F T F T F F F F F F F F F F F F F F F F F F F F F F F F F F F F F F F F F F F F F F F F F F F F F F F F F F F F F F F F F F F F F F F F F F F F F F F F F
  <DiscreteSampler_grid>
  grouped_processes
  1 # 1 for a reference and 2 for a running grid.
  10 # Attribute 'min_bin_probing_points' of the grid.
  1 # Attribute 'grid_mode' of the grid. 1=='default',2=='initialization'
  0.0000000000000000 # Attribute 'small_contrib_threshold' of the grid.
  0.5000000000000000 # Attribute 'damping_power' of the grid.
 # binID   n_entries weight   weight_sqr   abs_weight
    19   10   1.638359141295186E-001   4.664440937707089E-002   1.638359141295186E-001
    25   10   9.349323229190111E-002   1.500845329827267E-002   9.349323229190111E-002
    37   10   8.736105521865371E-002   1.216485914361908E-002   8.736105521865371E-002
    43   10   1.853750770327319E-001   6.411848533599090E-002   1.853750770327319E-001
  </DiscreteSampler_grid>
