 -0.00000000967772268  0.00001246582862998  0.00009866396563459  0.00029111754166415
  0.00058891417422603  0.00098071484290908  0.00144386174277832  0.00199184863880695
  0.00261066259630560  0.00327860179889819  0.00400635431448316  0.00481066887498402
  0.00565482491242034  0.00649433677120380  0.00737817204024174  0.00826647884610130
  0.00925101352681282  0.01027037666998765  0.01129867543215328  0.01239754607442327
  0.01352429002005866  0.01465942395444049  0.01586376817889589  0.01710135506550427
  0.01832967886253205  0.01958195520860099  0.02087796175926242  0.02219459171339774
  0.02348648986424992  0.02473200377731141  0.02601427006644792  0.02727357439141788
  0.02850713760466387  0.02978289169581071  0.03105344221359222  0.03232858994644796
  0.03358299323195615  0.03489900261339416  0.03630264891693420  0.03768956703439170
  0.03910567285406471  0.04053491114488506  0.04197405713925249  0.04338336001957730
  0.04478998709091640  0.04625562677829137  0.04777679644708812  0.04926939985981574
  0.05077626353331455  0.05228691850439985  0.05382137893755066  0.05536514726081633
  0.05687032727086374  0.05836127682207324  0.05994235693436105  0.06157502196497407
  0.06344011864828265  0.06533620720824061  0.06723534313653615  0.06910753284269697
  0.07093696226736840  0.07274355702800693  0.07449169855904750  0.07628565395461621
  0.07808876997003755  0.07999626663124748  0.08200406980878520  0.08406246111137228
  0.08622594216993648  0.08831835743871114  0.09041121061165226  0.09250034999614309
  0.09456329697166914  0.09672512654192601  0.09892209682495855  0.10109224686756545
  0.10336366898501827  0.10575371285517407  0.10812763761100443  0.11095611967561431
  0.11382952666276393  0.11680307212322918  0.11988791546899377  0.12299077033257380
  0.12621915153017471  0.12966290450698789  0.13324525800817127  0.13672541524422363
  0.14107796271958151  0.14614266011128835  0.15162534094545141  0.15789632016944122
  0.16581568393682894  0.17704739056116545  0.19538104352112939  1.00000000000000000
  0.00920585750950009  0.01761050085030785  0.02760110078573528  0.03663802457302209
  0.04565591133513216  0.05477356955174992  0.06528620084243079  0.07616066130912313
  0.08744834292718259  0.09934366801747414  0.11097502589203945  0.12329965705875605
  0.13601839365189836  0.14797673258166794  0.15929776723041009  0.17032152105686835
  0.18107682403713390  0.19160461212255314  0.20188738674535819  0.21191305097388707
  0.22207469256104184  0.23234500154308241  0.24258037268484653  0.25268066835073466
  0.26242238740597784  0.27225300183093526  0.28203784629884399  0.29216871317591531
  0.30324088017444156  0.31503742360161802  0.32764761033059797  0.33877571386539707
  0.34845310853104922  0.35791269380848123  0.36690881642730827  0.37575244327600194
  0.38455476685287066  0.39375051833687991  0.40377898834562498  0.41429027783865785
  0.42500571056518144  0.43601783313288528  0.44739890745168476  0.45906486505311589
  0.47082578942968661  0.48259999981475404  0.49436107899885506  0.50545400659593986
  0.51605468292375078  0.52702121448686601  0.53785647288147875  0.54757077276191668
  0.55719394870939087  0.56761347048753652  0.57802056779207456  0.58790932839078724
  0.59725667346029099  0.60705590240062635  0.61729092827102905  0.62753450392816723
  0.63721741997833081  0.64689567379109336  0.65648732425508738  0.66610148759408494
  0.67609572743640423  0.68678178181624971  0.69815955327808732  0.70998167483495500
  0.72117198603548227  0.73256995675055303  0.74376791977654866  0.75463957171255469
  0.76455583054579968  0.77414070115393241  0.78416165429994777  0.79496331491989725
  0.80663760955493236  0.81866059609642716  0.83019337494602463  0.84080770239997449
  0.85112419214772306  0.86160684733690374  0.87243961503165013  0.88283988034204652
  0.89267356260472930  0.90272766722979914  0.91245317253494429  0.92301836177392471
  0.93395758169935950  0.94605755449896523  0.95703674965041807  0.96660574007946320
  0.97556081052203614  0.98469228612556825  0.99038617764251435  1.00000000000000000
 -0.00297952222839871  0.01095140179406310  0.02227335148352903  0.03247150807401880
  0.04338259876628506  0.05395921984088764  0.06440637290106274  0.07465380096349801
  0.08541263755339328  0.09702138220485243  0.10847843013549953  0.11952542527892636
  0.13062382264744282  0.14201480359146668  0.15320240140717165  0.16418802893147727
  0.17434499069639667  0.18430251565118397  0.19356590610722188  0.20246256168162505
  0.21154282893896265  0.22103549817149315  0.23070422260718207  0.24111149948206817
  0.25211485667262640  0.26413065788554368  0.27394200881057723  0.28311757745988836
  0.29228965939787038  0.30185094627776882  0.31129081616251081  0.32036734086914737
  0.32937305765309594  0.33924259428885617  0.34951939169005192  0.35964945637770540
  0.36962253640316028  0.38021247829659360  0.39044535751352777  0.39978773357583564
  0.40834588225317880  0.41685000518375892  0.42565736863771209  0.43447615503916437
  0.44386867731413215  0.45368791468591019  0.46396126911467112  0.47435443069369521
  0.48460656599541752  0.49600935822445275  0.50660851425562503  0.51692014620377191
  0.52760158992049344  0.53845605484249359  0.54930217759511091  0.56070373626050074
  0.57332827827040267  0.58566022217147107  0.59652853108020554  0.60655612589063446
  0.61643544971689290  0.62664468944234064  0.63698707689030643  0.64776697526010352
  0.65890143201537665  0.66989608342196227  0.68102661489023120  0.69180140708043447
  0.70303524645492887  0.71537784631171308  0.72896606570720757  0.74305047034084415
  0.75445634713522292  0.76456690140995864  0.77421452683174197  0.78469873109494048
  0.79505263811853077  0.80517657150156396  0.81487342190153711  0.82528717945926189
  0.83546701394913070  0.84522627329878530  0.85505985247021576  0.86441480268542192
  0.87450929456705351  0.88532458447883478  0.89595109222963942  0.90593918393550121
  0.91601080552166969  0.92700852376998200  0.93911388285637165  0.95137038958324593
  0.96368460222100460  0.97604386511631414  0.98832585114321425  1.00000000000000000
 -0.00223189817452907  0.00873506541223874  0.01872679380394960  0.02904781713092467
  0.03958836139150895  0.04958256499828325  0.05972524727355809  0.07030316623751751
  0.08139045819823172  0.09204666172248301  0.10187982251303067  0.11147954610083817
  0.12120360345200351  0.13114465292285277  0.14058888741869802  0.14988433791731468
  0.15949525620325647  0.16939788713178086  0.17917425500881642  0.18861955238739853
  0.19817087231755728  0.20811579956413559  0.21877221800737900  0.23040209067673523
  0.24221654449618080  0.25313665016070142  0.26304247202947045  0.27253643466356497
  0.28217247073292717  0.29232461190883158  0.30290089322525560  0.31367184267744225
  0.32470538046588326  0.33670878757281530  0.34951700222179977  0.36194548757066597
  0.37374600706813721  0.38511042216110397  0.39621063953352526  0.40700098147342190
  0.41755928776391538  0.42798680984604093  0.43837805725477463  0.44886280648997023
  0.45976941382615127  0.47037250974057759  0.48141243399398359  0.49183725317202209
  0.50171523462677103  0.51111134150827897  0.52079483566488660  0.53218416769972399
  0.54365263562213606  0.55449712730431477  0.56491707444272055  0.57491139524992341
  0.58423746629331419  0.59340679440230437  0.60302522949760529  0.61419859217362216
  0.62539183528828102  0.63600938624028014  0.64620243661904697  0.65646612919380554
  0.66666204841005683  0.67631872650766389  0.68651808193524544  0.69690852219213029
  0.70736191101295809  0.71729449306238413  0.72718160681321220  0.73795071915952037
  0.74930748964659433  0.76020175837824033  0.76997738602730137  0.77987639341705317
  0.78994130808022534  0.80025581744062968  0.81095051342217861  0.82179907455141810
  0.83236649332783341  0.84319179970568170  0.85458803210071388  0.86738570532652404
  0.87995905472467495  0.89181336470989581  0.90277635921490906  0.91293282016840260
  0.92386890814131428  0.93466753655302282  0.94541370524417867  0.95622846302280717
  0.96775048114019491  0.97964199336146807  0.99010568530936971  1.00000000000000000
 -0.00202335412378896  0.00836637057326106  0.01736643385209015  0.02690455956287459
  0.03635504604747135  0.04575375482469127  0.05591310629945677  0.06609556562230250
  0.07637737548795781  0.08693573715415746  0.09784694887587408  0.10874259805688660
  0.11897467016035992  0.12934367308678082  0.14042848393789087  0.15133665892948528
  0.16164638332043954  0.17218545537266056  0.18286403988202782  0.19337053842221638
  0.20391143256365291  0.21471180889936936  0.22587804504377806  0.23579268582979693
  0.24548742181726160  0.25519416592461613  0.26496536711282276  0.27469478854697843
  0.28455529951494590  0.29453732964957824  0.30462538878560824  0.31466094423873808
  0.32437405101192929  0.33392531572901196  0.34379651598333000  0.35352394666731191
  0.36366919503589051  0.37363608797707060  0.38368114426521521  0.39408818292124659
  0.40408476197364790  0.41421553893141616  0.42393407964094271  0.43369237149835338
  0.44471693009914470  0.45581081156962860  0.46811350951046365  0.48048437974311564
  0.49220944355632451  0.50268409979243256  0.51249650690292425  0.52224689472015140
  0.53269167315774768  0.54405668780378114  0.55594435912857409  0.56764454194217595
  0.57914092562570563  0.59097193878479248  0.60302393863399151  0.61522159397265397
  0.62711486261511473  0.63855207147364290  0.64895653532959408  0.65870879399883353
  0.66889071676209377  0.67955638264430274  0.69006672699083393  0.70011344433990375
  0.71051941134623453  0.72190390672358051  0.73336534621524030  0.74429098466090382
  0.75408543247990234  0.76327468494901773  0.77295810031284085  0.78271464227332210
  0.79245304261608096  0.80145264615275824  0.81066964185621559  0.82128870492511796
  0.83248388803036300  0.84380828891966198  0.85582458328031141  0.86849277606493358
  0.88088048571324895  0.89249660486903004  0.90360917967393550  0.91488615082551439
  0.92568843485251529  0.93697840020657286  0.94708021630758343  0.95747246914405582
  0.96749435611019796  0.97804248632835655  0.98864818653960529  1.00000000000000000
 -0.00228890782325563  0.00927044715035814  0.01833228863971387  0.02836325614975279
  0.03812878235836304  0.04813850265906151  0.05835718934891627  0.06852054528023552
  0.07832553845003040  0.08778308750035378  0.09700326441722180  0.10670845369183171
  0.11740049283028718  0.12869521762504538  0.13964777127330655  0.15030381506473725
  0.16197935491620688  0.17305549534189391  0.18467148289598784  0.19540767450551913
  0.20563955858285848  0.21544711961897725  0.22448727989974690  0.23365871396216223
  0.24362287774931013  0.25380127848252271  0.26461134185225049  0.27532179674055846
  0.28549276884448960  0.29544960585100011  0.30562491082021287  0.31650931236510754
  0.32736401664340292  0.33697750345010691  0.34602632709756431  0.35534361612029969
  0.36491494659544321  0.37448716198567727  0.38445550233528542  0.39421334300305300
  0.40452933433590488  0.41519443525176442  0.42571681563274510  0.43621791644983898
  0.44697420479544242  0.45825886349465200  0.47001930385582402  0.48151285482857620
  0.49241746520168400  0.50314774481956104  0.51408766349782664  0.52514376087218895
  0.53508952118613362  0.54503059328869086  0.55501912112107366  0.56499894288531860
  0.57497649337337509  0.58513803122766206  0.59695914739163281  0.60904989822378930
  0.62190807375392154  0.63354749793813547  0.64542280254753059  0.65693852045180556
  0.66865712186194948  0.68004662783788028  0.69109864932826393  0.70154754081389559
  0.71225126068360756  0.72345236808846936  0.73365647522953936  0.74331535603732257
  0.75359910771314698  0.76400107308412146  0.77427575010167615  0.78347981025747604
  0.79350561100693573  0.80485327551953134  0.81643324760848601  0.82782615293455786
  0.83909976513423823  0.84979748123027654  0.86061122219883712  0.87088122051166006
  0.88343159193570309  0.89585661812906670  0.90693991220855552  0.91776942839807052
  0.92835564781348734  0.93902417870787702  0.94931165339117640  0.95974465017922395
  0.97029685827327627  0.98041572083510586  0.99041562150635731  1.00000000000000000
 -0.00220360253009153  0.00842562124480448  0.01861270847031819  0.02866393566755690
  0.03870054919027842  0.04845972591070426  0.05776242905422915  0.06676402540824682
  0.07549746133165360  0.08417273743041190  0.09299231920474184  0.10198671506792432
  0.11120520403008696  0.12067847307762702  0.13034027268274340  0.13999136679797913
  0.14960878898141614  0.15975165019164847  0.17043659952191953  0.18097994800383682
  0.19148018547123435  0.20244338096089409  0.21449695621017967  0.22708532362483894
  0.23838642610716457  0.24902525990156171  0.25995744556071010  0.27145169336575459
  0.28244852484900823  0.29416198303650432  0.30777944906092958  0.32095920704251507
  0.33320248355651561  0.34521615894746710  0.35702105766262748  0.36857933156170469
  0.38011272581919447  0.39226648004773162  0.40509144125941693  0.41753710947491951
  0.42938340780256551  0.44111993234917474  0.45281608453471256  0.46474310292570709
  0.47680044295890106  0.48852478315137127  0.49993509012777254  0.51184922083189666
  0.52389051090629746  0.53579933128799129  0.54749589221795647  0.55888217341352153
  0.56990100783340480  0.58102578501445457  0.59233422431666660  0.60421605511845922
  0.61530566811845011  0.62587555844240461  0.63615810419916485  0.64620771304430813
  0.65598926035303917  0.66550460671534217  0.67650250239901966  0.68755406149676856
  0.69783934061801911  0.70774529178682055  0.71751007252411969  0.72820229510595402
  0.73957395518227786  0.75095316545426671  0.76131378576334652  0.77120995739107034
  0.78137758966470483  0.79220757898974281  0.80299095674876975  0.81205148410870642
  0.82138198791788986  0.83061909323106331  0.84110037795902493  0.85150250008287953
  0.86255191628084305  0.87387929741358206  0.88513444477156600  0.89653481316069239
  0.90862709374135486  0.92020536614151638  0.92999863693799401  0.93936865504383504
  0.94774876879793590  0.95647036572205579  0.96480285950809586  0.97258300089935956
  0.97981048574798735  0.98664424543208040  0.99336148999970475  1.00000000000000000
 -0.00254413989553531  0.01119813277396503  0.02191131208453674  0.03279714125965882
  0.04345542704440507  0.05415241370239136  0.06440404349374487  0.07485301332749364
  0.08578133802106483  0.09780806707211100  0.10864128694070441  0.11869602851543241
  0.12931110044859667  0.13962201273259775  0.14948443109360490  0.15837485823584088
  0.16734991346607239  0.17734850994011969  0.18790379282420430  0.19904606447801676
  0.21051912260739933  0.22175178217601654  0.23221732576772880  0.24214373609991902
  0.25227936453874772  0.26328301531343551  0.27492774789464780  0.28665186085229516
  0.29822055821492655  0.30943295915400942  0.32048914904662368  0.33128573184702853
  0.34266320078284007  0.35335607155682708  0.36374240395999613  0.37365955881759766
  0.38345609713963896  0.39307471886370238  0.40299796332094956  0.41312168048238906
  0.42414062826034993  0.43450595122961466  0.44480915124611475  0.45549524970789823
  0.46661867760324505  0.47766148756114757  0.48789906661021493  0.49733913753439685
  0.50736584404769447  0.51702630394681315  0.52687118702831481  0.53675088386905390
  0.54730315044910993  0.55912041800642431  0.56943274882028216  0.57996207985953996
  0.59153277097150014  0.60358309294379620  0.61478037076688219  0.62555649738575447
  0.63616430889610320  0.64601509859975581  0.65616417445024644  0.66664892570576650
  0.67766577635039804  0.68837621509688607  0.69933710151163231  0.70992457171295842
  0.71927476594855044  0.72856921107139894  0.73868190366660058  0.74926386110415666
  0.75986542579290706  0.77053048868020335  0.77949503390047292  0.78951122249388594
  0.79958576018751915  0.80990299077285133  0.82006933218059586  0.82930576114647625
  0.83887912496345696  0.85012193817039128  0.86153358981641004  0.87330115687824195
  0.88402354549586482  0.89445142264550026  0.90521783108897969  0.91630027089734678
  0.92739539774415403  0.93764563268481216  0.94754144260131434  0.95756619354914740
  0.96880501401318708  0.97948575627012457  0.98997475596424600  1.00000000000000000
   6.3383688918819373E-009  -1.0000000000000000     
 T F T F T F T F F F F F F F F F F F F F F F F F F F F F F F F F F F F F F F F F F F F F F F F F T F T F T F T F F F F F F F F F F F F F F F F F F F F F F F F F F F F F F F F F F F F F F F F F F F F F F F F F F F F F F F F F F F F F F F F F F F F F F F F F
  <DiscreteSampler_grid>
  grouped_processes
  1 # 1 for a reference and 2 for a running grid.
  10 # Attribute 'min_bin_probing_points' of the grid.
  1 # Attribute 'grid_mode' of the grid. 1=='default',2=='initialization'
  0.0000000000000000 # Attribute 'small_contrib_threshold' of the grid.
  0.5000000000000000 # Attribute 'damping_power' of the grid.
 # binID   n_entries weight   weight_sqr   abs_weight
    19   10   1.510224327444570E-001   6.746073352173294E-002   1.510224327444570E-001
    25   10   1.582841019701222E-001   5.915625601487308E-002   1.582841019701222E-001
    37   10   1.619107064420633E-001   5.346538092045085E-002   1.619107064420633E-001
    43   10   1.215412881498024E-001   3.949581747325133E-002   1.215412881498024E-001
  </DiscreteSampler_grid>
