  0.02656977827026524  0.02658011851051725  0.02658821866594254  0.02659627715777375
  0.02660442233445129  0.02661244253603572  0.02662052260561333  0.02662871122961336
  0.02663690027474173  0.02664499225766370  0.02665303687878201  0.02666107596441609
  0.02666947180314134  0.02667789392198696  0.02668635369050803  0.02669502864900262
  0.02670356059385686  0.02671236002351657  0.02672129520810953  0.02673007055473936
  0.02673892698858446  0.02674782721117216  0.02675671132629832  0.02676550596157556
  0.02677414345806349  0.02678294330980527  0.02679196592305231  0.02680127888679156
  0.02681084915592973  0.02682017183361222  0.02682934336491461  0.02683845763324545
  0.02684763741052614  0.02685704222312497  0.02686699896608023  0.02687713139605435
  0.02688719319726104  0.02689749632927458  0.02690794908363425  0.02691825312894201
  0.02692840373471194  0.02693846615972136  0.02694846402695944  0.02695869677856562
  0.02696903512500964  0.02697942302406508  0.02698988860488102  0.02700053463119769
  0.02701192135441141  0.02702346387460119  0.02703490804846060  0.02704625520495443
  0.02705785990724941  0.02707004935712353  0.02708240461319343  0.02709474875265724
  0.02710709545200749  0.02711940664872426  0.02713234562804386  0.02714490595777947
  0.02715833311590441  0.02717227619885755  0.02718658487211952  0.02720116704426662
  0.02721579256735043  0.02723080569968290  0.02724604483528483  0.02726157795649893
  0.02727718540597708  0.02729274282962056  0.02730998463193713  0.02732828902634317
  0.02734699642760039  0.02736589835577925  0.02738500922267737  0.02740439415942249
  0.02742388171005187  0.02744353810470345  0.02746457392880579  0.02748769499975433
  0.02751107285412340  0.02753566935155823  0.02756072088264211  0.02758688557148371
  0.02761573963760912  0.02764888938138033  0.02768386784675675  0.02772083948418128
  0.02776302447550315  0.02781171572427055  0.02786444142798733  0.02793136097484185
  0.02802062384116428  0.02811576656645603  0.02812125388051048  1.00000000000000000
  0.00872494592936807  0.01906217065730580  0.03110093833342551  0.04404527891882470
  0.05499129158991615  0.06515990902080214  0.07444453780071136  0.08434178312338012
  0.09481819908200288  0.10630984813557420  0.11732861205201173  0.12771111034730703
  0.13748702154298076  0.14699383928072288  0.15735557390774826  0.16761137992876568
  0.17871227710247514  0.18871015651949966  0.19889992333240830  0.20911885099328584
  0.21992614740736530  0.23040170921462869  0.24080434847017793  0.25180611728137681
  0.26349614043018327  0.27579973435293320  0.28813879062389097  0.30013123651559748
  0.31213591420910236  0.32350833866142387  0.33402932240350752  0.34329927351646033
  0.35262302920987099  0.36256152785319484  0.37360810010638940  0.38477317917543447
  0.39605439519545199  0.40816984430518582  0.42001001237534319  0.43158139517523658
  0.44193608780237853  0.45107946004149596  0.46006236214933072  0.46933777338463123
  0.47875618572869760  0.48759581034494126  0.49649163991219319  0.50593106948394651
  0.51569176218542245  0.52541826229355426  0.53546713300755500  0.54779966735514740
  0.56071668460473734  0.57299967507695226  0.58428106623842702  0.59505710709173920
  0.60566182658129120  0.61626728278710274  0.62739545061135160  0.63914454039148549
  0.65038331542962369  0.66088955240160885  0.67093608466607457  0.68051488719067665
  0.69010434135034993  0.70033748145459307  0.71162316856112950  0.72352191421471301
  0.73441161566225055  0.74453675212040071  0.75430359124445123  0.76326299388311170
  0.77203279683859705  0.78048610550768571  0.78894172962206666  0.79763541224243184
  0.80639706595772376  0.81565582005837600  0.82470011929916875  0.83383656482316226
  0.84323467123438700  0.85339640006267625  0.86484888573948615  0.87651787260662795
  0.88725258384709338  0.89754154164009581  0.90779605252818196  0.91781519987295157
  0.92729292681140296  0.93725298614305441  0.94864276522855240  0.96020279733668379
  0.97019147629443969  0.98056599005760847  0.99116234151479232  1.00000000000000000
 -0.00000684867893702  0.00015194484756376  0.00036844129351330  0.00062894269433162
  0.00098972486985906  0.00139648452375384  0.00190589534713014  0.00250281733984985
  0.00310505307335775  0.00372486162266859  0.00447965379287795  0.00528735731261209
  0.00611320652328969  0.00697581311186789  0.00791925499277544  0.00895759024321299
  0.01003560741876518  0.01106685679500371  0.01214687148046962  0.01345430998926844
  0.01507866425825864  0.01669166040949596  0.01815218113485825  0.01969916120922423
  0.02129224836963126  0.02290117151596636  0.02460105681504097  0.02637761178835150
  0.02818107029278876  0.03006052602686145  0.03190977823027685  0.03366663781132248
  0.03541294696960048  0.03721665848427318  0.03908303878811870  0.04090641412243307
  0.04274153573892478  0.04469517151804432  0.04677034435563893  0.04881271561881784
  0.05073176781299530  0.05264207657777904  0.05464704196542191  0.05684357206844846
  0.05912656596767918  0.06151163573098975  0.06404152556591004  0.06661962689031238
  0.06931506944248046  0.07201462246049406  0.07480892290260807  0.07772298570244440
  0.08081907090276443  0.08415693106370410  0.08769651687207229  0.09126707408782955
  0.09478154830006751  0.09825267009502001  0.10173184327361455  0.10530041943750143
  0.10881390479465655  0.11224626262182880  0.11563546371068351  0.11906376590717044
  0.12276108539389130  0.12653321166885823  0.13065398779080320  0.13525984468181482
  0.14005544546403817  0.14498187194023504  0.15010926977916988  0.15532827230229909
  0.16030225208915039  0.16552597095944591  0.17082783157236059  0.17630204662687968
  0.18235332144287530  0.18863558166100294  0.19486458289544081  0.20172202527597094
  0.20960278878334376  0.21769343120963530  0.22657886019660903  0.23612950750535980
  0.24590762047488646  0.25528390299938875  0.26472720457795895  0.27493604457174942
  0.28615433179377830  0.29854812629627597  0.31273171384524151  0.32982469880151893
  0.35228110647519095  0.38452834513053641  0.41396577290817382  1.00000000000000000
 -0.00946604964103532  0.05431825721927007  0.08833366961128876  0.11759294308419851
  0.14331206534026761  0.16375047397499093  0.18094062678484119  0.19782712823864498
  0.21498379359518513  0.23311611513032152  0.25048321118327915  0.26589332451433595
  0.28107721161700550  0.29532644157068560  0.30736443184794615  0.31894830263371060
  0.33055012645503878  0.34249473266670338  0.35534282916087473  0.36865436947497249
  0.38147346543209559  0.39393735690012394  0.40641711459054608  0.41859503412716809
  0.43064989922280261  0.44156252329180135  0.45184700130785799  0.46204187538116387
  0.47258626160906841  0.48370036832414987  0.49482607248607008  0.50517214157953627
  0.51587584743342152  0.52584320109684657  0.53565868207804301  0.54548136049580787
  0.55535505583574263  0.56514203204387137  0.57463464984568047  0.58377983811464074
  0.59273897353574090  0.60148746053885349  0.60962764596473773  0.61748962729714252
  0.62573587112753370  0.63449488172937274  0.64377831819253140  0.65284192026723675
  0.66137809711372997  0.66972278620315651  0.67816876894296374  0.68709275215590349
  0.69658800694077994  0.70636555974445592  0.71635114567043867  0.72775799557296073
  0.73660455799589153  0.74515149332523034  0.75295759976963705  0.76041422436275563
  0.76815774363252709  0.77588154451022895  0.78324471071255464  0.79019326821424063
  0.79690530754326416  0.80359711207987727  0.81062047796602443  0.81766825901207030
  0.82452140067255275  0.83119842453611725  0.83802301082191433  0.84513914521909261
  0.85225742161354623  0.85948408072360438  0.86652315217944720  0.87310910001181197
  0.88008820413825151  0.88746054803460028  0.89466793567110015  0.90215762179438852
  0.90987387176346168  0.91756146838901720  0.92377304830095919  0.93012215406484477
  0.93606009237409149  0.94177926431361703  0.94743444194731841  0.95328678319000093
  0.95941913758462061  0.96566140098954867  0.97184919438270267  0.97783995227225440
  0.98363024462738424  0.98928800240500947  0.99468344772079009  1.00000000000000000
 -0.00233352119534862  0.00867137453636572  0.01904810104354336  0.02979138008668719
  0.03972797023816209  0.05007754040300930  0.05937620370000549  0.06879526803558367
  0.07799717761258528  0.08748824459805261  0.09845420447470024  0.10925474045756756
  0.12185476272553250  0.13598286396064899  0.15043391087180163  0.16373868054955312
  0.17521931309876618  0.18561081186271008  0.19601788513442964  0.20637081673715377
  0.21739801426180819  0.22898555105282742  0.23977532117605616  0.25018719615710255
  0.26064211917006785  0.27119868690749976  0.28061283096986583  0.28939657396315188
  0.29845674662316513  0.30738286466825232  0.31691008855800668  0.32674060887933154
  0.33659818131857994  0.34649978814404031  0.35681351598711841  0.36761759727867022
  0.37792353184502464  0.38766956381291306  0.39807412127495401  0.40939995840850213
  0.42057486114695170  0.43152605290061008  0.44319445181366107  0.45486316507677815
  0.46624463711737524  0.47739625699531590  0.48860331590427458  0.49976366851103554
  0.51000306502630788  0.52023998807173122  0.52924556032141123  0.53760489463807737
  0.54612597509791538  0.55511560816080341  0.56473646272131128  0.57481062571251573
  0.58469905016825285  0.59504711171571389  0.60527465995633734  0.61562781782922593
  0.62594084337201272  0.63661100993993169  0.64725913078365893  0.65735428386127015
  0.66698967187751956  0.67627284296396584  0.68563886995864654  0.69518050254519614
  0.70523177563423434  0.71577704217694005  0.72621883568045609  0.73608395975511254
  0.74475850708476943  0.75491311233156044  0.76630920705420957  0.77823184196924045
  0.79093547925583330  0.80389719376943536  0.81613773147094348  0.82702876409101100
  0.83741450567348907  0.84755656922717404  0.85800684958993190  0.86885342434364310
  0.88041069452969134  0.89252844432451639  0.90446874220586004  0.91573458831691190
  0.92612368440538917  0.93657036277568262  0.94731424446944146  0.95780299034535887
  0.96759736983766242  0.97715201914447802  0.98742907279726666  1.00000000000000000
 -0.00269125891023929  0.01085067314700841  0.02280081629491793  0.03758719971331066
  0.05361781275516666  0.06750534034507112  0.08053729632006328  0.09013419476195327
  0.09922966946283854  0.10829397304629904  0.11746706457394136  0.12681907574880297
  0.13603572948474021  0.14580239519643848  0.15750113648969416  0.17013626546910252
  0.18166420936277924  0.19316432882853232  0.20358046851914940  0.21404292967454169
  0.22386325588945166  0.23497830572983081  0.24681597987336640  0.25985636728134681
  0.27344761481341867  0.28629383641123651  0.29873093163357828  0.31115068354579611
  0.32312049288906958  0.33426685948770696  0.34908324020743342  0.36204137266914826
  0.37483794802669235  0.38658186196441319  0.39732646516008130  0.40725811184047245
  0.41629636634304013  0.42617538262789545  0.43639627334386139  0.44695796104169527
  0.45744074808171015  0.46807142465199436  0.47902098125752091  0.48986203387332933
  0.50105320197732972  0.51227105286156138  0.52338216853306496  0.53491178950468621
  0.54717514893248398  0.56023648506504509  0.57327708960164692  0.58536083832507935
  0.59727630014828403  0.60865771381323308  0.61983399805435313  0.63086512358232960
  0.64194396005479892  0.65344506773643019  0.66567707490638706  0.67844172716024020
  0.69082448855178080  0.70246673836453510  0.71385583976477762  0.72497117799213073
  0.73579501059070573  0.74647662317594010  0.75743666915544805  0.76854643744791440
  0.77970731538097360  0.79109874766848276  0.80158979969459809  0.81186260256982079
  0.82114582280727932  0.82984964887133217  0.83845699475702495  0.84682391082289432
  0.85493781014724290  0.86298341272396806  0.87134378500131004  0.87994733420923432
  0.88829002924647782  0.89629608665867710  0.90416600324428531  0.91181049672898939
  0.91919804234537306  0.92660183437037746  0.93441686407453017  0.94291330690957509
  0.95169150226707977  0.95970339977137753  0.96677644214703840  0.97387922058652632
  0.98094241071826593  0.98736165836205492  0.99349791409864430  1.00000000000000000
 -0.00209864506750070  0.00867348874583505  0.01909588395873799  0.02860928487641063
  0.03822791769452688  0.04830480377948882  0.05858722243123751  0.06929395947960153
  0.07994192776632351  0.09084757536256299  0.10246737910558022  0.11301782452710839
  0.12445683410954186  0.13668466679337651  0.14866820166664779  0.16066370413956110
  0.17162067494386329  0.18224984635305969  0.19249167838902281  0.20250643775732782
  0.21166457350926132  0.22067277810417540  0.23044433068580258  0.24013806227620252
  0.24902121728672968  0.25733350708917713  0.26518801514046425  0.27338266842426756
  0.28207790683453426  0.29177997935995365  0.30125181158899644  0.31043359989426766
  0.32027311341964931  0.33186906333734167  0.34472684579870561  0.35958556928646479
  0.37476699643870048  0.38602885105528140  0.39628605311350279  0.40602919617089556
  0.41599149255085066  0.42664819196389070  0.43796002047536287  0.45052257543277696
  0.46251934847022630  0.47348650073233223  0.48322480737936940  0.49218142701907103
  0.50135851872839854  0.51067602967014736  0.51943207078521880  0.52764012149164907
  0.53554234098624676  0.54396341769258283  0.55378932098131006  0.56452698693978676
  0.57516150381967890  0.58579332443058707  0.59744972270612950  0.60898785527879085
  0.61876168510417440  0.62769677141615932  0.63641811749686394  0.64610139800011879
  0.65754081731216796  0.67028150263905906  0.68278944339550074  0.69304852380107240
  0.70222356995492652  0.71271341732999449  0.72361951058579255  0.73390685774771136
  0.74405286813213323  0.75603394869632701  0.76936069979325428  0.78142921841138435
  0.79307301760396731  0.80474551348243184  0.81526512435426346  0.82493204910472928
  0.83509104447722216  0.84726783587805687  0.85855685797288850  0.86929984840178742
  0.88006455165096520  0.89137189685315676  0.90233889049774685  0.91307444517658509
  0.92391996950319721  0.93487164806994494  0.94581390022894918  0.95710848222295686
  0.96839591757353849  0.97953051638457878  0.98981938352713328  1.00000000000000000
  0.00532386026648981  0.01581046540750973  0.02514041697760908  0.03559489204954630
  0.04607006934807409  0.05623135033396955  0.06742131861546259  0.07897543928475796
  0.08933833659977598  0.09867715602368632  0.10771836217247156  0.11688240573042724
  0.12603848221394637  0.13550565425399883  0.14525458266041708  0.15528584158213429
  0.16573683806641876  0.17655302669856524  0.18762890397985976  0.19837306642059621
  0.20847969990455700  0.21873787496071140  0.22926384565581617  0.23976735789554726
  0.25062032914607757  0.26192722873189828  0.27316516830846838  0.28397374006482984
  0.29525237021225215  0.30752982109311328  0.31839073705418680  0.32852135349391626
  0.33868916078269157  0.34942882451516655  0.36045095229750157  0.37166196773000088
  0.38161544774657280  0.39087672360851589  0.40054672753567538  0.41011544608657979
  0.41927771704651018  0.42778855193744236  0.43694822832261843  0.44773860298100393
  0.45917118782356420  0.46945331073380003  0.47937150847837590  0.49000769337835332
  0.50067100376424745  0.51125849718582428  0.52194491155659706  0.53278538921699192
  0.54356642101739117  0.55384649972582234  0.56404339312589791  0.57398368147018231
  0.58369012200962400  0.59399660594969317  0.60477231064542147  0.61534911428540751
  0.62569179602325808  0.63618491379290121  0.64628687233916160  0.65593199879028485
  0.66585870634648336  0.67594112697037756  0.68622606829008848  0.69657003300808762
  0.70788465403909562  0.72058949563840502  0.73343224671461671  0.74543260771439435
  0.75688486632604135  0.76796698511376837  0.77809314833638166  0.78751816754020321
  0.79726454935341251  0.80763456503798492  0.81847099115823274  0.82931763069976883
  0.84045244105977379  0.85176559143207820  0.86254400053598312  0.87327150325472114
  0.88459804060541869  0.89646563449347794  0.90832237118110548  0.92094566399845379
  0.93399074820519379  0.94515146001361439  0.95476695015364921  0.96375163315608714
  0.97251091585291316  0.98199931980697364  0.99109177849700703  1.00000000000000000
   2.9941295282414860E-016  -1.0000000000000000     
 T F F F T F F F T F F F T F F F F F F F F F F F F F F F F F F F F F F F F F F F F F F F F F F F T F F F T F F F T F F F T F F F F F F F F F F F F F F F F F F F F F F F F F F F F F F F F F F F F F F F F F F F F F F F F F F F F F F F F F F F F F F F F F F F
  <DiscreteSampler_grid>
  grouped_processes
  1 # 1 for a reference and 2 for a running grid.
  10 # Attribute 'min_bin_probing_points' of the grid.
  1 # Attribute 'grid_mode' of the grid. 1=='default',2=='initialization'
  0.0000000000000000 # Attribute 'small_contrib_threshold' of the grid.
  0.5000000000000000 # Attribute 'damping_power' of the grid.
 # binID   n_entries weight   weight_sqr   abs_weight
    10   10   4.431805191781093E-004   5.020432613078589E-007   4.431805191781093E-004
  </DiscreteSampler_grid>
