 -0.00000001039416119  0.00001327404285938  0.00010363497192554  0.00030288942800885
  0.00059745918426549  0.00097780058114104  0.00144938091146093  0.00201438440245031
  0.00265422822366318  0.00335320643973842  0.00413177770721188  0.00494089306705229
  0.00577246405527393  0.00664858678898116  0.00755141880655142  0.00846302429361140
  0.00940990823139284  0.01036569433742783  0.01135943637317628  0.01240001786988893
  0.01345462546705244  0.01451238412952043  0.01562765498093148  0.01677673954853711
  0.01791529722419655  0.01904588229999711  0.02023626249659507  0.02154790805752530
  0.02281028998122847  0.02406404612501490  0.02531858699740049  0.02659473387161874
  0.02790273797794049  0.02919973685551951  0.03048301367700133  0.03175819062630714
  0.03305105256708831  0.03437693163797236  0.03575050632312646  0.03716095119153989
  0.03855316416199931  0.03994778686949595  0.04137913011850971  0.04278852482622716
  0.04421065905175635  0.04565677160087889  0.04713192135180860  0.04862415121675384
  0.05011613592716315  0.05160184915066843  0.05309468731944983  0.05460512046504628
  0.05611747584872886  0.05762142231428576  0.05916576224537113  0.06079977582692454
  0.06252604663611501  0.06428378018405882  0.06604060096497667  0.06777758152499010
  0.06949615018014292  0.07119832283413995  0.07289748669142562  0.07461280789903486
  0.07633756427806974  0.07808015423393837  0.08009444624219335  0.08219366058488575
  0.08430619557083638  0.08642976501022115  0.08848782488127184  0.09053595779639756
  0.09259656971777801  0.09471190618601474  0.09689242185679701  0.09911770254859689
  0.10137202838820614  0.10370498101958979  0.10619258196978933  0.10888962977345940
  0.11176847283966038  0.11473753835999295  0.11786995110047600  0.12110552402163619
  0.12450781191190106  0.12807082907924866  0.13173749487421715  0.13552657904551985
  0.13957911305192647  0.14490560258381718  0.15119403633646383  0.15841483740141504
  0.16739183512690139  0.18082336771626514  0.19389848278865029  1.00000000000000000
  0.00949618306781464  0.01584202859988082  0.02460951398417432  0.03435695931160378
  0.04401115100265863  0.05361057354278962  0.06316872963420445  0.07291647374051395
  0.08293224449085088  0.09360093247437203  0.10436898456294179  0.11431711406457012
  0.12417054746887983  0.13418645397765408  0.14448365478496936  0.15453626346623522
  0.16441953847650842  0.17475479752093381  0.18575016455365317  0.19704686157082552
  0.20847668600409458  0.22050515027978221  0.23236338956583522  0.24389491422261314
  0.25493723116849215  0.26531807549876646  0.27557148841235451  0.28537196910549795
  0.29539762558726657  0.30489273156778474  0.31439999901823351  0.32416379379111476
  0.33439318323026301  0.34500131738620465  0.35593952197209483  0.36735467652541437
  0.37912449746029342  0.39011992663003181  0.40106023969627996  0.41162480854716715
  0.42181816441997944  0.43190629949342701  0.44189475006448764  0.45173159393413925
  0.46174386954828606  0.47141309630328843  0.48083288381102129  0.49006812948758982
  0.49962754644386814  0.50973401773126137  0.52006324188010455  0.53017610534993498
  0.54042555673793868  0.55115695399898956  0.56235033041918658  0.57372175156011951
  0.58476787905830629  0.59558082747497521  0.60641244550985052  0.61737366929282789
  0.62796688690706681  0.63792250479306911  0.64781914580061417  0.65808315033375042
  0.66890121853051243  0.67990371301056884  0.69105798779393435  0.70266264457939298
  0.71456070756510659  0.72661788611827138  0.73881955150484580  0.75034008062213042
  0.76130843733929465  0.77169733316707545  0.78185569692487722  0.79195980834397950
  0.80240362827495559  0.81306151288499406  0.82386226387145012  0.83479127885364979
  0.84591589169071024  0.85687782837985682  0.86736356740254161  0.87780155720719422
  0.88814551542476039  0.89821620685114223  0.90849923311071135  0.91872864902152696
  0.92972054106162394  0.94046447642882802  0.95193706295644509  0.96253683877562501
  0.97256201886467786  0.98236873621847653  0.99115023220632492  1.00000000000000000
 -0.00279083531540769  0.01152630059341794  0.02288042464181894  0.03473929862525607
  0.04698469633823044  0.05931691810067484  0.07025930720986460  0.08033540535201439
  0.09046304216143254  0.10069387344055090  0.11115759173650375  0.12180231137407199
  0.13291908402009509  0.14403804746518897  0.15486028571347354  0.16564081157451357
  0.17668645733327359  0.18780306553220663  0.19905778073755445  0.21018274216436067
  0.22111803385950940  0.23182653935195896  0.24173094744744011  0.25128481538463704
  0.26083990291670545  0.27050701686592399  0.28093042366513693  0.29144789760703688
  0.30217166707820575  0.31275400605484982  0.32304004022679844  0.33318629468561084
  0.34343136116666784  0.35365871921680625  0.36429415268549564  0.37502130597086952
  0.38578907475543950  0.39657058434977355  0.40735708673142734  0.41776829383021663
  0.42765182828090553  0.43751711856264347  0.44748080732059697  0.45751850351359136
  0.46737004080712419  0.47724357288951508  0.48769482507851081  0.49811077602515436
  0.50781144205867479  0.51730062935897536  0.52766705723343665  0.53822955185528210
  0.54842554117451681  0.55810160633388772  0.56825451715709940  0.57924255774564559
  0.58966025976950620  0.59997992442694870  0.61062399471376638  0.62111665343578804
  0.63195503463235847  0.64245846886208224  0.65356382770052712  0.66442297895243507
  0.67637604633658932  0.68805776358639859  0.69881408558987068  0.70944673302544692
  0.71989875880967802  0.73013570733681221  0.74001958640078058  0.75016673049982918
  0.76110554333206559  0.77215553815576932  0.78288080696014428  0.79309199450540313
  0.80346209135435853  0.81325208252154380  0.82309892037073229  0.83283277132209399
  0.84302065217834810  0.85306613251266850  0.86298489830867142  0.87265527293112299
  0.88225307212245263  0.89203962606094389  0.90225206151046744  0.91267493768680574
  0.92342669674482869  0.93407868050119147  0.94476410183598558  0.95537865026298852
  0.96650125132085951  0.97782825038545784  0.98896235989610026  1.00000000000000000
 -0.00225677913631529  0.00971433578604501  0.01948118191276302  0.02959778528489249
  0.03992471626285460  0.05000074377328657  0.06006708559590373  0.07050956534767273
  0.08127272683186075  0.09198923266617968  0.10254206767939238  0.11321638342337320
  0.12361329381020171  0.13395801543517538  0.14411975294567297  0.15469515275719237
  0.16551864466186633  0.17636788380805549  0.18685418860403716  0.19736120740075688
  0.20797156555560903  0.21839507816859646  0.22857732829054636  0.23845950145299924
  0.24875140207663590  0.25980384009392632  0.27136636808061121  0.28299335393760117
  0.29460819210908240  0.30622615303905709  0.31751647900017038  0.32779720324773576
  0.33826435188265214  0.34866625279762109  0.35902316995426786  0.36936989900392025
  0.37988941988796032  0.39077103734728652  0.40112361125364759  0.41116271983398545
  0.42170789277868947  0.43264434486291903  0.44309499663516838  0.45322976532275000
  0.46389368148676718  0.47497877350575440  0.48615713415735090  0.49746165002107917
  0.50966492226023241  0.52185830655043586  0.53351305179731512  0.54460309665221662
  0.55525166830944905  0.56559920247582174  0.57553234449498292  0.58548576051559098
  0.59556588914584152  0.60597185430477640  0.61686884981315293  0.62759420770994834
  0.63832806442134138  0.64879760431404776  0.65929374184418277  0.66945344463512302
  0.67933609702508380  0.68899426215390858  0.69867948079053299  0.70849602749215412
  0.71871556714732421  0.72926479353298213  0.73992226729648725  0.75054056966247551
  0.76070484509396175  0.77074010947462079  0.78053956276827297  0.79031133527684627
  0.80038952199612212  0.81047738299054306  0.82036376764864682  0.82990817608862422
  0.84002878343353093  0.85072632972103002  0.86176269693952878  0.87264631820350613
  0.88421989174030013  0.89575923150759573  0.90639747166665274  0.91682772529976686
  0.92741593848403414  0.93822303363681692  0.94887008753843360  0.95892834913311675
  0.96892028363178473  0.97905136004504389  0.98950358209851175  1.00000000000000000
 -0.00266895737242338  0.00963019065659243  0.02061005311998045  0.03215411487577043
  0.04356447648716036  0.05460153785494274  0.06526463429107041  0.07614375573436129
  0.08655987217196277  0.09637840687549423  0.10608453858531308  0.11653041935919463
  0.12762561817473406  0.13946332533268127  0.15092139951125000  0.16223672613420081
  0.17334654154771825  0.18436286007748676  0.19482439387241213  0.20489817904414898
  0.21531260892211124  0.22556681549865978  0.23588608862159599  0.24628765620773585
  0.25697842582101527  0.26794625570853753  0.27909216112408841  0.29036070080212545
  0.30128024555706034  0.31191108304361831  0.32230073378770452  0.33253671527652573
  0.34252432840786989  0.35255104879391541  0.36263363636770490  0.37299422265287352
  0.38339425221401363  0.39373283233011752  0.40436524287840825  0.41497410841443078
  0.42588945631097547  0.43693750319102193  0.44781061111452930  0.45849860617802507
  0.46869436188658808  0.47850435177171147  0.48883565803171153  0.49947197832404078
  0.51054077161737499  0.52128917634272776  0.53100028158409007  0.54086106129489031
  0.55053820685906862  0.56060659180728201  0.57102735724737230  0.58152896746322025
  0.59216505394581465  0.60265400793504831  0.61347009375552031  0.62466116527030846
  0.63558724311763393  0.64669353807594343  0.65828220413339189  0.66917357261398136
  0.67934763046286628  0.68956319609606853  0.69999251856590627  0.71066096222165986
  0.72117068076919111  0.73192851481608767  0.74320703545732680  0.75445511814388833
  0.76550009374352879  0.77627520567109698  0.78697834014570645  0.79780352219803341
  0.80798690536771567  0.81795610449870026  0.82775251168934838  0.83826177833552484
  0.84956249352080049  0.85996402599836652  0.86985820459078256  0.87950514023332127
  0.88911591489132924  0.89903067237716006  0.90914244222085794  0.91907965698064820
  0.92956663087437597  0.93959070347411655  0.94983208102012939  0.96001696032715278
  0.97009402431315928  0.97993935518956787  0.99005295584390962  1.00000000000000000
 -0.00246871507827411  0.00953077300263953  0.01982306364522354  0.03088730128009739
  0.04188671073104028  0.05221179059987104  0.06204403281760403  0.07179251103167100
  0.08141216169349244  0.09093302390137795  0.10040648747792166  0.11032110169920949
  0.12102310528998912  0.13224866439791591  0.14415703249426126  0.15611561557438203
  0.16761856826466190  0.17858701878494337  0.18959021536056858  0.20033090498829950
  0.21127949227741041  0.22188244946648178  0.23223685334167030  0.24261918489562739
  0.25324389030429623  0.26438111154167093  0.27538284538376301  0.28605056846420807
  0.29699327647376750  0.30833179106451453  0.31935619435233870  0.33010125088612169
  0.34106257813591662  0.35192886866893641  0.36250514167191111  0.37254804770762590
  0.38227505011388679  0.39173105832723110  0.40146428277527463  0.41136900768532086
  0.42112244270658744  0.43061901120001578  0.44030955835745994  0.45069587241135944
  0.46138286570870790  0.47225656838239172  0.48290289317679386  0.49311106469904359
  0.50370007646397674  0.51476833858553073  0.52527324942353926  0.53497167854092842
  0.54466720875186181  0.55484686923362625  0.56475136117437486  0.57417842661001706
  0.58390238088261315  0.59421869986234654  0.60479823446007164  0.61596835354219726
  0.62730821857675656  0.63860324372759092  0.64936925659403888  0.65977858594316297
  0.66999795062806478  0.68024981037465559  0.69053844715011070  0.70126082816336688
  0.71200508320654177  0.72224510491645433  0.73226794144173513  0.74177555343658230
  0.75176460309918691  0.76193637188807450  0.77185105196769221  0.78180228324610612
  0.79158548910585580  0.80201973301641605  0.81293483949396517  0.82458757472179212
  0.83645795918417409  0.84805339290339565  0.85947170687014773  0.87065745460830013
  0.88261593465339128  0.89451178219530425  0.90522782205438412  0.91551732729899704
  0.92591628548673155  0.93610143208155627  0.94617517483798441  0.95644885811839442
  0.96751099478398139  0.97862513942759677  0.98944047530173596  1.00000000000000000
 -0.00207572867575713  0.00813010171346860  0.01654109441921032  0.02471182667884057
  0.03254532666528929  0.04058038427626760  0.04854085408930275  0.05671574662431932
  0.06498473589700131  0.07345874597305235  0.08241089241396486  0.09227723388012836
  0.10243354365947832  0.11263114605863932  0.12299690457063542  0.13378178414440225
  0.14438964948430233  0.15516509820674534  0.16577568492409037  0.17582893174427455
  0.18582158208299629  0.19599577728654796  0.20629109304988699  0.21669640394221232
  0.22715158008688777  0.23804582646398448  0.24940112455282490  0.26115094105729092
  0.27277027764816952  0.28369387717892369  0.29443454233284500  0.30490797348018678
  0.31557350467914869  0.32610989480821095  0.33690048938674877  0.34812223639193307
  0.36016901468130513  0.37249874547611223  0.38475970756976607  0.39759903616179798
  0.41064510713761487  0.42376393066491352  0.43645974735064519  0.44922945218810167
  0.46172421678566689  0.47384262318244358  0.48594772209572462  0.49776549095103156
  0.50973914607293758  0.52180599353597501  0.53519785565663591  0.54777699510491351
  0.56022028145119729  0.57135507640138739  0.58228896902744021  0.59316337962337573
  0.60381327762848924  0.61450567329946049  0.62519156226448624  0.63666981911149190
  0.64850196223056833  0.66013749177514425  0.67181350851415322  0.68364556382957387
  0.69501934023902445  0.70610479297339990  0.71689497652413481  0.72722017389065630
  0.73715501418011486  0.74709292445040021  0.75723379689696124  0.76745106336247637
  0.77796119803610841  0.78887028442766716  0.80026404388437433  0.81150196922990603
  0.82190403661832145  0.83209085651208137  0.84251044797685082  0.85317543504674187
  0.86350739789851716  0.87353187554225908  0.88350564232894091  0.89332729362395624
  0.90288680058609982  0.91244109908368110  0.92159723358251855  0.93018830987313184
  0.93864037980740311  0.94710540616879957  0.95551245809278340  0.96379782835941064
  0.97202338874975247  0.98057364982305439  0.98998919483812275  1.00000000000000000
 -0.00222972302446266  0.00914930370231762  0.01859040525159076  0.02851241742058432
  0.03836164441156556  0.04872441681996328  0.05953345752652934  0.07063686567205803
  0.08209847683977931  0.09260260902092653  0.10326988002357033  0.11385127394982464
  0.12478649893002421  0.13535923349951254  0.14594029386689195  0.15586965973106309
  0.16570070163469330  0.17535869647102842  0.18520264182632173  0.19515299759357074
  0.20500659599474069  0.21539574290928781  0.22640557799575628  0.23777653302596444
  0.24900277547682537  0.25971407014572900  0.27022730028664305  0.28091568779551274
  0.29178594048534051  0.30257647732537235  0.31288700408317927  0.32270093966575436
  0.33254604329501980  0.34289606488749946  0.35346302404086238  0.36415237844509368
  0.37491507944317698  0.38609824017699523  0.39745349068562269  0.40820839799597503
  0.41876370423202275  0.42913940922858368  0.43955302455669648  0.44989643622708975
  0.46045928551361626  0.47123901711813126  0.48198126524912965  0.49242665865887303
  0.50258598085810857  0.51261855593447880  0.52243093963414189  0.53210416257896631
  0.54169744762977423  0.55146635297970481  0.56119451642077334  0.57096779320615698
  0.58061350665418399  0.59044845804359969  0.60009244626236791  0.61014311829579615
  0.62097224165845455  0.63207920072285484  0.64335362145366481  0.65402766871161078
  0.66454233927745543  0.67479097352174977  0.68454220690205214  0.69424252548756049
  0.70436091498521869  0.71551770512509882  0.72783289796253836  0.73979621530370987
  0.75126843220533024  0.76217649427060263  0.77262799491642631  0.78310959764541377
  0.79364140278532214  0.80440035024081169  0.81493480446822686  0.82549502555032717
  0.83611462274734516  0.84742744660393210  0.85902926714143979  0.87029454023328079
  0.88139284696271247  0.89227443066368761  0.90322192505826182  0.91400510313728556
  0.92455185646906501  0.93548716009372079  0.94662656884018159  0.95804683307576433
  0.96867226758858316  0.97933742898926701  0.98945187426478498  1.00000000000000000
   1.4310276620949715E-009  -1.0000000000000000     
 T F T F T F T F F F F F F F F F F F F F F F F F F F F F F F F F F F F F F F F F F F F F F F F F T F T F T F T F F F F F F F F F F F F F F F F F F F F F F F F F F F F F F F F F F F F F F F F F F F F F F F F F F F F F F F F F F F F F F F F F F F F F F F F F
  <DiscreteSampler_grid>
  grouped_processes
  1 # 1 for a reference and 2 for a running grid.
  10 # Attribute 'min_bin_probing_points' of the grid.
  1 # Attribute 'grid_mode' of the grid. 1=='default',2=='initialization'
  0.0000000000000000 # Attribute 'small_contrib_threshold' of the grid.
  0.5000000000000000 # Attribute 'damping_power' of the grid.
 # binID   n_entries weight   weight_sqr   abs_weight
    19   10   1.616317844653775E-001   8.855118233682935E-002   1.616317844653775E-001
    25   10   1.169470964827643E-001   4.588363794623135E-002   1.169470964827643E-001
    37   10   1.177713550457260E-001   4.131862869336139E-002   1.177713550457260E-001
    43   10   1.368907567039837E-001   5.220769959771061E-002   1.368907567039837E-001
  </DiscreteSampler_grid>
