 -0.00000001011680856  0.00001307301433505  0.00010073673253821  0.00029047165155203
  0.00058328235977883  0.00096653898654451  0.00143367377587666  0.00198482003837260
  0.00259261870227682  0.00325672358737235  0.00396972005997958  0.00474989374320586
  0.00556339802536803  0.00640690092740584  0.00731769303499385  0.00822782721570744
  0.00917182480689128  0.01012613413936645  0.01107755288248892  0.01215497586096485
  0.01321636916519034  0.01428269178928272  0.01540017061320379  0.01655413644861749
  0.01769481905059132  0.01881845020639030  0.02000366173839772  0.02125607005476431
  0.02253804716609866  0.02381304667743710  0.02505817157525117  0.02636262109459117
  0.02769011162144122  0.02902791888485074  0.03035858493079918  0.03168390719657496
  0.03300513174101509  0.03435753445591043  0.03573235681441944  0.03711419100143128
  0.03849432301884306  0.03986282646354210  0.04124748283453672  0.04266160108947008
  0.04408239638151767  0.04559302999354777  0.04709919674033741  0.04858385091654392
  0.05006645324819064  0.05155810721891262  0.05306191921602382  0.05458172633309739
  0.05610838289005030  0.05763380752567868  0.05911242612541175  0.06068703130870222
  0.06237688867083240  0.06406797879780252  0.06578115302415023  0.06745729050971472
  0.06913437496153367  0.07080862405582650  0.07248722595651125  0.07417493174246409
  0.07584797354248009  0.07752144599517781  0.07923584297992954  0.08117053664944769
  0.08324805259183103  0.08532463944725063  0.08740526014301493  0.08948168342346580
  0.09156262560047967  0.09369685000383599  0.09588487372530934  0.09809789692517247
  0.10034067830066185  0.10254441837570674  0.10475759082166992  0.10748955301242967
  0.11060256312051835  0.11367193902210579  0.11679298643226861  0.12006735402046449
  0.12346725910804378  0.12699899090358480  0.13066115482366425  0.13436255395899840
  0.13798212544931254  0.14355245351961679  0.14991809538060136  0.15710419512836243
  0.16611473454722803  0.17931442816826915  0.19423841066829556  1.00000000000000000
  0.00947903656813035  0.01567809400503763  0.02537037734320868  0.03637069440542532
  0.04694319541565284  0.05737961022154873  0.06737170497333110  0.07677555555775108
  0.08685404261818418  0.09647049396480524  0.10627048925182755  0.11587944361147592
  0.12622106814507489  0.13716026529390579  0.14788815579818196  0.15873678861184121
  0.16970401180942990  0.18028151908680803  0.19094042081199825  0.20153756487936786
  0.21217812441735950  0.22311192879892450  0.23389287645184079  0.24447975384054096
  0.25464806334865686  0.26484786323879689  0.27524031615720068  0.28585800557781810
  0.29625434712391263  0.30643496997429487  0.31676848585002193  0.32744038570469669
  0.33811723448551978  0.34876238135210846  0.35939085904630352  0.37017023253985848
  0.38089531959916556  0.39181569045254316  0.40247856458015097  0.41326278040153208
  0.42445386601589952  0.43590972078655210  0.44734973837814551  0.45883373504178981
  0.47043576652034380  0.48226612180355533  0.49433765665781720  0.50561706464022438
  0.51634062085727206  0.52623705680826327  0.53609149178460569  0.54596735872237656
  0.55572876805076377  0.56556900115400688  0.57560542039307061  0.58537438766079319
  0.59562913983209620  0.60607567330746948  0.61790772953591178  0.62933180633486507
  0.63991687656965957  0.65056632104986922  0.66105924011203765  0.67157284956685714
  0.68228988012971170  0.69307187309486118  0.70385271787886872  0.71411997248263126
  0.72418327795705206  0.73451374872392738  0.74482655721280133  0.75510264060598975
  0.76531133238021032  0.77572974416767548  0.78655635568112947  0.79728795997996060
  0.80792285940924835  0.81823279253547521  0.82827191128030586  0.83800290856113291
  0.84752925158470915  0.85723064226545798  0.86716356669081363  0.87722365628709564
  0.88678645661690858  0.89618701605860318  0.90610051861573049  0.91627671443668746
  0.92646526837904819  0.93702942926078381  0.94813551772485205  0.95933512991492120
  0.97025917211705437  0.98078863675810313  0.99138004101959554  1.00000000000000000
 -0.00232741965109746  0.00867556543720439  0.01828789788168122  0.02841176998843044
  0.03893932163199804  0.04947598674596248  0.06005176347751729  0.07097286326751880
  0.08207114313045660  0.09278679210112423  0.10337218294237942  0.11368329220094325
  0.12393924469404106  0.13386069594294492  0.14354892759992424  0.15330686753106518
  0.16313146238920395  0.17266051475958977  0.18221774608554370  0.19200396003644801
  0.20199111314491314  0.21192161325447342  0.22183559316959431  0.23178493597619637
  0.24211422534398758  0.25245112591322694  0.26301940793414896  0.27359993928724324
  0.28411049914557135  0.29471097432381638  0.30502831796058671  0.31520941605631597
  0.32539282106593936  0.33557676359983463  0.34590153735521928  0.35688298974450666
  0.36855153100467780  0.38039310126728976  0.39207244064800750  0.40357746172660502
  0.41541716640506343  0.42730807093944567  0.43920748095789452  0.45058203945108116
  0.46172013585318472  0.47281422280982272  0.48379117641259650  0.49427468186206724
  0.50449526302465542  0.51497924860655320  0.52528337143029957  0.53569495766099273
  0.54628928426485568  0.55689124551181213  0.56738531855233332  0.57743360905128915
  0.58771835339120460  0.59868388487155699  0.60933356680374162  0.61981384669230621
  0.63056819863978353  0.64143945330579499  0.65244334772662194  0.66373211169849056
  0.67602909855672810  0.68793304020072121  0.70008692925022109  0.71129152171483123
  0.72254203198425981  0.73329042667670252  0.74399450916330601  0.75432758811167522
  0.76436448574355287  0.77431399213093155  0.78384378850803993  0.79327426328778461
  0.80310000193486841  0.81276008445190828  0.82336183748186786  0.83384397004245214
  0.84433594307575910  0.85495076611684384  0.86567864739094846  0.87632614711767365
  0.88666582629782276  0.89672014339815798  0.90675493474237623  0.91641593780109010
  0.92593965121107202  0.93535516697842491  0.94491963757568609  0.95470973953573190
  0.96524781289057326  0.97655277579525324  0.98853690560844643  1.00000000000000000
 -0.00190296423588434  0.00831359227313288  0.01695979851962126  0.02684364195294827
  0.03676949085163904  0.04678881948857993  0.05784563257227093  0.06820489098616578
  0.07903387509756329  0.08940325916829897  0.10061892123037371  0.11133848466670028
  0.12218263438071596  0.13252263906381448  0.14273519199798518  0.15337367791383721
  0.16427489475941728  0.17551785786610491  0.18695390236226236  0.19812638730094043
  0.20891667035411821  0.21937867253696047  0.22954603677540361  0.23964922907269887
  0.24931727775628063  0.25910496128249710  0.26892664801928129  0.27956710125011702
  0.29032701797422822  0.30096046976694163  0.31177136349418649  0.32222761797608235
  0.33239061938746428  0.34255971133993646  0.35252414276420319  0.36255152332027074
  0.37264313129018684  0.38356924535707032  0.39445677308249683  0.40512503676446165
  0.41537122412297733  0.42649572606192054  0.43762059291152727  0.45042001360726353
  0.46331959601010220  0.47654135496078287  0.48916895889729167  0.50095362157539025
  0.51228687820028296  0.52295625955529901  0.53322972191452689  0.54304472520619762
  0.55266575445010102  0.56212786721693542  0.57165574291778853  0.58106748136882103
  0.59120285687008056  0.60131352004197525  0.61166051765066243  0.62205456793776259
  0.63341671056523441  0.64506696728182267  0.65584859486798630  0.66588028127508303
  0.67553413409542051  0.68537803589753876  0.69508937118707614  0.70493278291138983
  0.71503687211274125  0.72516466023282078  0.73539870979919941  0.74544267557074284
  0.75594226666744369  0.76687097632115353  0.77701743469106654  0.78673688892519178
  0.79658162334493365  0.80662139347692252  0.81708014917320504  0.82728951537864326
  0.83757637214059744  0.84789563321913297  0.85820074819936298  0.86854827020120162
  0.87892117208126930  0.88923515588346003  0.89944174759739193  0.91061525728277715
  0.92247882645552781  0.93520520947307806  0.94612441081524890  0.95627255723731031
  0.96691462079504120  0.97791088213665844  0.98896822825648101  1.00000000000000000
 -0.00243978279038228  0.00891357739198341  0.01890436334520539  0.02921650602985122
  0.03949214360928150  0.04968758060128147  0.06015293118937738  0.06997006646930548
  0.08024659503071453  0.09053494394471183  0.10110006849209847  0.11098853283475692
  0.12116553942931640  0.13144389947678273  0.14211996519004155  0.15273710459898110
  0.16349998876991001  0.17416837778815900  0.18473997784800267  0.19545305686378969
  0.20643488725180018  0.21714776265814134  0.22813194358465128  0.23881208333282078
  0.24946180524776859  0.25964779518661946  0.26976339577789554  0.28055124605550075
  0.29113720631092915  0.30225980650969148  0.31303002381970380  0.32425544889739688
  0.33559192049849540  0.34674356007628981  0.35735398729398765  0.36767603975862168
  0.37774312983981656  0.38791085100728973  0.39804545561918431  0.40827989590796415
  0.41789635531034847  0.42734648283075183  0.43714049900062590  0.44753743369892907
  0.45830634964507555  0.46903479626066769  0.47973319403563114  0.49033963505076922
  0.50099221394126325  0.51170849684513287  0.52237728174589737  0.53299779961537030
  0.54379699081264277  0.55473386099997013  0.56519162220929231  0.57549294217434155
  0.58593083920349454  0.59682362917666765  0.60752441987928119  0.61861096405909843
  0.63042677338140796  0.64325481046359223  0.65484229724722742  0.66568960449083259
  0.67634305173017217  0.68684761767589220  0.69722070138814884  0.70771894871188779
  0.71849126237981886  0.72911575436599751  0.73894558558470513  0.74861073922630905
  0.75858705103271307  0.76865247083763644  0.77872219632098272  0.78877466255494089
  0.79929776154881471  0.81001282918095219  0.82049320516049040  0.83090866731027491
  0.84148989862668677  0.85240469861075296  0.86295381080932876  0.87342551657473111
  0.88391284796630776  0.89454678958250700  0.90491893633779874  0.91548389405207686
  0.92621494072150024  0.93711228304763383  0.94729312796833876  0.95755119475262962
  0.96792041814330632  0.97842088921630899  0.98888386233285419  1.00000000000000000
 -0.00238822222612607  0.01004572969330735  0.02021402497905784  0.03047157931836166
  0.04086868853655964  0.05132322186603638  0.06155766334967830  0.07183182872218462
  0.08241979507410961  0.09317353960178466  0.10390265478397942  0.11443919627157782
  0.12540784989416892  0.13576210371882400  0.14614983129456063  0.15609689549743044
  0.16629560666137816  0.17690449793993571  0.18809131849471677  0.19931038346442875
  0.21024097979841899  0.22084846388789714  0.23146846106508337  0.24248732193829090
  0.25382630800767869  0.26522675666109957  0.27574472104330106  0.28598088933244037
  0.29600307283062971  0.30609635240256333  0.31629958943297626  0.32701255699025367
  0.33794477039622339  0.34883429715190628  0.35963023527747651  0.37044167270935169
  0.38083444361274216  0.39122268786695974  0.40182664814900826  0.41235624578652202
  0.42273181598614529  0.43277554492907899  0.44283893269174773  0.45292393394979669
  0.46309013590688197  0.47338238589692860  0.48419537073650165  0.49471133022973762
  0.50507503213417515  0.51520513440278914  0.52556852262459974  0.53573211908885798
  0.54592745923837827  0.55618509727697207  0.56633581254299759  0.57633600398613127
  0.58644509091880548  0.59629192613734927  0.60611281083994195  0.61612852430908682
  0.62622202525439530  0.63662778345318294  0.64655487395109323  0.65724384335787223
  0.66801090274456210  0.67906631999555445  0.68962820015831328  0.69983907997719674
  0.71018823908226458  0.72005166316710878  0.72985798624108267  0.73983138655578973
  0.75000938902111480  0.76038078033769230  0.77098350973919305  0.78231267647268476
  0.79370931931691857  0.80408447817572970  0.81471498071885129  0.82613390595747482
  0.83742311134758041  0.84816916787412522  0.85878818110576116  0.86964137693665589
  0.88036956151561852  0.89133637486190553  0.90246776459341660  0.91396009859553040
  0.92521856435951466  0.93691831934494363  0.94755486450754012  0.95816189947014252
  0.96866971518845524  0.97945877194654962  0.98989881508486011  1.00000000000000000
 -0.00214887316420854  0.00756208118886276  0.01629622343572912  0.02509508993139968
  0.03428604022458553  0.04343558071570537  0.05259332819794314  0.06168825525285820
  0.07078016934286506  0.08003477554752474  0.08945828459060501  0.09889879240519829
  0.10812655709468277  0.11719418777175361  0.12640170536848097  0.13576418994546968
  0.14507087333560711  0.15413805000581243  0.16293555204491247  0.17175362165356675
  0.18083453386445575  0.19061503915381722  0.20094804549223214  0.21136283140933387
  0.22174730725459302  0.23272208089459021  0.24408555679819849  0.25541686506531436
  0.26704536527708256  0.27907691767813181  0.29123305479216471  0.30312695260732436
  0.31525146552319638  0.32799169771820336  0.34022156795065411  0.35208336343172947
  0.36416832214119926  0.37651405949653421  0.38893357618336694  0.40120203293184087
  0.41347844800859418  0.42568697249231208  0.43791863717456403  0.44993565042096328
  0.46264517121369059  0.47561181887553117  0.48876588803227017  0.50141620285780930
  0.51370137486567369  0.52575955613546144  0.53792122018678223  0.55054479882054219
  0.56326877617238469  0.57523976642505681  0.58691119990897767  0.59853458567629980
  0.61036798777691592  0.62204695920012465  0.63345729385759009  0.64475570251598691
  0.65618897555127964  0.66738953123262856  0.67818130724249848  0.68932859514047917
  0.70112943946174922  0.71281003734674664  0.72397456244624370  0.73519168093317211
  0.74623676405585437  0.75659016970216930  0.76624787658882187  0.77564057040793410
  0.78502746221008013  0.79481692350958388  0.80458603637167192  0.81442860262066108
  0.82419563309583155  0.83434723779980902  0.84475513634950650  0.85505135942110289
  0.86525687125804451  0.87515658911768346  0.88458480229483771  0.89366202936719152
  0.90252465809219917  0.91142854773780457  0.92034257113651707  0.92908991541889918
  0.93798427201400913  0.94701422163712357  0.95619588166984659  0.96491049966077180
  0.97373554486926661  0.98255438026321829  0.99121754752834279  1.00000000000000000
 -0.00278162058597044  0.01025570686128724  0.02100758306214606  0.03104528100290413
  0.04100162074894613  0.05145890829435402  0.06141144814207068  0.07093868383224639
  0.08018638320077981  0.08988211549628006  0.09986719666651041  0.10942465157772133
  0.11867911061848765  0.12805567567067705  0.13822806688386985  0.14908039737192033
  0.16039285471119935  0.17144855040896448  0.18264062171045969  0.19378000613526733
  0.20491802009637633  0.21578973729273437  0.22655594421123251  0.23752398313714465
  0.24783058525760915  0.25746231481137100  0.26701114362982281  0.27743859614297167
  0.28859629856831676  0.29948392396485485  0.30971669112491740  0.31953882412583423
  0.32953723406118968  0.34012920658715001  0.35062309529702768  0.36055393195461394
  0.37000424178042990  0.37966730870015236  0.38969369256323794  0.39986843872885558
  0.40998886862602185  0.42009277724964472  0.43052403050849575  0.44137383067715680
  0.45278511476383121  0.46375510243833812  0.47403310962681516  0.48483415760202375
  0.49583045062463083  0.50677174185743290  0.51708102056499861  0.52780332450073331
  0.53882832221918553  0.54963644129352407  0.56043237020056746  0.57257733912082598
  0.58554115292878106  0.59737039822817484  0.60872367624401347  0.62020636312794841
  0.63174190098354144  0.64354221969003622  0.65525377286932185  0.66679028389203998
  0.67828840952118963  0.68966762759740918  0.70075432411529304  0.71155196749852023
  0.72195150734819102  0.73251422303764724  0.74300530910636553  0.75322574799798758
  0.76322897268820322  0.77308567701373210  0.78302532751829934  0.79302129992369763
  0.80286959502673705  0.81220714449469922  0.82190788979810170  0.83149433753146262
  0.84207279644264821  0.85261664165498541  0.86309500425820396  0.87334331449251279
  0.88321865679967748  0.89299542440012880  0.90284267090380277  0.91311079097915537
  0.92338360759781790  0.93400812007912848  0.94426267810117359  0.95447104057040710
  0.96489345769251511  0.97593378983158663  0.98753237413843220  1.00000000000000000
   1.4346869047142268E-009  -1.0000000000000000     
 T F T F T F T F F F F F F F F F F F F F F F F F F F F F F F F F F F F F F F F F F F F F F F F F T F T F T F T F F F F F F F F F F F F F F F F F F F F F F F F F F F F F F F F F F F F F F F F F F F F F F F F F F F F F F F F F F F F F F F F F F F F F F F F F
  <DiscreteSampler_grid>
  grouped_processes
  1 # 1 for a reference and 2 for a running grid.
  10 # Attribute 'min_bin_probing_points' of the grid.
  1 # Attribute 'grid_mode' of the grid. 1=='default',2=='initialization'
  0.0000000000000000 # Attribute 'small_contrib_threshold' of the grid.
  0.5000000000000000 # Attribute 'damping_power' of the grid.
 # binID   n_entries weight   weight_sqr   abs_weight
    19   10   8.743871271691057E-002   1.523048319626349E-002   8.743871271691057E-002
    25   10   1.155481949374770E-001   2.372384681552378E-002   1.155481949374770E-001
    37   10   1.184310571921042E-001   2.746959781580593E-002   1.184310571921042E-001
    43   10   8.524836270156824E-002   1.439612162982619E-002   8.524836270156824E-002
  </DiscreteSampler_grid>
