  0.00941491204120488  0.00943045586656633  0.00948409969307960  0.00954848577601295
  0.00961276215056045  0.00968050748092979  0.00975927572136751  0.00983907694267193
  0.00991911212193498  0.00999938270353449  0.01008102118312320  0.01016292606483408
  0.01024478747720691  0.01032614487449869  0.01040823958432738  0.01048909769101652
  0.01056869459361178  0.01064863015614192  0.01072965378123988  0.01081143353534715
  0.01089408970239787  0.01097877501819719  0.01106254577609316  0.01114738385399624
  0.01123464475226719  0.01132664052051321  0.01142164269354814  0.01151586605277024
  0.01161018084979776  0.01170620931072190  0.01180845853299980  0.01191175806177255
  0.01201559785357082  0.01212068852273011  0.01222844856060311  0.01233683752292878
  0.01244646236292378  0.01255586583517137  0.01266472042935028  0.01277432659684137
  0.01288558889516530  0.01299843981945932  0.01311143794630172  0.01322390561509429
  0.01333585048318113  0.01344729770080571  0.01356044443144767  0.01367766111161557
  0.01379843124125933  0.01392175195142530  0.01404659693308738  0.01417258886588699
  0.01430030833581002  0.01442607192088125  0.01456375555883619  0.01470066610570769
  0.01483952073448448  0.01498173811827959  0.01512725919153244  0.01527679144895130
  0.01542930514296060  0.01557932155596454  0.01573317547277815  0.01588965474908294
  0.01605274742531336  0.01622505224837493  0.01640172161938224  0.01658584337066242
  0.01677416267088018  0.01696352808694505  0.01715171389631624  0.01735010328058363
  0.01755694088301204  0.01776964398591465  0.01798463213374398  0.01821192817626188
  0.01844662026256926  0.01868928115068052  0.01894382818287072  0.01921451931898563
  0.01949624554467427  0.01979500206260437  0.02011069138359984  0.02043970947295972
  0.02079344910171616  0.02107285735485052  0.02136725986263712  0.02168747606987634
  0.02203292345899582  0.02241381521528645  0.02283200466677371  0.02331188726259293
  0.02389933942045832  0.02471892577013116  0.02537180743563233  1.00000000000000000
  0.00939968448758412  0.01538418718797777  0.02424195532945919  0.03381707032068829
  0.04378146297673701  0.05396776635886343  0.06432916622204540  0.07378917573442585
  0.08308857043362869  0.09257683429375585  0.10270423158756113  0.11301353975899732
  0.12306653708780188  0.13267795929317192  0.14150296060650633  0.15098837565011117
  0.16035619441666185  0.17043531385232721  0.18124699428194868  0.19192625887379186
  0.20246755197705377  0.21266887997910991  0.22268055345370164  0.23235218641205782
  0.24244139505787105  0.25326265973958995  0.26478310079218598  0.27563845673862880
  0.28632895618667786  0.29739614556092109  0.30833896835743885  0.31863036080963225
  0.32895566129081655  0.33958800039526771  0.35004090190112325  0.35975115549424541
  0.36922273439686271  0.37899348585075782  0.38947868301581284  0.39949289776238983
  0.40938529286944175  0.41920100121079878  0.42962392084765577  0.44045819977186740
  0.45112170922968842  0.46150803064902696  0.47218689315477425  0.48316561169045802
  0.49431030419187155  0.50558183961141301  0.51654556686931652  0.52698936984341216
  0.53689191477630638  0.54677934716352794  0.55649478287304666  0.56669009580516339
  0.57658722809730634  0.58674532098803001  0.59717893154549151  0.60761430997036026
  0.61759922368780984  0.62756139339323636  0.63721727827792529  0.64659930563247703
  0.65594513498881191  0.66651937541206607  0.67751345617640235  0.68802549312903949
  0.69857179719786477  0.71042606231192240  0.72320078084430062  0.73552196994960672
  0.74720837380086036  0.75853761700385436  0.76930349677615073  0.77945535471060834
  0.78963585188130081  0.80017892990488537  0.81046174677633276  0.82064749411767790
  0.83145002662389478  0.84295463097713752  0.85439647216279391  0.86520495258659258
  0.87560626740641823  0.88592037574904292  0.89597984405844788  0.90548932429604512
  0.91476458559673046  0.92455992768539996  0.93528495358399910  0.94660614213530192
  0.95763439119772720  0.96860758710886197  0.97990338955254697  1.00000000000000000
 -0.00001544605525988  0.00013927452436946  0.00033187915643070  0.00059998630826033
  0.00096492742473850  0.00143895528279795  0.00194962312799696  0.00254310323244558
  0.00320564942056583  0.00394561533576031  0.00478238566607264  0.00567214223880326
  0.00662517630462445  0.00761339253937906  0.00860986125952361  0.00963213323275560
  0.01076784587563375  0.01199820562615417  0.01326952151224882  0.01453145568365775
  0.01578123879030392  0.01707802943577147  0.01843849610999553  0.01987413262084379
  0.02141360990932131  0.02295291337491915  0.02453700886902151  0.02613729468854070
  0.02781635882861352  0.02962024880626424  0.03143149161250384  0.03316323437048707
  0.03483990560733271  0.03654132296298420  0.03836329366211440  0.04031569904298289
  0.04232403024391416  0.04428835728984978  0.04622799003993133  0.04822242788106917
  0.05023910598100191  0.05236092013905219  0.05457707931503269  0.05686688572259944
  0.05929780578325312  0.06179150574986610  0.06431733683990930  0.06686965286835438
  0.06946684470628081  0.07214835235098986  0.07493750717556331  0.07780284618659303
  0.08066523361015021  0.08357490246410301  0.08665546124858990  0.08983412905499595
  0.09310680636176033  0.09656983760671825  0.10034204912005856  0.10401558537728027
  0.10763350652860457  0.11122672076933067  0.11480656234981287  0.11833564992416676
  0.12211630714609548  0.12594977742970812  0.12995555550916421  0.13419480880992662
  0.13860636514282126  0.14311394096160035  0.14771396970772502  0.15246677317425184
  0.15724344661395109  0.16249840884245581  0.16823368830739280  0.17436094290343063
  0.18075714143421859  0.18728267375481522  0.19368796738770042  0.20038849265627884
  0.20725100676921859  0.21443582533048630  0.22188083581074489  0.22978781022926414
  0.23837633231365021  0.24736502766794929  0.25669279437927367  0.26738557863094048
  0.27842742155506789  0.29193031742780134  0.30773514525877410  0.32594222995359823
  0.35001636691771237  0.38673907814661207  0.41396965546120595  1.00000000000000000
 -0.00223359439029969  0.01051941861216160  0.02080898688682929  0.03054263340312576
  0.03943512086140087  0.04802050869961650  0.05667679695790137  0.06501708611460263
  0.07326345554235604  0.08162582082350374  0.08995947474798746  0.09876206233068435
  0.10786542492611474  0.11730835746705517  0.12685692224763825  0.13613998258989651
  0.14550767440043613  0.15516983214247068  0.16517936233039762  0.17536188825726143
  0.18582599525628485  0.19662249308001548  0.20786673568867015  0.21977812773890637
  0.23179486518377429  0.24340400305363635  0.25498378980712211  0.26668162306530130
  0.27764941359945489  0.28828274475149601  0.29901994658090475  0.30896620187758073
  0.31869230488764233  0.32809149047464758  0.33807150216374432  0.34842426815157734
  0.35942516286725107  0.37052141222785684  0.38128242124609685  0.39191782249953938
  0.40213868938843805  0.41279551225764194  0.42324998714880041  0.43375801140872094
  0.44412022440095178  0.45470042929782278  0.46537589315338407  0.47621074233410549
  0.48658243440557736  0.49708356939262616  0.50750180534293754  0.51780597232498493
  0.52775639222383963  0.53779497857984593  0.54823323749732289  0.55887017452740495
  0.56912416852217129  0.57913677867052216  0.58958677683780558  0.60027320501527681
  0.61072706060235560  0.62108633181683681  0.63145097558394536  0.64174848464271694
  0.65202745414189212  0.66233004120699768  0.67285043599297034  0.68371468420570736
  0.69525710839576160  0.70679898460616664  0.71768396971919146  0.72827805818741775
  0.73902994905817343  0.74964651048959940  0.76026027946547559  0.77111348916583755
  0.78205942990773558  0.79313720239329066  0.80409644002535918  0.81515352506962757
  0.82658654197993930  0.83859487429823110  0.85092133174291218  0.86290919187075565
  0.87434786736219761  0.88591242343028920  0.89756201272843905  0.90951909900134864
  0.92076707453306361  0.93124224323376004  0.94169016885132151  0.95203173958309995
  0.96330751589495656  0.97487758867728558  0.98729169743679701  1.00000000000000000
 -0.00217526243684534  0.00819489193272514  0.01802277765730194  0.02835481956199077
  0.03938053548798789  0.05030803652098765  0.06080443969732360  0.07130013170346548
  0.08209151920967106  0.09405032443650842  0.10609472614571390  0.11727774335373113
  0.12746163743823150  0.13689761410632909  0.14696470071260856  0.15745547358104328
  0.16814413651292576  0.17872352167589209  0.18896759974760416  0.19945723458543038
  0.21044066945821704  0.22240563441221242  0.23401391201448135  0.24562725360563176
  0.25647055826633863  0.26732514608708952  0.27752815406047188  0.28795128471440851
  0.29913239515078138  0.31051892597802588  0.32116020682628404  0.33166720564707247
  0.34266503107074064  0.35420866799128919  0.36544876412213284  0.37586835389263495
  0.38568119133960171  0.39497010573813923  0.40392690055650693  0.41299346781350593
  0.42229202521790088  0.43139988919084388  0.44007109813829481  0.44913634997354873
  0.45883422776303756  0.46950267752960956  0.48013666184360348  0.49110931470944624
  0.50303221559526090  0.51533415111915959  0.52676820045028916  0.53781001772804071
  0.54878003039354539  0.55967437683602439  0.57019298929847317  0.58049115912996607
  0.59064519087444600  0.60120365339894732  0.61246859383642849  0.62427204191631502
  0.63594545505054634  0.64792203207350429  0.65994380062346358  0.67163837558839290
  0.68234840341249603  0.69283427770987338  0.70279997130782057  0.71263104961473545
  0.72223064046276797  0.73246560888602941  0.74315920066527208  0.75347977395471977
  0.76353938725993820  0.77414948533235672  0.78573421244955644  0.79650119905670191
  0.80605928803059179  0.81542277019180331  0.82504048334506241  0.83470626963009997
  0.84430886700963825  0.85419759356110048  0.86487182126136131  0.87643229075212370
  0.88744979012564840  0.89773738865524477  0.90709086311015374  0.91711500862427386
  0.92805204454379597  0.93819256683567220  0.94833603281135070  0.95779845038831235
  0.96847190319460597  0.97850345477082468  0.98926459731352323  1.00000000000000000
 -0.00260306987595709  0.01012652318498870  0.01942992457184070  0.02820177444199747
  0.03725068052321710  0.04730730031276913  0.05738323619600030  0.06765817920064468
  0.07787986070736516  0.08805478823306312  0.09812607606056709  0.10808852913463846
  0.11795046097335368  0.12748576208070034  0.13653261396785651  0.14524882994853169
  0.15374456332387143  0.16236329052215057  0.17126866000210356  0.18029247173657345
  0.18982662289304517  0.19972262977035479  0.21021681879125376  0.22225469172588325
  0.23404681422792270  0.24486211190013407  0.25558794698533605  0.26615210731851013
  0.27574389471935729  0.28507418368059656  0.29426223229003085  0.30339835595673942
  0.31291526463596819  0.32197744264816297  0.33147835571882572  0.34083825260132528
  0.35006917165629103  0.35961230588391330  0.37013923707716490  0.38168732826826735
  0.39295365543472882  0.40341390097714591  0.41369128806531258  0.42398806946176759
  0.43389222250966286  0.44312290797791704  0.45191747599150156  0.46094772956232788
  0.47106314224485579  0.48150612380937086  0.49268095861654854  0.50261829040407946
  0.51373938807110919  0.52520228801740088  0.53837862786125978  0.55013454340440637
  0.56166011113643710  0.57278944700652756  0.58398556024411019  0.59513804800457071
  0.60581933729046544  0.61647215115576592  0.62733579623009805  0.63826629221023212
  0.64907015652685573  0.66012265498716916  0.67112522953515119  0.68236515048552737
  0.69421780103237563  0.70617211605815922  0.71757245892611043  0.72802319778032276
  0.73845891466967417  0.74905368093484892  0.75983268779712720  0.77038648082228722
  0.78057620814595008  0.79078097054648355  0.80146940480343154  0.81269812208120473
  0.82444461457570251  0.83685881832073306  0.84934217190353800  0.86140670945058773
  0.87295744755028892  0.88463680195340644  0.89638577835673705  0.90811191378418654
  0.92040075591984050  0.93280175764905826  0.94398928669899140  0.95479956533712040
  0.96601950212493515  0.97819763895937117  0.98906877030588281  1.00000000000000000
 -0.00203678785292862  0.01032670274737694  0.02001571835008226  0.03018003709554346
  0.03884993203800687  0.04810369043320801  0.05780304076555876  0.06748630409528976
  0.07749907642321532  0.08753571272552141  0.09804258261362007  0.10781014568823521
  0.11729886479509168  0.12678338576275883  0.13772383205814442  0.14898721839096563
  0.15991590551291704  0.17025906840097096  0.18024933226824852  0.19090853970772484
  0.20219409500432231  0.21319347962242580  0.22416677101652510  0.23578548800421320
  0.24784542632569470  0.25910923212756065  0.26987933470697373  0.28063623420220118
  0.29088072850896518  0.30077006692970321  0.31043638769611104  0.32042759645624141
  0.33052319793838630  0.34031512502180239  0.34949270817148387  0.35839393237963157
  0.36766417841443821  0.37727038538668428  0.38675994508593192  0.39631558645713993
  0.40654765087549655  0.41719341370235558  0.42810908648396206  0.43884334290751376
  0.44968745254643433  0.46054105579499766  0.47129957360747970  0.48217256080597654
  0.49276228400599908  0.50353483383287012  0.51445028214157551  0.52549460674223192
  0.53609545810118175  0.54673468042632756  0.55775786159454166  0.56894688256282178
  0.57955612157331804  0.58967706208226944  0.59930109230568529  0.60927138650942991
  0.61935595707676760  0.63009295210898220  0.64145412649313360  0.65275033431433049
  0.66375002699311936  0.67462830080939351  0.68549181246789126  0.69634848905023217
  0.70692422135984323  0.71732499360973934  0.72814082986917938  0.73948787814445438
  0.75081163680976581  0.76197355011616541  0.77271067116652847  0.78354424219590313
  0.79450622415371897  0.80525064809383828  0.81550984756366429  0.82534613735551088
  0.83534172405778195  0.84567626898500070  0.85611824873326248  0.86663181590356642
  0.87683522207646192  0.88703282954723095  0.89748550942426752  0.90906291436534048
  0.92154064719248463  0.93312256181910347  0.94406552023026058  0.95453077058998737
  0.96496523725523531  0.97575366237720884  0.98781856034424431  1.00000000000000000
 -0.00222096883277301  0.01017080118324878  0.02127995476079831  0.03234092642227453
  0.04315185728684337  0.05400812075498268  0.06416433469530723  0.07423918488942075
  0.08426687574717626  0.09379745691251735  0.10420224912267474  0.11376619696837735
  0.12447796525321307  0.13354845943790350  0.14402309408630370  0.15448839594394673
  0.16537361250948332  0.17516556861725016  0.18533443323102808  0.19562394284549109
  0.20624226924935316  0.21650491147157916  0.22693334720717365  0.23759488661071626
  0.24851243641559043  0.25970945709692550  0.27076381653546366  0.28171656098129833
  0.29247371980059111  0.30288867238604755  0.31302300263748256  0.32341906738212234
  0.33464267026390354  0.34680774560565025  0.35816421318364217  0.36869049353733385
  0.37920262629355012  0.38948787751149988  0.39941214636047645  0.40940379249541220
  0.42041870445378471  0.43273354865443370  0.44351000999952012  0.45407547977991863
  0.46512200011664179  0.47747352255353886  0.48979953544542360  0.50157604992000604
  0.51291739727137575  0.52384058693249413  0.53466154242064945  0.54544718284449878
  0.55592545674919835  0.56608401443434109  0.57627107951527123  0.58707628353231900
  0.59830690108923523  0.60928716942420014  0.61992367199999687  0.63041879735699302
  0.64079512494479451  0.65099064085944303  0.66147126292312919  0.67204954918116089
  0.68217130420186756  0.69196197594068054  0.70162728869706137  0.71161301808690858
  0.72168427216224873  0.73174013323206044  0.74166307310131863  0.75142333024788943
  0.76119073603421128  0.77161074462088719  0.78265674042934508  0.79398526816427561
  0.80481127064645519  0.81529675479494268  0.82601614757138109  0.83647456865806258
  0.84707822617061057  0.85712528026082113  0.86670541026450476  0.87658320753447483
  0.88690869450003162  0.89766329364433028  0.90843274862331858  0.91917637777202288
  0.93046960351963826  0.94121529658858338  0.95146567445139174  0.96196198831050928
  0.97237886197915824  0.98223508996836817  0.99115490967557873  1.00000000000000000
   1.7151724418071362E-013  -1.0000000000000000     
 T F F F F F F F F F F F T F F F F F F F F F F F F F F F F F F F F F F F F F F F F F F F F F F F T F F F T F F F T F F F T F F F F F F F F F F F F F F F F F F F F F F F F F F F F F F F F F F F F F F F F F F F F F F F F F F F F F F F F F F F F F F F F F F F
  <DiscreteSampler_grid>
  grouped_processes
  1 # 1 for a reference and 2 for a running grid.
  10 # Attribute 'min_bin_probing_points' of the grid.
  1 # Attribute 'grid_mode' of the grid. 1=='default',2=='initialization'
  0.0000000000000000 # Attribute 'small_contrib_threshold' of the grid.
  0.5000000000000000 # Attribute 'damping_power' of the grid.
 # binID   n_entries weight   weight_sqr   abs_weight
    10   10   3.493572524237174E-004   2.053699504008141E-007   3.493572524237174E-004
  </DiscreteSampler_grid>
