 -0.00197124892231592  0.00755924207910681  0.01606624015013939  0.02472651937280096
  0.03350457469690173  0.04233855591560943  0.05122652133606562  0.06017402306056665
  0.06918015104382749  0.07823946644998744  0.08734835939713641  0.09651070917355364
  0.10572514091385292  0.11499965763317772  0.12432606195285753  0.13370564794794851
  0.14313552720615974  0.15262174742412626  0.16216645361591636  0.17176415858638677
  0.18141973410568460  0.19112876672293785  0.20090106593718743  0.21072112235055374
  0.22059264332265371  0.23051438802128313  0.24049621390277928  0.25052995473309791
  0.26062617648517111  0.27077852268434210  0.28100021222408900  0.29126663948298354
  0.30158701126980841  0.31194792989984044  0.32236894158180607  0.33284034071315294
  0.34337543454097103  0.35395454898418410  0.36458390811049401  0.37525020169118506
  0.38596762424604819  0.39673000097015731  0.40754875756437414  0.41840458504682704
  0.42930787070436527  0.44024754574884412  0.45123300723981069  0.46224644897232386
  0.47329737369830849  0.48437418238146651  0.49548195129523803  0.50661949701803799
  0.51777882562827049  0.52896228881013863  0.54017553979993604  0.55142756100229018
  0.56271976151020531  0.57404067138581294  0.58538897565061276  0.59675492316708045
  0.60813744746897813  0.61952742345168177  0.63092003291446497  0.64231393118822433
  0.65371929636273451  0.66513260008957764  0.67655249494914516  0.68797570876972758
  0.69940601218688581  0.71083688947689960  0.72226050253445728  0.73367410782767606
  0.74507484123925183  0.75646006051851611  0.76782917177053389  0.77918453556091660
  0.79052534121232965  0.80184030660603645  0.81313273317298429  0.82438962637740998
  0.83561881656897830  0.84680884102533815  0.85797858247440961  0.86912694370313870
  0.88024958078169468  0.89134409141740545  0.90239687852760841  0.91340537037168590
  0.92436003722667026  0.93528764005224618  0.94617325914814809  0.95703591715353031
  0.96783083609974596  0.97859626386793530  0.98930528515282323  1.00000000000000000
 -0.00235928534398339  0.00983457673264015  0.02009038925931745  0.03067260649496483
  0.04125828124377892  0.05181661509451484  0.06236875986976122  0.07281943833154160
  0.08330022414864968  0.09375541933995796  0.10425755446237117  0.11478694587851131
  0.12533147548584500  0.13586378000945332  0.14638550564559183  0.15686025045869526
  0.16731139671948173  0.17778617057549354  0.18828883988470316  0.19885785561041050
  0.20941349722277722  0.21997767836400459  0.23054371410581687  0.24113726814049327
  0.25168812494691351  0.26222063797007389  0.27275376025737452  0.28335128849035268
  0.29389165775368903  0.30443108507365363  0.31489844320985211  0.32540821027635464
  0.33589961898468640  0.34647526281914964  0.35705625970543997  0.36759957084578221
  0.37811059826860915  0.38864294119140375  0.39917183115389260  0.40966652818845162
  0.42016795435465437  0.43064210549403004  0.44115528608025906  0.45160726522690192
  0.46213619605384615  0.47258266468139604  0.48306364304489724  0.49352903121532021
  0.50403318429919930  0.51449132986343227  0.52497065627986661  0.53551900217059978
  0.54604514110688085  0.55651571906809683  0.56701711386134723  0.57759861707385862
  0.58820416272526665  0.59876751315828203  0.60936995969674557  0.61991422420604236
  0.63043810319361493  0.64094756892573090  0.65148213933725485  0.66199739639211652
  0.67249530198250029  0.68304961418543464  0.69358750231776956  0.70414721212526443
  0.71468608757982510  0.72526435086309005  0.73582045451418054  0.74636665858600704
  0.75689476271859346  0.76743969554394731  0.77801924382083287  0.78860393715339905
  0.79913821867265944  0.80961452049507532  0.82012640717090080  0.83067528949039682
  0.84125182655499608  0.85177993842249544  0.86232439756048129  0.87291792938093793
  0.88352536876993082  0.89413280601008704  0.90466133541992366  0.91523151279744730
  0.92581329439539284  0.93647273005437082  0.94708182824055864  0.95768913096007080
  0.96827777254954783  0.97888692916812581  0.98943872441652336  1.00000000000000000
   2.1741627980092556E-008  -1.0000000000000000     
 T F T F F F F F F F F F T F T F F F F F F F F F F F F F F F F F
  <DiscreteSampler_grid>
  grouped_processes
  1 # 1 for a reference and 2 for a running grid.
  10 # Attribute 'min_bin_probing_points' of the grid.
  1 # Attribute 'grid_mode' of the grid. 1=='default',2=='initialization'
  0.0000000000000000 # Attribute 'small_contrib_threshold' of the grid.
  0.5000000000000000 # Attribute 'damping_power' of the grid.
 # binID   n_entries weight   weight_sqr   abs_weight
    10   10   8.414041571695300E+002   7.169849820970168E+005   8.414041571695300E+002
  </DiscreteSampler_grid>
