 -0.00001269928930062  0.00280111597655516  0.00828226627425798  0.01427755388452301
  0.02013681193915459  0.02556551712633081  0.03109098799005391  0.03624565862420391
  0.04102210988986214  0.04570054857683298  0.05045259650218149  0.05497983164759892
  0.05948073081957297  0.06380505759777076  0.06800487336083551  0.07228833159483816
  0.07663135986750975  0.08099376016964122  0.08523986537584985  0.08938665738668367
  0.09346538428473417  0.09749137455028244  0.10142820614485909  0.10514143981447249
  0.10867890396314295  0.11215862117505757  0.11567442784229220  0.11919525389699950
  0.12303985113126024  0.12716137666982946  0.13124490825031157  0.13537472903591802
  0.13939192649518875  0.14343862501037885  0.14734671680917746  0.15130184509943570
  0.15517030402801202  0.15894062656609126  0.16264801494623568  0.16629832464690619
  0.16989550690524102  0.17348081833319223  0.17711530116981541  0.18083240600198172
  0.18460229098674108  0.18840997927997138  0.19252559147946585  0.19647945658603894
  0.20041161022733600  0.20440139280490788  0.20870932469119868  0.21318670359310068
  0.21769491333697022  0.22213927167092751  0.22645850878164867  0.23076605857064622
  0.23505639800961123  0.23916132830546330  0.24319642475495415  0.24715989358268903
  0.25111772798137855  0.25523447730460219  0.25933401289378705  0.26345084550704329
  0.26810727841058762  0.27298013435369728  0.27787757290700216  0.28294938690990290
  0.28823099221784615  0.29355909349723874  0.29895714302762050  0.30450145140491058
  0.31017507819000811  0.31593881714442706  0.32178989156639753  0.32762738839783129
  0.33344488938023148  0.33926569018214509  0.34565311615751787  0.35252860950158149
  0.36032395184024479  0.36858177402511139  0.37689891229940287  0.38538885673374984
  0.39456185825535828  0.40400063728299063  0.41446743127395647  0.42536669909375191
  0.43680534412194638  0.44956947404722469  0.46565112557024047  0.48679898385343545
  0.51251495656184543  0.54764680603892457  0.59603620498647170  1.00000000000000000
  0.01024290624859808  0.01306718064862774  0.02056554928295425  0.02984659612191376
  0.03947851315504787  0.05014141583197573  0.06209452937327598  0.07442303357123897
  0.08736275212214030  0.10120493972665147  0.11427784043339149  0.12732601387013892
  0.14052372945596844  0.15394504610060938  0.16676673354871208  0.17844691098290921
  0.18960133452111938  0.20102033283311038  0.21255287996002314  0.22367618184049923
  0.23521504673211066  0.24670582078783515  0.25874560618837339  0.26973358478244513
  0.27926453129872536  0.28817793563978511  0.29727412108834161  0.30597083175778039
  0.31488991072729222  0.32486704382575776  0.33601181672098279  0.34868304877858441
  0.36151051978229420  0.37433312439088012  0.38534653330224006  0.39673644587186269
  0.40772608699312890  0.41826771435963317  0.42772709816099885  0.43690075209246659
  0.44636193530447760  0.45663627771434712  0.46644978369375989  0.47662534294617176
  0.48556060146208890  0.49500663572322806  0.50448549194734360  0.51403078439031757
  0.52381610568000159  0.53428755890606716  0.54536893426847632  0.55721288758344256
  0.56962002297191328  0.58221486615892060  0.59461725283983824  0.60674451797062667
  0.61877537389145743  0.63071283987242632  0.64223148390374130  0.65220656805532962
  0.66192326735025109  0.67222508355638988  0.68183980945980327  0.69151311272472671
  0.70106088291846225  0.71170957312453476  0.72355904849956942  0.73439486473090176
  0.74394063295584334  0.75409455346235610  0.76437285853980341  0.77416225072857858
  0.78314880797647779  0.79172087551166492  0.80160165317557652  0.81172097970866763
  0.82086833285159588  0.83048816191373176  0.84068466218924398  0.85043128174749638
  0.85988180320529828  0.86928006650245626  0.87950997416304844  0.89129266448728461
  0.90333384092138491  0.91485938189323657  0.92603130091047969  0.93683245433704843
  0.94458925409783723  0.95279135291212380  0.96109703396566071  0.96876554027188444
  0.97629744119099005  0.98369503782294776  0.99046488286418866  1.00000000000000000
 -0.00001553978323616  0.00014826954514255  0.00036151218874228  0.00067965547379000
  0.00111757607989890  0.00163840542972358  0.00229083697186328  0.00292497070730897
  0.00352504438588864  0.00419226972991105  0.00499298508092117  0.00587345263006114
  0.00675333160400924  0.00764343985796612  0.00854381060326348  0.00972621317850900
  0.01109031522525918  0.01237070963439158  0.01351913471613167  0.01467932160538297
  0.01616583042752393  0.01763163028342795  0.01907133456560437  0.02047030985345370
  0.02196704238726518  0.02351610370893007  0.02505395295939721  0.02658632006044777
  0.02813138661690713  0.02976084812366114  0.03149785357869737  0.03342663345310867
  0.03553249008407512  0.03759836534441903  0.03964282615920269  0.04166430477727082
  0.04368565955566690  0.04586206134472384  0.04816332053150115  0.05055470134321341
  0.05305310312590489  0.05544018302295287  0.05778088853872051  0.06015885551346924
  0.06260136956011131  0.06523630551228451  0.06796818327877810  0.07073969272165649
  0.07353780688694019  0.07634842931274133  0.07940951792949420  0.08258387342304239
  0.08584341551504583  0.08918845855124732  0.09259363181032880  0.09594361876259566
  0.09908095860987332  0.10214539231077946  0.10522319200155435  0.10823989272909453
  0.11139852999853887  0.11463124571866110  0.11793612546178826  0.12128095257323823
  0.12464889220761358  0.12804616287992621  0.13142767193608709  0.13498503425970590
  0.13891876355049818  0.14264234570542103  0.14691024004198358  0.15143169281873806
  0.15606041870579992  0.16099568893093580  0.16646390141271136  0.17189268220732773
  0.17757845411507067  0.18348967083532061  0.18970435811424413  0.19655095798100067
  0.20403388192034927  0.21176429072281547  0.21951882609211021  0.22738272531565146
  0.23547137150671940  0.24369216854305692  0.25278256895475915  0.26338737813714191
  0.27491068559387183  0.28859636431540547  0.30358713165343282  0.32095443538301527
  0.34768635257843994  0.38799797505396050  0.41470647931231686  1.00000000000000000
 -0.00277181197053998  0.01088021815883507  0.02241380442450923  0.03523399255570232
  0.04810219212776687  0.06237461283123259  0.07598484221011430  0.08837012974676658
  0.10019929612913270  0.10995268373796634  0.11874430342167376  0.12777191531447626
  0.13666801452221666  0.14515411596670974  0.15350240518748187  0.16117985266741788
  0.17057709773981175  0.18291394152278201  0.19478527574131688  0.20692392036549681
  0.21988635825478298  0.23244625087787293  0.24379971420735980  0.25485242549633785
  0.26606969072267472  0.27722985804402284  0.28882360337917562  0.30105893636169834
  0.31329222991481787  0.32547520967405824  0.33807610342736022  0.34948478590590359
  0.36429158445871557  0.37688439712637190  0.38864072676913014  0.39977476448427657
  0.41070476802687450  0.42026183052597410  0.42873526092810244  0.43728016725374647
  0.44656341827223073  0.45671832575820692  0.46586178122132960  0.47465273349474585
  0.48355611334518145  0.49338931818327936  0.50320088448787337  0.51316881017904326
  0.52282826261357551  0.53264166620722353  0.54251397056017947  0.55122400353279777
  0.56017402909895442  0.56934236935360938  0.57873233026167381  0.58808237261835627
  0.59749144979184377  0.60822727693373879  0.61932060966726898  0.62915496236683033
  0.63818900739506079  0.64795584788998850  0.65783767984091535  0.66767693408373563
  0.67671419222654416  0.68583957995271172  0.69509144901371733  0.70463474702863760
  0.71328814288066766  0.72175476322373111  0.73063664431678543  0.74103843226119070
  0.75184116746608276  0.76289961426930730  0.77416380814209462  0.78622710617575697
  0.79811483910472603  0.80982288495925225  0.82044869065640558  0.83033928824655212
  0.84028384344755291  0.84992010987016497  0.85993329876726410  0.86968701056424957
  0.87992844858253461  0.89284321960603197  0.90495240630409945  0.91725956070149361
  0.92853425128330924  0.94026814178348805  0.95201678608214246  0.96280405733639218
  0.97261205948735285  0.98189463449593528  0.99072149181269531  1.00000000000000000
 -0.00197069203325986  0.00790008091195854  0.01594932412364642  0.02450265037649719
  0.03351782814113589  0.04288284254333867  0.05357783969144737  0.06459829705172851
  0.07599983548581751  0.08733521127007006  0.09934930994880399  0.11054957403849346
  0.12199393517321183  0.13270191944466123  0.14407240838564961  0.15299802120426342
  0.16208005320351807  0.17091989870166710  0.17966653446498948  0.18835055242633325
  0.19752143836439215  0.20692532323665100  0.21749700279703485  0.22901362020009447
  0.23835690274838897  0.24794040681581983  0.25787933157197712  0.26765674475120710
  0.27735089568524335  0.28706852486963597  0.29751601164534403  0.30860196029469444
  0.32022658225677858  0.33205694067878960  0.34365866977381249  0.35547468001749621
  0.36761488258109648  0.37930354755531143  0.38961351820327733  0.40022375223303869
  0.41078874723829095  0.42139147565959340  0.43208256918410365  0.44368822500369587
  0.45564681780031552  0.46732351192153065  0.47886435744448869  0.49007417907169021
  0.50078257281880423  0.51188887477242739  0.52207597066457656  0.53043477282691553
  0.53927891307017894  0.54878628326859913  0.55812621477487734  0.56740093335503905
  0.57621818673486525  0.58626120149038941  0.59775179714603821  0.60923229839558168
  0.62029779761415116  0.63114740786932300  0.64283459094432738  0.65401555963893931
  0.66533132628186353  0.67696635077659506  0.68825327917159596  0.69844203732369270
  0.70892998485874525  0.72206438160076292  0.73565583658279565  0.74897069964416085
  0.76040715027774830  0.77193873565848781  0.78291361948795646  0.79346349196703758
  0.80261593084309069  0.81191595478630540  0.82176097103398438  0.83231681356009668
  0.84318962551297139  0.85488270515865517  0.86695579100484510  0.87838117698844531
  0.88898943683349529  0.89949134666686570  0.91012900304358357  0.92032524100834123
  0.92976682340173922  0.93937787020250785  0.94963794457179240  0.95985114544508343
  0.96913922211977410  0.97845349971269358  0.98860745379390991  1.00000000000000000
 -0.00088560835014470  0.00500734243115481  0.01008578229984056  0.01510610811270905
  0.02002138693411214  0.02560152044578696  0.03118439559896762  0.03685580686376321
  0.04274192452445311  0.04907903882645449  0.05554309405815143  0.06180497163445953
  0.06821898061114057  0.07463677283010323  0.08113310901751306  0.08783988235423908
  0.09446813568177770  0.10110718029445402  0.10781512858728498  0.11462993073221692
  0.12137246680147727  0.12798462255423035  0.13671068579729193  0.14537483864248860
  0.15371460073942003  0.16326213934671918  0.17346874838675153  0.18351495695279299
  0.19253995616274081  0.19938577619684808  0.20683003085255708  0.21458333240378458
  0.22218770221480694  0.22975359848098398  0.23705502548037813  0.24416580293739132
  0.25171004458183116  0.25980896137718240  0.26797686394925679  0.27608459360994386
  0.28445154863056082  0.29341053816613832  0.30283932893722920  0.31198388871045107
  0.32050664950580093  0.32874617635819287  0.33696892644298027  0.34420195917015689
  0.35113671941889762  0.35817060981152138  0.36574762591321119  0.37386971693515136
  0.38278463402385515  0.39194917290321729  0.40078228541305749  0.41010752029055997
  0.41944133480291956  0.42958635155980018  0.43918916813826564  0.44844790222077763
  0.45716950663253025  0.46680026882097009  0.47666483591617620  0.48653593183130023
  0.49618548226924541  0.50588242579504428  0.51611062978753064  0.52662904437765801
  0.53851610415832396  0.55044302537736889  0.56325404624484221  0.57588238488372856
  0.58765691921325136  0.59879292866589584  0.61000636775705708  0.62162231222885522
  0.63384476341210616  0.64698089646999946  0.66011498242446076  0.67318065793031523
  0.68615072905615915  0.69927114809373470  0.71216335065453995  0.72514810179606426
  0.73839122558965176  0.75144145636699133  0.76544192504706732  0.78207881754882980
  0.80019072097042798  0.81843409774161979  0.83723771314597606  0.85774958305381765
  0.88152007444198210  0.91180321582245649  0.94991277046856981  1.00000000000000000
 -0.00346663093565776  0.01134119003590034  0.02476187829131680  0.03778481874386370
  0.04873645936383571  0.05801265307280647  0.06707071635472424  0.07578130576555912
  0.08450499434654973  0.09293593116683235  0.10138992941416063  0.11027022001285811
  0.11972731035972785  0.12953435534200758  0.14007603428158960  0.15112406087552038
  0.16279091842288357  0.17404050159873158  0.18514885639179846  0.19618632770061784
  0.20749174319451649  0.21857800430943464  0.23000662542187666  0.24189062697826777
  0.25371550333109982  0.26535153851244575  0.27713330765229405  0.28882811006735198
  0.30050311978460875  0.31314309541814539  0.32669478906754973  0.33970977468494495
  0.35158215459114045  0.36281217963990464  0.37391231492182569  0.38523636069744693
  0.39618633635741435  0.40738669301441799  0.41862800053547405  0.42639374353580767
  0.43531107384671403  0.44395525909519734  0.45266994721524972  0.46148638489679089
  0.47034498466294145  0.47943555985016151  0.49047279834579971  0.50227687465783855
  0.51331566342243196  0.52661045960084296  0.54123610369279718  0.55482692171940207
  0.56654352691643717  0.57518695060182023  0.58517265280289599  0.59414655123798288
  0.60370977901362688  0.61306397190395034  0.62348260591105886  0.63473485918753003
  0.64592366561440595  0.65624187127338496  0.66653458042602387  0.67723775860683688
  0.68755285294677149  0.69696624217688674  0.70618606625485925  0.71589997310775388
  0.72536651518923956  0.73439761165262218  0.74350006285610959  0.75277475732978993
  0.76293946256135670  0.77355781577587224  0.78445826480253966  0.79476147398490482
  0.80406215207350118  0.81333520074255894  0.82327148472381706  0.83335933273173879
  0.84309382768867325  0.85308684090190334  0.86348724576186864  0.87383257118788038
  0.88395588280047510  0.89413352927262268  0.90416785474385741  0.91400917500143142
  0.92388732972857512  0.93395252299930587  0.94418545141267329  0.95397342564785093
  0.96455246330895106  0.97630306704498826  0.98808021329387674  1.00000000000000000
 -0.00215056318250674  0.00936890161715881  0.01821201466120116  0.02759298116000405
  0.03692087426823565  0.04677647734791766  0.05649358317920781  0.06817384186152618
  0.08064931014157879  0.09169451674583366  0.10191629055932175  0.11230769715114061
  0.12298929132480106  0.13366887381383774  0.14432707761446292  0.15550070632869248
  0.16658177261500745  0.17702694075075437  0.18769038186217685  0.19849951818677047
  0.20902135264967070  0.21957328131131440  0.22987763400302438  0.23941688172075073
  0.24862562037948102  0.25844816400265136  0.26914421705854369  0.27893077408443384
  0.28815826336734840  0.29675996586934700  0.30610974159818477  0.31489822058489109
  0.32449828482001974  0.33355482875750764  0.34344428333418886  0.35350426096125714
  0.36333583963521654  0.37315905352137568  0.38321280554907305  0.39384571437049415
  0.40454084701661197  0.41553199649579142  0.42614553232435465  0.43728752870746818
  0.44961432804826801  0.46336731359465694  0.47718389381383713  0.48929534469771679
  0.50048542979396737  0.51211870193074704  0.52380558196675675  0.53506702742647916
  0.54582493792124054  0.55588209088140950  0.56574270777859192  0.57536988888205087
  0.58531314116638744  0.59650813657036383  0.60821511821691454  0.62009958174592561
  0.63039581842259285  0.63941775488072139  0.64910987170519341  0.65872848597637623
  0.66809021671210389  0.67715517868056185  0.68643848394779017  0.69649921451135410
  0.70659237744908554  0.71626121461030190  0.72630455050335474  0.73837585783949045
  0.75096751451064925  0.76218811132952402  0.77249212157528191  0.78357169351386391
  0.79500136715066139  0.80661976469166052  0.81872219161367166  0.83091721874731028
  0.84295388968335339  0.85484530932320124  0.86665424041056061  0.87796325190206159
  0.88906329043521404  0.90026738790574856  0.91101985423540810  0.92073632739942912
  0.93000019404098644  0.94019745825624634  0.95141219765128660  0.96157296153113192
  0.97115882977232948  0.98019963325347803  0.98971546949423761  1.00000000000000000
   1.8743184855728188E-024  -1.0000000000000000     
 T F F F F F F F F F F F T F F F F F F F F F F F F F F F F F F F F F F F F F F F F F F F F F F F T F F F T F F F T F F F T F F F F F F F F F F F F F F F F F F F F F F F F F F F F F F F F F F F F F F F F F F F F F F F F F F F F F F F F F F F F F F F F F F F
  <DiscreteSampler_grid>
  grouped_processes
  1 # 1 for a reference and 2 for a running grid.
  10 # Attribute 'min_bin_probing_points' of the grid.
  1 # Attribute 'grid_mode' of the grid. 1=='default',2=='initialization'
  0.0000000000000000 # Attribute 'small_contrib_threshold' of the grid.
  0.5000000000000000 # Attribute 'damping_power' of the grid.
 # binID   n_entries weight   weight_sqr   abs_weight
    10   10   1.686215218386673E-016   2.462674712208511E-031   1.686215218386673E-016
  </DiscreteSampler_grid>
