 -0.00000000979178227  0.00001291743353862  0.00009946636076176  0.00029163809149195
  0.00057961647899119  0.00097012100894550  0.00143270347290792  0.00198095953194156
  0.00260600140682221  0.00329972420475705  0.00403321426845438  0.00480992921910180
  0.00564507685637818  0.00653177789408144  0.00744845483024542  0.00836148851432942
  0.00934883965059377  0.01034399208047676  0.01135847804158874  0.01239988868560087
  0.01345980228400483  0.01452667279599423  0.01564861070854515  0.01680341876304621
  0.01796108903142140  0.01913944401626112  0.02035650838093322  0.02163192925584245
  0.02288329504252886  0.02411500972365366  0.02534639527574540  0.02663821795614991
  0.02801235480566854  0.02937242153967773  0.03071353510049498  0.03206496639107596
  0.03337087187528615  0.03475638468112857  0.03621105787796146  0.03765892564521028
  0.03909586626925093  0.04054014832232675  0.04196773541544766  0.04337746279557177
  0.04478358431081451  0.04623274149575543  0.04773533201904871  0.04926607930575121
  0.05078785113243506  0.05231846961521773  0.05388994358038674  0.05543597081778205
  0.05698563348616972  0.05852918191679075  0.06009481394288599  0.06175933184334424
  0.06348476863518029  0.06520983004837586  0.06691892770980838  0.06862972269104617
  0.07035190566295536  0.07208149829401875  0.07382886912667812  0.07557528782498280
  0.07734805238882971  0.07915067809811618  0.08098949574295068  0.08307243496769186
  0.08515815393313411  0.08725374485349983  0.08935206337742616  0.09146773621760523
  0.09363726389063613  0.09583508802864202  0.09808063910581102  0.10032803543377621
  0.10261221533095458  0.10493034542868739  0.10736650450387772  0.11031309423907547
  0.11322366845843868  0.11619938298700852  0.11925532526426222  0.12240044882626877
  0.12565268210602823  0.12906224554708809  0.13257014879961770  0.13602450433662380
  0.14055481229906938  0.14581044581268141  0.15179895708663671  0.15893120788448151
  0.16792438327934409  0.18193370934170983  0.19365072677973560  1.00000000000000000
  0.00974760134698919  0.01504100406822634  0.02324784763763962  0.03248953988373161
  0.04226491984226086  0.05213009658922033  0.06239258101664882  0.07330885945998555
  0.08409750405013175  0.09403848285799703  0.10348626767085349  0.11265937528144294
  0.12155822830934634  0.13053919900736119  0.13964526875419425  0.14920811806102535
  0.15879657538990757  0.16823725963350838  0.17791557257985557  0.18811794505594773
  0.19886541207471892  0.20982606944767920  0.22062852206348657  0.23174125535955842
  0.24346725258934734  0.25529546993053348  0.26699499223395728  0.27811845364745330
  0.28866177065932469  0.29932722737490441  0.31023156100915966  0.32124571121778644
  0.33194315180491352  0.34252427112944989  0.35292599585501411  0.36321038819657808
  0.37340934282833538  0.38420462840427089  0.39491230852717540  0.40510098474781531
  0.41507212963051876  0.42503611879316794  0.43534338449519833  0.44556657816377104
  0.45591220761411316  0.46629654793400216  0.47729876081463657  0.48800652003720352
  0.49906960091048941  0.51002618348985751  0.52088600080080139  0.53121804688194108
  0.54138287063844359  0.55147237470920174  0.56174646080289370  0.57207468211547252
  0.58210006724466379  0.59236720319659875  0.60272329447306572  0.61392803005090701
  0.62548845376454154  0.63678179241178656  0.64775045786626473  0.65843478970356317
  0.66912015452347795  0.68020101034729386  0.69153695351829925  0.70314170089188655
  0.71405316825396858  0.72440362492340094  0.73492099157394963  0.74532423804123482
  0.75569980004871595  0.76575061065935246  0.77612603780774647  0.78732115347848408
  0.79856086440436791  0.80982625870801961  0.82035059637043206  0.83053493712580495
  0.84094098381653493  0.85139343867685935  0.86161395537115770  0.87192229258820309
  0.88207290191099263  0.89251443082955695  0.90207473858535281  0.91124273847223047
  0.92064455558841374  0.93056993907326691  0.94090841344534459  0.95125546701351460
  0.96128429345403865  0.97139766774115077  0.98118953510761198  1.00000000000000000
 -0.00268796951622961  0.00950058214626983  0.02063717814838439  0.03149033029697446
  0.04263450224065660  0.05396809409483775  0.06575890359803598  0.07821203085071583
  0.09016689998399086  0.10157214647836983  0.11275400948485065  0.12398982392883379
  0.13524392269264887  0.14624977082627671  0.15715929675867044  0.16782509224745196
  0.17820126071376377  0.18871500731443636  0.19936802379023921  0.21022504130138472
  0.22129923617160238  0.23275047165505386  0.24453560242741446  0.25559231518738229
  0.26612632395923447  0.27621699629140339  0.28635713769610394  0.29656085110766101
  0.30656358886403734  0.31640329588078353  0.32626453096108921  0.33590415535444090
  0.34540633435505852  0.35503576520499275  0.36496998028781247  0.37496663770074234
  0.38440119864830768  0.39359980577750148  0.40303299036256901  0.41269390882000861
  0.42274262063875934  0.43289062772262843  0.44328392473755301  0.45367217613358990
  0.46435903557346625  0.47519689329278553  0.48606007819761105  0.49682929989919189
  0.50779585728814169  0.51898388605160706  0.53003858596409426  0.54110681043963715
  0.55192653851955886  0.56265005584173788  0.57328151928451776  0.58377134215010573
  0.59418303707289888  0.60447833173661614  0.61452016990800395  0.62448350507883188
  0.63449130825375033  0.64466478686639150  0.65501649401990558  0.66537470886411965
  0.67544463865713977  0.68569663736408792  0.69629622287275839  0.70715182976561419
  0.71798125751391140  0.72885218047957656  0.74005482943391343  0.75109014542279939
  0.76168257550885654  0.77193114267038676  0.78181452542060814  0.79166946375979674
  0.80134724960115977  0.81135040007592563  0.82170323156051583  0.83206241281090121
  0.84228327922107660  0.85242870615712663  0.86294944323027534  0.87335070824952288
  0.88336205705336002  0.89323285043086376  0.90417675230608352  0.91538456445812832
  0.92626203855579736  0.93649038588697986  0.94672555049365426  0.95738441210493963
  0.96810310740218231  0.97906586999488010  0.98950801750192896  1.00000000000000000
 -0.00228227354660622  0.00937185797976691  0.01953793111359351  0.03098494662228603
  0.04218787312090880  0.05254160198746628  0.06292219054952759  0.07360860481327956
  0.08444361665481186  0.09404799751367221  0.10362385004457321  0.11386811743213900
  0.12404268167466269  0.13340848567280408  0.14271420494052631  0.15261839201421040
  0.16314485121376268  0.17328730271526868  0.18360902054055175  0.19394892686983070
  0.20509593575207913  0.21557336220419221  0.22628841309134967  0.23666914326516883
  0.24716403339681176  0.25813139549530223  0.26927101311561147  0.27970036260822490
  0.29002435198116633  0.30040234438057634  0.31064304893771111  0.32090341789355209
  0.33107877998203050  0.34199183316638232  0.35260671697100521  0.36270840155829143
  0.37281455037106892  0.38323813004102442  0.39409004156942923  0.40462223767798311
  0.41553484439762089  0.42652034953384249  0.43695057924627501  0.44715908576511182
  0.45733990704661831  0.46810127585542766  0.47850329887455056  0.48850763184742430
  0.49841111473511301  0.50888330536286186  0.51973433617858400  0.53013697004826643
  0.54066819022089574  0.55191802309230198  0.56347901968571235  0.57456639272442322
  0.58568210959499145  0.59693330566859426  0.60788661626097873  0.61811347575269604
  0.62876554638189142  0.64018059965533325  0.65100099101069031  0.66175044559564133
  0.67265477619852998  0.68410561295885919  0.69493946194419498  0.70551460388663012
  0.71636484104091258  0.72713607976133665  0.73777836911150052  0.74855729395979231
  0.75990583880391571  0.77156823956530840  0.78352010518863013  0.79430888195742755
  0.80426385214913898  0.81383261164032950  0.82312691404857641  0.83238345631160437
  0.84155970809491154  0.85082891057214438  0.86079137942847639  0.87139698846056002
  0.88217898426681107  0.89353856988645042  0.90386154355666948  0.91422751881779929
  0.92451686659117516  0.93532412572891077  0.94585977995801152  0.95631779699884067
  0.96661449619023332  0.97714744381791330  0.98823369373504732  1.00000000000000000
 -0.00271341906044045  0.01008584548368457  0.02087988670413670  0.03118682164611967
  0.04132667552697964  0.05152477096340735  0.06203944227978726  0.07269128765916467
  0.08351313429340511  0.09437803241378187  0.10466639547285139  0.11438500032401946
  0.12422744854681374  0.13407337372913361  0.14374256168525643  0.15335364719363836
  0.16304352036253036  0.17350251719694038  0.18397007686516220  0.19438259499436084
  0.20469391654461841  0.21543476527569569  0.22607792283026584  0.23618330527206288
  0.24652071347918530  0.25703632385748248  0.26738578485569164  0.27725426571265127
  0.28708369755053764  0.29781298146246671  0.30886260106046431  0.32022558077231722
  0.33189920499882719  0.34397529488485901  0.35586267031771562  0.36749770178572305
  0.37912982121651717  0.39110123831417481  0.40323336277419319  0.41507076206418386
  0.42678435165422052  0.43807384402182015  0.44901556922316666  0.45970247254153246
  0.47015923671521204  0.48065491249696263  0.49081476325500939  0.50091564288465762
  0.51101764296013963  0.52138579773162985  0.53200601621929622  0.54284021533951266
  0.55399107016460447  0.56536828287741758  0.57660692247520096  0.58751475059549330
  0.59809317330354728  0.60825500512557440  0.61795140845852570  0.62750987046241780
  0.63716757543775537  0.64679346733566589  0.65612354607589118  0.66550311144561214
  0.67516961922728191  0.68513419912796647  0.69540498378546867  0.70603314308286691
  0.71725835623507894  0.72846638169788736  0.73942963927676053  0.74981405634350728
  0.75971007904065246  0.76923125771818468  0.77851787801643868  0.78792233695301939
  0.79802892879898479  0.80806759165479181  0.81859263326300213  0.82899209306699184
  0.84087899487796947  0.85277982833292432  0.86383848075630743  0.87463622903880878
  0.88559873071101869  0.89658947301488845  0.90704614745720835  0.91714704823463755
  0.92710946798671556  0.93713452045383139  0.94744953917898900  0.95798891947582410
  0.96894814763894388  0.97947380255925554  0.98981584092230901  1.00000000000000000
 -0.00215777239341371  0.00924195985226581  0.01905221654841435  0.02919598639624208
  0.03938635296917296  0.04947726476258216  0.05982738861110935  0.06993069988199624
  0.07995710091123512  0.08987134785883541  0.09978914275121989  0.10968147388444460
  0.11972184014754805  0.12990560967487946  0.14049643645566301  0.15091622028019513
  0.16147205730993588  0.17268893226289697  0.18333289187157728  0.19442335032544195
  0.20536342775246588  0.21637080072085174  0.22692567514351511  0.23733100448022534
  0.24781699309430491  0.25736860223556085  0.26708638520327044  0.27704468588326275
  0.28716102075219874  0.29704137930246749  0.30711334457128153  0.31722301930322377
  0.32747866587362073  0.33772121199311211  0.34832845436310644  0.35886111141251076
  0.36919181500440862  0.37991326634733863  0.39067328406740964  0.40087884046153099
  0.41052266981730479  0.42051305214749440  0.43047086425808240  0.44013047331336824
  0.44950786294010936  0.45903985073456027  0.46904683396878682  0.47926660943936772
  0.48956918227357016  0.50013783146677671  0.51075115488075529  0.52153745608055990
  0.53240802329232551  0.54348031391963381  0.55506367938612977  0.56646171243979559
  0.57717850766474554  0.58722414915846466  0.59654914878919618  0.60590729737859983
  0.61555297687935728  0.62550881620994936  0.63564930879467596  0.64619157585085485
  0.65678827573318821  0.66734501773112198  0.67719241655409634  0.68677992328402016
  0.69642203158049287  0.70613032328351111  0.71608830402084445  0.72659122264604314
  0.73760380101525713  0.74932387278153312  0.76147786965320097  0.77334648492333991
  0.78476869957035200  0.79625059043140989  0.80799202041662177  0.81930352876142998
  0.83010849336856096  0.84089387691661488  0.85149754907449027  0.86193583019296638
  0.87220755999860056  0.88293389296219649  0.89437727581327353  0.90637632190156792
  0.91878526604870725  0.93062857200046700  0.94234218468385100  0.95413102813416673
  0.96576991965266301  0.97716067890535507  0.98862080833847843  1.00000000000000000
 -0.00256744562051875  0.00842047446592840  0.01837372610898171  0.02798072917390359
  0.03731637233479612  0.04645713929740394  0.05550785260309021  0.06473557932789686
  0.07423679853210628  0.08358328822965407  0.09268798387567624  0.10197319715994034
  0.11188612896318137  0.12191565660225527  0.13143550972962023  0.14036659210536245
  0.14949575586088043  0.15911123325734922  0.16857101348360784  0.17809056528354564
  0.18768977022556377  0.19872937678991487  0.20983867788417412  0.22064491650305443
  0.23155525443453193  0.24285114276713535  0.25412215139165051  0.26487782525548298
  0.27561271741357529  0.28647803283534756  0.29783654999927522  0.30912191665607341
  0.32007818014253225  0.33120716290799040  0.34316968457853309  0.35556047993375656
  0.36750726648573767  0.37905800841638382  0.39073530570340043  0.40308668944808279
  0.41582608393128478  0.42846439207366138  0.44097618808254951  0.45360191615058459
  0.46622639441531566  0.47862756857309019  0.49071218270758016  0.50268103486906179
  0.51478117050955985  0.52671889307245290  0.53837837828643398  0.55027717648693208
  0.56248104384147701  0.57417826469895061  0.58533672643955248  0.59567044522748447
  0.60635092448356687  0.61721350220585913  0.62808050937313309  0.63885364174987813
  0.65017755584233083  0.66263479134365588  0.67463812884273566  0.68615439837239922
  0.69755160474587230  0.70913447598473001  0.72105531596071759  0.73308243844755561
  0.74493129406244873  0.75599813705246233  0.76645120757276752  0.77694327320330780
  0.78743234375325200  0.79753960011497704  0.80750383175054397  0.81795354088161809
  0.82891717002944187  0.83922908462321766  0.84885332248658041  0.85921580780553675
  0.86996718910340554  0.88014433904816358  0.88987817352124654  0.89969748323329224
  0.90949713433619694  0.91874218406662478  0.92706421324170218  0.93502937502837280
  0.94307629923691061  0.95137585160912141  0.95987177511928101  0.96787949009429008
  0.97594845507000905  0.98416108814790548  0.99221331048061812  1.00000000000000000
 -0.00211098725813538  0.00841056562666045  0.01709289519551132  0.02647706616796639
  0.03653144985376713  0.04653144688635272  0.05621746521819553  0.06583358256873389
  0.07584732407654984  0.08568131901784648  0.09531414015319299  0.10490226376045250
  0.11486233551577374  0.12513677905757647  0.13541293291442541  0.14557588987900266
  0.15572285350278778  0.16616144151304194  0.17708427769037605  0.18810540073620718
  0.19903374849874336  0.20986663269665817  0.22068985157499621  0.23206315296090294
  0.24394613759558592  0.25525295587484037  0.26571585380671486  0.27575681014446091
  0.28548464087426828  0.29503073509816369  0.30457412412634383  0.31453679784565192
  0.32468547742931642  0.33487024696733264  0.34553245128444515  0.35631656471160589
  0.36699505239122626  0.37774867065836237  0.38877397491651461  0.39963430382545734
  0.41008122389378948  0.42071132354571161  0.43134109204571469  0.44178360513483578
  0.45242990247697124  0.46289442891372373  0.47346846106134527  0.48389986797956541
  0.49448404648973959  0.50458093733131371  0.51477574890333011  0.52506839924878590
  0.53596705208504203  0.54625383120471849  0.55626774162741877  0.56631654975242463
  0.57687766644188798  0.58771570195181055  0.59839208261883814  0.60953667506003095
  0.62077480531887541  0.63285180383303963  0.64460544462460645  0.65562042351582284
  0.66637617445248309  0.67713973213917611  0.68807964897409379  0.69921808220090265
  0.71054573757368999  0.72201474924532272  0.73281257581327430  0.74280771659640876
  0.75278940268320527  0.76307645936266955  0.77355146815610309  0.78431358436154164
  0.79512562963244948  0.80568907458477479  0.81588772222481665  0.82578164702003642
  0.83573015631367564  0.84592815141378175  0.85625248325299141  0.86754910862980594
  0.87875708557546239  0.88981499079822823  0.90024932632678800  0.91113657819075777
  0.92190748266356470  0.93234342251199964  0.94246282703978934  0.95271551212922034
  0.96380121855950251  0.97519882811553404  0.98743554794101107  1.00000000000000000
   1.4248663264841340E-009  -1.0000000000000000     
 T F T F T F T F F F F F F F F F F F F F F F F F F F F F F F F F F F F F F F F F F F F F F F F F T F T F T F T F F F F F F F F F F F F F F F F F F F F F F F F F F F F F F F F F F F F F F F F F F F F F F F F F F F F F F F F F F F F F F F F F F F F F F F F F
  <DiscreteSampler_grid>
  grouped_processes
  1 # 1 for a reference and 2 for a running grid.
  10 # Attribute 'min_bin_probing_points' of the grid.
  1 # Attribute 'grid_mode' of the grid. 1=='default',2=='initialization'
  0.0000000000000000 # Attribute 'small_contrib_threshold' of the grid.
  0.5000000000000000 # Attribute 'damping_power' of the grid.
 # binID   n_entries weight   weight_sqr   abs_weight
    19   10   1.217526362784465E-001   3.488319614324042E-002   1.217526362784465E-001
    25   10   8.804067981652308E-002   1.700240873728607E-002   8.804067981652308E-002
    37   10   9.810620206272608E-002   2.177250738628762E-002   9.810620206272608E-002
    43   10   1.027886185819720E-001   2.260568526557296E-002   1.027886185819720E-001
  </DiscreteSampler_grid>
