 -0.00000262639270509  0.00011378461385352  0.00050356203845155  0.00106185952810361
  0.00173793968748125  0.00250176048297520  0.00332888843652870  0.00422632099394348
  0.00514733520254457  0.00612272650780719  0.00715646062226369  0.00821730967276153
  0.00930421930530624  0.01037969869316573  0.01148260094294611  0.01260594833482395
  0.01373105266497428  0.01483691555850505  0.01602990144814427  0.01721578860155882
  0.01837963715111519  0.01956543426382836  0.02081268490952052  0.02206829872861992
  0.02332298326992545  0.02456101620665579  0.02578159327981656  0.02707890924839361
  0.02839135237186641  0.02969288835288429  0.03099138018919600  0.03226969366252536
  0.03354446222324865  0.03485854731833056  0.03620602504705645  0.03755213885275747
  0.03888457066551736  0.04020658642417284  0.04153641850740177  0.04287855517439387
  0.04421350694873502  0.04555785731544472  0.04692954433002727  0.04829982473441100
  0.04966632684154283  0.05108102221407046  0.05251363168669421  0.05396817526626775
  0.05537941759832847  0.05678697348157554  0.05820403491806692  0.05963754037524976
  0.06111654311383805  0.06265825816897828  0.06419496967004146  0.06571179624664014
  0.06723484474181256  0.06876791152446306  0.07031258996150846  0.07186854822082853
  0.07343907525914217  0.07505443476120352  0.07666049334997987  0.07825616169124543
  0.07996726708700673  0.08179458363017827  0.08365390264003345  0.08553081673697531
  0.08744335246869482  0.08937236935331605  0.09133194266747503  0.09330194690043687
  0.09530901912613150  0.09737155736047989  0.09947638214874831  0.10149782251834395
  0.10360398103596601  0.10584493034137557  0.10820827747487950  0.11069901967767511
  0.11331120552612645  0.11600395989436421  0.11876229814833709  0.12158919818264829
  0.12453642855580002  0.12762401101913018  0.13090934050779390  0.13430411171287135
  0.13824225111604327  0.14289529903822656  0.14842583921866975  0.15510951975529022
  0.16364648434182325  0.17772127600647702  0.19492239695858377  1.00000000000000000
  0.00947640562653744  0.01678781049999519  0.02713013133520318  0.03739846625006082
  0.04758383282698225  0.05789047936306121  0.06827899480175974  0.07875837026210139
  0.08961523980911168  0.10070732701212037  0.11181371853854971  0.12281935015810022
  0.13364639806482345  0.14434324194818357  0.15507880840188107  0.16594219012749653
  0.17654905630215201  0.18687480883360599  0.19726259105958630  0.20779493468526625
  0.21844644301154051  0.22922275406107992  0.24010358354689512  0.25083388825920322
  0.26121740684971739  0.27141441619203593  0.28166578502571032  0.29191660716392687
  0.30217052015743395  0.31246574438302860  0.32291383607332452  0.33341520554067156
  0.34368140322962887  0.35397433738467449  0.36444874309003022  0.37502093271552928
  0.38564941371997585  0.39645819727796211  0.40769506554395685  0.41922472736497879
  0.43073286933175964  0.44185492626591893  0.45244965862479419  0.46292754044861617
  0.47340971812085542  0.48372099795323770  0.49382940660900343  0.50440204490876694
  0.51534747767209788  0.52569632902140695  0.53567854749507660  0.54570083651703905
  0.55599554672287188  0.56619142845334847  0.57646092967289220  0.58689135343226628
  0.59735762944063064  0.60742037120556081  0.61706884529556572  0.62655848469711528
  0.63615312291395321  0.64581912710129996  0.65562144257141053  0.66568226959549759
  0.67621768652011027  0.68683767859540468  0.69705975714814727  0.70706942338819467
  0.71728776098055758  0.72775361535796579  0.73826076054149403  0.74903693203982780
  0.76036660497178643  0.77178138026464072  0.78261385894259949  0.79317781337116489
  0.80396210365949561  0.81466464968395613  0.82489016704698692  0.83503446799702696
  0.84540815447458706  0.85606059239845644  0.86645130983944973  0.87666826592059899
  0.88721076867578574  0.89763171296677646  0.90853651137454583  0.91985269246196910
  0.93051806719058539  0.94096719553838692  0.95079896059403390  0.96098156289429737
  0.97129061334117150  0.98163868697869139  0.99147339630802700  1.00000000000000000
 -0.00215244742913682  0.00893763150425461  0.01854940782458418  0.02880513723839210
  0.03902664952980088  0.04931377868879843  0.05997770509029502  0.07086771631203220
  0.08203631189497394  0.09335805713899654  0.10465958328177641  0.11517145721952979
  0.12580221788558321  0.13630367256343384  0.14660369900363507  0.15705013205827209
  0.16737557822982257  0.17801350915585035  0.18807163410648606  0.19850017869116385
  0.20848926065211559  0.21898527490721961  0.22961521600246265  0.24097431157533952
  0.25223827504195701  0.26331833457117815  0.27433862124069214  0.28501255794147090
  0.29566938189418046  0.30630033663721618  0.31717738052197664  0.32787364470455715
  0.33876683266483715  0.34968004478706455  0.36020022502830812  0.37067911243393159
  0.38117126063249146  0.39181608277668484  0.40207343500050613  0.41224252923210286
  0.42296527828266628  0.43403472564920881  0.44475059514345416  0.45532647884582250
  0.46627595433206148  0.47718519313893243  0.48753314411023119  0.49774206984678293
  0.50827293079032998  0.51899096095220043  0.52946815768958955  0.53980344076430975
  0.55035564034334072  0.56089218288524145  0.57138052182055110  0.58199521006806776
  0.59293340526948302  0.60402760428409497  0.61486256216924828  0.62541040421668836
  0.63565699333208081  0.64607368948198829  0.65681199857807759  0.66759023065034850
  0.67820376263770143  0.68876209716675563  0.69947992296892292  0.71016860513780500
  0.72075578376335270  0.73136379336284474  0.74213137840083432  0.75305846297983847
  0.76400947667105978  0.77486559088891838  0.78544694134065085  0.79584852806820539
  0.80616648825128434  0.81649770985508618  0.82677437318247171  0.83697331545848674
  0.84706421523287245  0.85738311492513919  0.86770835890975428  0.87796659147016587
  0.88803764106731264  0.89821287088493951  0.90854866046720351  0.91879153779896294
  0.92919105717927752  0.93926189575972352  0.94938109347526356  0.95989120722972698
  0.97073962693913329  0.98084381125106024  0.99038422040779894  1.00000000000000000
 -0.00254058932020363  0.00961801447083725  0.02068470788849594  0.03133438695044337
  0.04160306089676867  0.05124465362572073  0.06099360614880198  0.07072785614051730
  0.08075223262604712  0.09083124760973119  0.10105354200690678  0.11130321371316816
  0.12155481792499089  0.13197644086900925  0.14229117829612192  0.15291433722313580
  0.16361994065932783  0.17438763054072726  0.18500805360598688  0.19581035144502609
  0.20666134524126353  0.21763661809015045  0.22840426714651005  0.23889261089409347
  0.24942544041036660  0.26009433037306551  0.27062463590877922  0.28091873368061487
  0.29126319561682379  0.30184828150322951  0.31244874200788181  0.32264303112021753
  0.33280797108187854  0.34323503218458501  0.35389615412023895  0.36462905723741557
  0.37541643103593958  0.38634177471857289  0.39710973995147558  0.40774709108229912
  0.41861117809706555  0.42926726882665978  0.43986809442459285  0.45030953973202786
  0.46078248282542422  0.47109208942103559  0.48109099262576477  0.49164715325414132
  0.50213872444197916  0.51255415109002433  0.52287927197945228  0.53390181030533945
  0.54465574826233365  0.55577381242860302  0.56693470208325958  0.57869603678945103
  0.58981764452287089  0.60055913018797635  0.61087977726300557  0.62162232893842706
  0.63232258343965420  0.64325397469940915  0.65421420626887561  0.66504681062757998
  0.67679886504615472  0.68830547437269707  0.69954020178707210  0.71026949217776980
  0.72053812546913565  0.73059657743674622  0.74045140474075555  0.75069030812420534
  0.76110554338825565  0.77156702260572962  0.78232709948847112  0.79257538261063298
  0.80297418443315272  0.81302897106452432  0.82413134754047468  0.83486198663176781
  0.84493084102989247  0.85484819259309219  0.86509626903527648  0.87527924900505694
  0.88506320681201445  0.89478212651039257  0.90523629466036959  0.91552634107767950
  0.92574313125001195  0.93598864166564755  0.94668159227803528  0.95774327788786828
  0.96821940155412411  0.97912942385147905  0.98950072187906812  1.00000000000000000
 -0.00198882829311194  0.00862736591989812  0.01791258945742279  0.02799371943512016
  0.03826291255238381  0.04825385290275604  0.05847653714379727  0.06878113380676211
  0.07941040363780862  0.08997518680018116  0.10049725356389150  0.11118386248512882
  0.12241224809634227  0.13352747911895901  0.14492694739121753  0.15570080507954884
  0.16623881550368458  0.17690554331895603  0.18777866483562297  0.19918508383689240
  0.21043054061219776  0.22211969687147393  0.23332355758810833  0.24435770474243296
  0.25532103757448704  0.26658885722046433  0.27756861850469455  0.28835547177528426
  0.29927897546591881  0.31017455470690153  0.32104517055193632  0.33177322325304937
  0.34218984691755933  0.35234286098698009  0.36221983741414288  0.37213742683488255
  0.38235781295951959  0.39244999773271205  0.40277841475400217  0.41322206727795086
  0.42381967346369226  0.43428844591408006  0.44474192782169913  0.45526175974127997
  0.46574513822258706  0.47621888499719062  0.48685023464421984  0.49764504663474968
  0.50817607149626687  0.51848694731003508  0.52869754028690552  0.53890619602105916
  0.54926227140367734  0.55991525712657919  0.57109522387631373  0.58219966500185971
  0.59302539858475767  0.60377928747760301  0.61464895503267858  0.62553164806166439
  0.63622129946125738  0.64698902971094019  0.65768235185620150  0.66830548477766327
  0.67885598556373672  0.68948212314009283  0.70007000221525950  0.71057862783942372
  0.72108485022030910  0.73166904463355231  0.74220683038234680  0.75283935157781789
  0.76365578680751411  0.77427345604092079  0.78462278016908527  0.79470570618570435
  0.80464076617419533  0.81445622624288727  0.82423083280283815  0.83426603421326684
  0.84467899521533252  0.85511012958379617  0.86533574998199481  0.87569089555883217
  0.88636531839348021  0.89710341272139427  0.90776529662958161  0.91814071349263793
  0.92854846397022028  0.93881815670017044  0.94903164048193378  0.95884448267999633
  0.96906206776860115  0.97919736429587467  0.98981943407290596  1.00000000000000000
 -0.00206835428199881  0.00864099758880605  0.01805004500472061  0.02772565590371360
  0.03789555137139038  0.04833475004894015  0.05858340131649342  0.06842912106995012
  0.07842242930569972  0.08868421827432980  0.09945739533968191  0.11004401689886843
  0.12089466484732764  0.13187900667352670  0.14297041156940796  0.15332766306583204
  0.16355158341605164  0.17400367265871877  0.18459553473022644  0.19489120398363599
  0.20502976872348658  0.21527920636566000  0.22577057445264087  0.23612669990031623
  0.24629715044993203  0.25658687302889965  0.26742714665559081  0.27848433452960220
  0.28958613670887678  0.30026575414385070  0.31044693878937046  0.32066592798348958
  0.33082200219866914  0.34120212840289177  0.35190576616004093  0.36289181996969899
  0.37439626685317440  0.38586033857744129  0.39709083042235216  0.40770923786768148
  0.41811260571438952  0.42847375239757679  0.43881671781054865  0.44890180929169243
  0.45894416344189676  0.46901331234991306  0.47901085722132425  0.48919445842134263
  0.49965594865139640  0.51027469963209782  0.52094887866753037  0.53158589718095262
  0.54200849357262970  0.55186784455626758  0.56163460597094628  0.57169763437243226
  0.58197359116694447  0.59222374680448253  0.60230497220229451  0.61233473088876189
  0.62243311243597188  0.63257511818867296  0.64283243734727569  0.65307855315869712
  0.66332512285616740  0.67372182712059769  0.68438745395977019  0.69507202312035421
  0.70583752784342890  0.71681569210573137  0.72806963209356745  0.73940969534285095
  0.75065622613580085  0.76174737707084583  0.77272563247245318  0.78348982354365793
  0.79426379519192081  0.80526985005188556  0.81605819176689331  0.82634420547275833
  0.83647189066438243  0.84672966252319537  0.85718265915124514  0.86790264505056269
  0.87896045397427947  0.89029554614719342  0.90137249119817275  0.91222559168914485
  0.92290576004892655  0.93352253862681622  0.94407755177350217  0.95476163752388032
  0.96535033244018820  0.97661085025339789  0.98795622194739985  1.00000000000000000
 -0.00178033132770603  0.00662242597199033  0.01392230824305601  0.02193270093323125
  0.03019768620305093  0.03847563798915547  0.04701951477876702  0.05555921379480643
  0.06465460035388129  0.07402417782228198  0.08345403004510964  0.09297214813551696
  0.10246720728672287  0.11167919543614761  0.12082763420392720  0.13027972708790231
  0.13975238597354686  0.14918587936107655  0.15867453709865381  0.16838941286147047
  0.17891055601729308  0.18960299881093959  0.20047605475575289  0.21117356523038669
  0.22172361984582450  0.23247619174632378  0.24325185308342767  0.25412829948699717
  0.26536028741746187  0.27694631270435982  0.28889722783244587  0.30110469550480262
  0.31322176379217648  0.32505762793431109  0.33682158983243216  0.34877380706943417
  0.36081004969301361  0.37286588183489988  0.38515653926133592  0.39742523812552244
  0.40990748564251084  0.42232500128084199  0.43476091306569753  0.44717913646171242
  0.45935143961759656  0.47177397422830947  0.48401670129332963  0.49629030999661022
  0.50903975143001046  0.52208083019419249  0.53602317246295672  0.54941191021326263
  0.56201052505970905  0.57430424862098806  0.58602452901273061  0.59793224926240551
  0.60996079535803094  0.62250474640412601  0.63420040439329828  0.64574927877917077
  0.65731036946469201  0.66904881686329265  0.68008205039377023  0.69147613178165335
  0.70316875073324114  0.71412061595823340  0.72464349111829751  0.73558545503432449
  0.74683028935669404  0.75809232098056500  0.76911819971783824  0.77994117386283379
  0.79050499591360202  0.80113603900253205  0.81143609759212787  0.82139816014953548
  0.83126600229862779  0.84105988199464476  0.85079085752725947  0.86027396741870865
  0.87007319348693712  0.87991580018693860  0.88905190718042215  0.89814019812686863
  0.90688312986541497  0.91553736487094062  0.92403276343733054  0.93258749143598663
  0.94097956193120658  0.94961345582188517  0.95800009701273858  0.96625567131623624
  0.97500717359998934  0.98338839073005357  0.99180461525141106  1.00000000000000000
 -0.00216182797473734  0.00876234050319937  0.01817788134477847  0.02863962626997019
  0.03919586769351945  0.04988006949515203  0.06028636580388928  0.07139425187028756
  0.08280998952272191  0.09446950523041896  0.10571666385164165  0.11669784020746053
  0.12727103583744781  0.13788267653378533  0.14855632595327517  0.15944411688571813
  0.17030384242944618  0.18092805158895237  0.19171517036316479  0.20268274242813367
  0.21362237149067939  0.22439418313002332  0.23492535590415067  0.24543587567999511
  0.25609891899330484  0.26679225518582850  0.27744633162148924  0.28801831254099997
  0.29866494032833751  0.30923178093239528  0.31960576082319997  0.32984001695871690
  0.34012175447409831  0.35066135807769849  0.36136400915828470  0.37200663056896349
  0.38262966829297279  0.39306552273778339  0.40365742429903168  0.41446701842925376
  0.42546234227400603  0.43654706871350185  0.44720476922572722  0.45792771236270258
  0.46898849382497304  0.48017638475141794  0.49139366808448637  0.50259832103179936
  0.51369667923754703  0.52470647161680184  0.53561556050112158  0.54632360091762233
  0.55679715993064560  0.56700411370400139  0.57710388449126460  0.58714153601614327
  0.59688669259445937  0.60649690076815321  0.61615179471456560  0.62619588457181530
  0.63653250799855587  0.64706377928975667  0.65786775650344698  0.66868740642389202
  0.67945409214198049  0.69013894252910402  0.70053693699207920  0.71081778579088783
  0.72117400067977011  0.73157639748837233  0.74184664319941263  0.75199627350128961
  0.76232161229306084  0.77286778923561306  0.78358547444104698  0.79427687031860328
  0.80482570474411941  0.81515858547268860  0.82533000481341556  0.83539926158363298
  0.84553860470394637  0.85583439787928817  0.86623596288289795  0.87692228922327797
  0.88789603761751923  0.89866006253518627  0.90911589142255878  0.91968117364286772
  0.93046459126296455  0.94096716703072614  0.95100194503705582  0.96083150298355291
  0.97072640400572141  0.98067083482562123  0.99040521092951572  1.00000000000000000
   7.1373515597970753E-010  -1.0000000000000000     
 T F T F T F T F F F F F F F F F F F F F F F F F F F F F F F F F F F F F F F F F F F F F F F F F T F T F T F T F F F F F F F F F F F F F F F F F F F F F F F F F F F F F F F F F F F F F F F F F F F F F F F F F F F F F F F F F F F F F F F F F F F F F F F F F
  <DiscreteSampler_grid>
  grouped_processes
  1 # 1 for a reference and 2 for a running grid.
  10 # Attribute 'min_bin_probing_points' of the grid.
  1 # Attribute 'grid_mode' of the grid. 1=='default',2=='initialization'
  0.0000000000000000 # Attribute 'small_contrib_threshold' of the grid.
  0.5000000000000000 # Attribute 'damping_power' of the grid.
 # binID   n_entries weight   weight_sqr   abs_weight
    19   10   1.438094255361385E-001   4.043482573277540E-002   1.438094255361385E-001
    25   10   1.674562889098616E-001   7.040086846791008E-002   1.674562889098616E-001
    37   10   2.077747670134923E-001   1.227095237318954E-001   2.077747670134923E-001
    43   10   1.375563812790113E-001   4.712056665212535E-002   1.375563812790113E-001
  </DiscreteSampler_grid>
