 -0.00001251808493551  0.00263566467754821  0.00795898197774022  0.01373771763616759
  0.01928908140183499  0.02469652850481338  0.03000668267767095  0.03523663859199882
  0.04030005808184195  0.04533956962611930  0.05032430531909404  0.05518033457026372
  0.05991476428883322  0.06452567734484405  0.06902793790755810  0.07345079637542014
  0.07777949441336500  0.08194995755582463  0.08610258792597190  0.09024217580836653
  0.09438008062565238  0.09857741855723437  0.10266306738034087  0.10669409979137366
  0.11070505702061334  0.11463433907255656  0.11852758560533265  0.12243619717179823
  0.12632938994047921  0.13015924863289383  0.13397257258705952  0.13783891133043916
  0.14173256041014154  0.14567113032988455  0.14954867571944871  0.15328728724407026
  0.15717234113286715  0.16113524602785798  0.16518169201392841  0.16935308469928739
  0.17352950795556002  0.17770342597058592  0.18188898827189184  0.18606682451911705
  0.19023300122063791  0.19431742143484609  0.19829792970230181  0.20219155411963394
  0.20633378243310485  0.21064704106335905  0.21503154947487316  0.21944138869517488
  0.22388096712041469  0.22839709092817106  0.23294925685112447  0.23748178920775895
  0.24204011171470607  0.24656486099479172  0.25103860042727372  0.25548310497029053
  0.25988806182566326  0.26435147526465275  0.26902444863250069  0.27399144459040869
  0.27902714025766251  0.28402451628640535  0.28905268251914223  0.29423686173698821
  0.29949263165145135  0.30473731293564549  0.31011039241260213  0.31563757950605104
  0.32131115305711583  0.32729729205755631  0.33343418762813765  0.33950001045898959
  0.34538875127978641  0.35211298533353924  0.35959793153790370  0.36698697582604767
  0.37446540163557707  0.38266602752127854  0.39116906959676628  0.40003765507885380
  0.40929325641348824  0.41894934985177240  0.42898030405787302  0.43914532730149980
  0.44985776713393788  0.46316203965917202  0.47853702679608806  0.49606518319744974
  0.51681006249377615  0.54684124835873993  0.59577471022687112  1.00000000000000000
  0.00930746302578234  0.01648496671269964  0.02738321072183051  0.03882748478954113
  0.04916966967399900  0.05898552539079808  0.06917898648310793  0.08093434026772633
  0.09080745818851321  0.10042939036664152  0.10958965406977299  0.11880503833148379
  0.12775705714857027  0.13679095757832907  0.14538971254855340  0.15527595757045898
  0.16501827220165521  0.17525247090106735  0.18521290579878028  0.19484848442961214
  0.20419837076501052  0.21377921700732910  0.22417561514450932  0.23470994010982271
  0.24487532373940368  0.25494809699685805  0.26535805320995975  0.27540949383875657
  0.28514800584186528  0.29538108671538105  0.30581152114507948  0.31591122621096668
  0.32570993384087449  0.33545376087966539  0.34560882483553840  0.35580166788933948
  0.36642330193538025  0.37756900694342194  0.38874326099283485  0.39948763750779487
  0.40986353570718398  0.42072354050544325  0.43216330778717643  0.44334893022026678
  0.45376709087374412  0.46395679623491515  0.47451142975384125  0.48517324138985773
  0.49572870408750180  0.50599887237445118  0.51588081831927524  0.52593205162589907
  0.53573912507312249  0.54590878408706878  0.55668445345747231  0.56781723587504329
  0.57964911414384312  0.59175454993441146  0.60364462049296652  0.61511326619864837
  0.62578247644690344  0.63631709885798426  0.64623316651858209  0.65510024511879628
  0.66344558615060090  0.67185440489820547  0.68082802855668045  0.69038636453047197
  0.69974041027683465  0.70866216818102512  0.71889765033389341  0.72987862098908118
  0.74165455901591160  0.75317379489741265  0.76354739475595068  0.77397360990659070
  0.78438138975006666  0.79500280293304215  0.80529463349857888  0.81507068266268046
  0.82406190064517082  0.83304631872754786  0.84201374869151469  0.85140000249189196
  0.86130939095658376  0.87107467736907596  0.88216294378272775  0.89554423501988178
  0.90980970906946212  0.92238760341526260  0.93427699202542891  0.94635353888079599
  0.95855693727114677  0.97073120234862109  0.98378338399439935  1.00000000000000000
 -0.00241225765942675  0.00927443554836083  0.01855637752833959  0.02827383298892617
  0.03829693229012989  0.04855269959007760  0.05871147322102361  0.06950842466767890
  0.08005304168513754  0.09047121946066396  0.10128726314845214  0.11189320473226688
  0.12213601982613227  0.13270900209333472  0.14386946056204422  0.15501768313668768
  0.16538029546309932  0.17565215194521655  0.18642815933953860  0.19715216046266651
  0.20837597048312481  0.22006632633536563  0.23155855805469766  0.24282762229057520
  0.25376504014579221  0.26469511247257577  0.27580543662773788  0.28731777536015018
  0.29900403756557370  0.31068736980109107  0.32228548388315342  0.33344278770330543
  0.34479512162449771  0.35643768619269872  0.36856865843746051  0.38056141779732316
  0.39179321219356816  0.40253914530233287  0.41305945989367382  0.42314135826495458
  0.43315710846917649  0.44363436505975962  0.45433408118473589  0.46501445022490462
  0.47573963054773288  0.48702373360133477  0.49901963257673754  0.51121100032983524
  0.52341690916740680  0.53549699055106970  0.54690180213573503  0.55738031920716691
  0.56807406997770182  0.57925835341537091  0.58966367295426625  0.59916929339649661
  0.60912870613293257  0.61960992977319551  0.62992531340362934  0.63995459911091934
  0.65024472422325907  0.66113565414457465  0.67206534724327982  0.68266427618181980
  0.69319631244954338  0.70387188932839861  0.71513705932373706  0.72668373878669001
  0.73712570362827212  0.74680505302867484  0.75616153296898603  0.76536776787017535
  0.77465558938995160  0.78393599382852075  0.79364691044678626  0.80377322465546452
  0.81359136955106881  0.82261502600299108  0.83178093775317241  0.84139586788453391
  0.85111892292586455  0.86106226363914862  0.87058595022715302  0.88101026213572864
  0.89167887177415905  0.90152440057615513  0.91104988944412824  0.92128631045924847
  0.93212680206372700  0.94247314229148482  0.95219792457365426  0.96186874955676283
  0.97187889278430251  0.98195563479257053  0.99105911676048020  1.00000000000000000
 -0.00279572275050400  0.01142350643483931  0.02330358258424012  0.03625521293088302
  0.04745705059335937  0.05805096458036842  0.06867270372711039  0.07926878984026083
  0.08931416198043159  0.09871003572139983  0.10904322596208010  0.12069160133226126
  0.13221768510940490  0.14289898271348175  0.15366580091352694  0.16410097861342701
  0.17453331835008962  0.18492605916200650  0.19678638097646645  0.20990039482977149
  0.22309303405783237  0.23475797644653532  0.24534351753097838  0.25616199126260775
  0.26724295402807857  0.27796362514275863  0.28846971029451079  0.29923913967570887
  0.30996199288410731  0.32032565081711650  0.33089252085830889  0.34231485719935512
  0.35411032998582453  0.36590351534350074  0.37724598126016495  0.38795425319172072
  0.39807368051906578  0.40779149002421738  0.41752446006103955  0.42700052935454241
  0.43633877529964882  0.44667059014474936  0.45721485026310482  0.46743706749915465
  0.47760998341308553  0.48838617370057485  0.49918945828065947  0.50916960135712330
  0.51912452828941913  0.52957140383637180  0.54014355855197760  0.55019336952200326
  0.55981518631000737  0.56962402335237428  0.57960677692975127  0.58967237476632695
  0.59973678229231087  0.61006293798997713  0.62035003468195138  0.63049689902910178
  0.64076655726101117  0.65145150471719160  0.66251063050892556  0.67346057291341033
  0.68407681719607560  0.69467657905144464  0.70556552567361785  0.71645283466423249
  0.72745082067189348  0.73805713813078733  0.74833375523274648  0.75878543357878503
  0.76953899525455571  0.78033447027717218  0.79049779184800162  0.80102524757474114
  0.81145113293409210  0.82174428745795092  0.83207241021422362  0.84275080941740443
  0.85364431089370263  0.86449890681721930  0.87501328424339941  0.88531093295483432
  0.89516280633370870  0.90489921917811089  0.91493602083874659  0.92518730459740350
  0.93534924515468176  0.94483431753880642  0.95379642778422957  0.96311870217330631
  0.97254581582520683  0.98216761178950662  0.99113169140726176  1.00000000000000000
 -0.00240989399472604  0.01013361812427203  0.02060456993395455  0.03218915359780214
  0.04392890950030329  0.05529297188661685  0.06711328492091402  0.07924852013363368
  0.09072900303235379  0.10156232078740685  0.11353238463878274  0.12558632718944823
  0.13773848680590733  0.14979570929737063  0.16156115008417848  0.17271219085302036
  0.18375555761543710  0.19485206460932908  0.20600255599476958  0.21765728645703558
  0.22934581205396273  0.24070022807534197  0.25114367436749402  0.26090556929797704
  0.27067417530896332  0.28059750801328820  0.29063170681021755  0.30086261092225564
  0.31123774917816804  0.32212430782398249  0.33327406895170469  0.34512485180683045
  0.35633981520264402  0.36593737265234716  0.37541321389457410  0.38477709503662799
  0.39413153093889769  0.40321227704735307  0.41184767877963901  0.42118548259016036
  0.43148988683131206  0.44229577624611993  0.45307562761623182  0.46323961288199772
  0.47360463956561122  0.48390078350452415  0.49381284861379732  0.50317148489449748
  0.51212418326449760  0.52149908846549187  0.53101755237305792  0.54033726618209821
  0.54989091747926166  0.56027292382273686  0.57190821797783675  0.58418651643997210
  0.59414919980835645  0.60352985679247617  0.61287582383292238  0.62226602261652630
  0.63174888773454163  0.64167338007822905  0.65313838348371900  0.66554655922605510
  0.67724109533938315  0.68815886882719468  0.69885659697713487  0.70942870709953076
  0.71987272799660795  0.73036656507410125  0.74093956006169914  0.75121620029166658
  0.76116143064156427  0.77093822456112360  0.78072812203601871  0.79064583772268437
  0.80035556326537993  0.81021900829156634  0.81983664771288145  0.82902183838807186
  0.83836431533086786  0.84857399679481549  0.85970507623736114  0.87131833259609770
  0.88384940204158968  0.89655405955761547  0.90872766703454833  0.92012596878392072
  0.93108227401550647  0.94146209465889419  0.95134724137021920  0.96153029071727836
  0.97132911346857298  0.98091289550953686  0.99038450808652734  1.00000000000000000
 -0.00259015704287630  0.00984022438344997  0.02007871045110187  0.03053973127849528
  0.04091919460370804  0.05026070103987477  0.05947348744124799  0.06877639604564126
  0.07849504393526799  0.08844290525854409  0.09830255175075965  0.10773474072571954
  0.11726668948574938  0.12699688197714284  0.13727063861359637  0.14699836465349617
  0.15561907306214864  0.16452335528891940  0.17390101550149617  0.18374287576378026
  0.19392758199841897  0.20438293887211423  0.21513411899677304  0.22645029687976737
  0.23758933516952327  0.24865035692055681  0.25942351172243933  0.27023861894640816
  0.28078455191170165  0.29105324789994763  0.30131891248314857  0.31155574494524441
  0.32152619582422109  0.33099520039810199  0.34119257851395390  0.35187441958760701
  0.36229549406945744  0.37283393060043818  0.38387384961847215  0.39516506429950771
  0.40637927246564604  0.41880902302665712  0.43207674296470666  0.44401440910524098
  0.45482447197611742  0.46549275930018652  0.47648031592794449  0.48759468867221695
  0.49916680293198540  0.51146459545689449  0.52427563685358247  0.53662741258095270
  0.54821103053137188  0.55911457336768056  0.56932536860106830  0.57932948340037826
  0.58878033027097421  0.59803447619463945  0.60754784761222669  0.61686830216826871
  0.62629048305652912  0.63602625651414102  0.64635352964252790  0.65780963664147873
  0.66965238478744715  0.68134079683049764  0.69231029143348288  0.70288862271328123
  0.71302743796975088  0.72255439777230790  0.73228978824247448  0.74232256240048666
  0.75222165495033588  0.76177276107163816  0.77156302635448260  0.78271519161404379
  0.79377916292177964  0.80500730815061017  0.81599170866944004  0.82690289753203861
  0.83763484853246895  0.84826079380584540  0.85901208525034234  0.86943320178128491
  0.88012489935869864  0.89137891264724700  0.90256198969765011  0.91368777454595096
  0.92484821452190480  0.93574391497549225  0.94573382875231826  0.95586298910893808
  0.96717445290471782  0.97890355779049110  0.98966666879192389  1.00000000000000000
 -0.00182286098338849  0.00768627109707026  0.01551168659647743  0.02296987374190210
  0.03019948782178946  0.03722236795471151  0.04470283788428208  0.05204065495277384
  0.05986940654735646  0.06800862057687677  0.07676309814221466  0.08594126265951925
  0.09598406184510305  0.10619801382557444  0.11650038933686664  0.12625866713325012
  0.13604301833879009  0.14587843461783803  0.15608769406890402  0.16612631654289339
  0.17613579736849602  0.18609516185512867  0.19597843174548690  0.20585259366554076
  0.21556200943079307  0.22546627812518236  0.23507313758230952  0.24387764180444699
  0.25250321517120167  0.26130237647485793  0.27048239919365868  0.28029794448791290
  0.29023073646198594  0.30048351134656842  0.31130775239847397  0.32214033002210174
  0.33321113715538048  0.34390431807693139  0.35444058488169194  0.36513280436083584
  0.37653595019513669  0.38865137984756781  0.40041735161681302  0.41137537565392907
  0.42233209753456685  0.43364547190438452  0.44504921625986971  0.45681257288589749
  0.46926780969571558  0.48209181179494692  0.49480289173478753  0.50715244983070029
  0.51936552148174053  0.53165891939868626  0.54373415096079636  0.55536838457454651
  0.56668281444833113  0.57779684529264763  0.58857838791337491  0.59927197979911950
  0.60936061363379401  0.61949592097023332  0.63009798481446999  0.64156495027719118
  0.65260639728980363  0.66364930544423917  0.67481732021934127  0.68615893743017520
  0.69711452730451839  0.70802770807760851  0.71949088167036601  0.73190916626348568
  0.74539952713666957  0.75756027224719069  0.76842641798735090  0.77948793206395051
  0.79047306152725028  0.80130084239168298  0.81233034421928552  0.82451227283021444
  0.83681908518654891  0.84818432026331170  0.85866072514169289  0.86864979470578674
  0.87877192489974887  0.88871753883669080  0.89875914799056988  0.90899779077630516
  0.91984895746451578  0.93153892264047822  0.94405334324250945  0.95720918089918761
  0.96900064808700825  0.97993688188857864  0.99010143445719123  1.00000000000000000
 -0.00237843510677678  0.00893094698672325  0.01846971234538884  0.02868292612741314
  0.03926544831253536  0.04973514327462827  0.05981905107267610  0.06978619263110684
  0.07996979715213963  0.09092796928316552  0.10157338340955993  0.11159422005855819
  0.12094550498278257  0.13148765079016952  0.14274075140864992  0.15366493975556536
  0.16440522926515558  0.17501292872197952  0.18541464477948769  0.19586782558775098
  0.20609735809899490  0.21613761482625699  0.22620228341654489  0.23618152115767926
  0.24611446927740049  0.25572778129889684  0.26497080077056262  0.27400959572989547
  0.28330218436530313  0.29278213863904473  0.30294635651473162  0.31340838022344514
  0.32504537767737723  0.33658515502416153  0.34728942517329603  0.35733028013646223
  0.36637630525230980  0.37551312748889976  0.38445002310335175  0.39333553763614981
  0.40288385407525146  0.41248663045613521  0.42250823446386843  0.43301483460521917
  0.44292539698732036  0.45270113275938118  0.46210763660107623  0.47239874536113508
  0.48295451094137987  0.49384057621001343  0.50493136143757711  0.51645054669383339
  0.52720983396139109  0.53771055918420074  0.54824329265160199  0.55857698401031763
  0.56865537034976665  0.57858304899365154  0.58898270407898867  0.60036240478120240
  0.61248839887991979  0.62573175644647760  0.63998543182106304  0.65383718091949805
  0.66571387431074402  0.67706010743365308  0.68792616399368589  0.69856494923610768
  0.70866494377408618  0.71854780755344805  0.72875423974704567  0.74010215657116962
  0.75262466489189928  0.76519700795353784  0.77742206585653895  0.78941417344456732
  0.79993331099979559  0.81055350451367636  0.82135904476436261  0.83267575744417288
  0.84297488124947761  0.85337620051072927  0.86360881673852241  0.87344617784538459
  0.88307084005466951  0.89230702827784170  0.90158964697284261  0.91189690534297640
  0.92268133172584998  0.93443110430113441  0.94573660661976888  0.95687010469834843
  0.96791990487110169  0.97901432463650284  0.98915246317594674  1.00000000000000000
   4.1175983532280577E-022  -1.0000000000000000     
 T F F F T F F F T F F F T F F F F F F F F F F F F F F F F F F F F F F F F F F F F F F F F F F F T F F F T F F F T F F F T F F F F F F F F F F F F F F F F F F F F F F F F F F F F F F F F F F F F F F F F F F F F F F F F F F F F F F F F F F F F F F F F F F F
  <DiscreteSampler_grid>
  grouped_processes
  1 # 1 for a reference and 2 for a running grid.
  10 # Attribute 'min_bin_probing_points' of the grid.
  1 # Attribute 'grid_mode' of the grid. 1=='default',2=='initialization'
  0.0000000000000000 # Attribute 'small_contrib_threshold' of the grid.
  0.5000000000000000 # Attribute 'damping_power' of the grid.
 # binID   n_entries weight   weight_sqr   abs_weight
    10   10   3.327771445255622E-015   4.395836769497282E-029   3.327771445255622E-015
  </DiscreteSampler_grid>
