 -0.00218465684427139  0.00854747168534598  0.01757174636426876  0.02681156473900912
  0.03615567836055043  0.04565228839838611  0.05525402115400623  0.06498659547250991
  0.07483605591687373  0.08481600192166994  0.09491022150456314  0.10512603961190513
  0.11546617918866456  0.12593755874478896  0.13653333180090457  0.14725598082417374
  0.15810237123496992  0.16908106140110241  0.18017615548056015  0.19140972671860193
  0.20275991786627406  0.21426192612550776  0.22586117973471609  0.23761144416880889
  0.24942505307390178  0.26138475463285049  0.27341538379755836  0.28560086412324842
  0.29785707053229166  0.31019940940863838  0.32260706338090500  0.33509803431263679
  0.34767406233662845  0.36031374482981021  0.37298381543259951  0.38567520419290358
  0.39840338594625324  0.41116816765373060  0.42394712868218415  0.43671897285465028
  0.44947757168324742  0.46220198455346301  0.47489096610598208  0.48754281212449591
  0.50016203902775236  0.51271078882773058  0.52516386177120533  0.53753161323890775
  0.54981222549471442  0.56202219621254756  0.57413574675733636  0.58616534214134808
  0.59808479094653966  0.60990265162472534  0.62158674776218237  0.63315151175722106
  0.64459147021940877  0.65591662337146017  0.66711809822495882  0.67818790859096045
  0.68913387610600374  0.69994286276481232  0.71061883027401462  0.72114917971142556
  0.73155048155183400  0.74183189436978558  0.75199869517443563  0.76205193500712054
  0.77198618155866006  0.78179107584210028  0.79146626004288945  0.80101192322140358
  0.81043999564896529  0.81975996116714867  0.82896153466303080  0.83806902367142466
  0.84705650207305783  0.85596890799053271  0.86474229723055307  0.87343142502141102
  0.88198522370163335  0.89045701406706279  0.89883636483268115  0.90712296688327398
  0.91532898058821033  0.92343267852080568  0.93145692479455444  0.93939184900296335
  0.94723096957120712  0.95499353596812231  0.96266756986573132  0.97025570460920607
  0.97778047673741020  0.98524098822238892  0.99263329493742725  1.00000000000000000
 -0.00208408228600405  0.00976215300998012  0.02001414506348506  0.03060042281031862
  0.04115784208922730  0.05163955925652110  0.06207161778843911  0.07259176201592543
  0.08302903810353995  0.09363139552721360  0.10422176348016328  0.11486424208007093
  0.12550487759139023  0.13625932875315766  0.14704966888743473  0.15771617132802973
  0.16830840142227013  0.17886485977592684  0.18936468728328329  0.19983275826959021
  0.21024825620210871  0.22074336915133846  0.23123357766398445  0.24183479634773219
  0.25246430340286524  0.26308437301383014  0.27362131695778635  0.28413487092191980
  0.29467542247275264  0.30520654371521355  0.31572869608204479  0.32623675062573154
  0.33676787571869643  0.34732727114686224  0.35787274105761674  0.36840463874707619
  0.37895120625840689  0.38956810794650421  0.40014417644325345  0.41071939255611623
  0.42127183009064761  0.43184641748220431  0.44237387305403542  0.45290195899275942
  0.46342704865985590  0.47389150659302520  0.48428017532277645  0.49462376346890491
  0.50504103348225893  0.51554540629022816  0.52612827057805212  0.53664172242266828
  0.54714388624987675  0.55761214652186486  0.56808858836666187  0.57854636734590914
  0.58900845070986896  0.59948331737957594  0.61004748276297660  0.62069173250020371
  0.63146143053108272  0.64219160720216395  0.65282628636582785  0.66338796520876064
  0.67389845430464745  0.68439611584963600  0.69483850248328727  0.70530204411079656
  0.71572793430329462  0.72620119968454799  0.73667176476336405  0.74722833787444087
  0.75768464336166019  0.76815785536271874  0.77860946596395375  0.78909927842018834
  0.79971747908547341  0.81038113880688034  0.82099579735210271  0.83152509735592572
  0.84211164067017441  0.85269084597077971  0.86319236460924365  0.87359428967095076
  0.88411643722788869  0.89463107362601446  0.90521583592261112  0.91575504007250985
  0.92642296423550019  0.93703144689540796  0.94749333241691180  0.95795038662386045
  0.96841967629238856  0.97895988888780094  0.98947009241396178  1.00000000000000000
   9.2192605313065343E-008  -1.0000000000000000     
 T F T F F F F F F F F F T F T F F F F F F F F F F F F F F F F F
  <DiscreteSampler_grid>
  grouped_processes
  1 # 1 for a reference and 2 for a running grid.
  10 # Attribute 'min_bin_probing_points' of the grid.
  1 # Attribute 'grid_mode' of the grid. 1=='default',2=='initialization'
  0.0000000000000000 # Attribute 'small_contrib_threshold' of the grid.
  0.5000000000000000 # Attribute 'damping_power' of the grid.
 # binID   n_entries weight   weight_sqr   abs_weight
    10   10   1.776471083311570E+003   3.445687914105552E+006   1.776471083311570E+003
  </DiscreteSampler_grid>
