 -0.00000258145001251  0.00010926002150861  0.00048520493172728  0.00100514897070508
  0.00164427631989809  0.00237421651916782  0.00317955898689472  0.00405441404245509
  0.00499170140257267  0.00595773134718943  0.00695338768108848  0.00794486048875014
  0.00897052593455384  0.01003513613357822  0.01107497617416262  0.01220987668687053
  0.01333497741515663  0.01445017359842885  0.01563230931081120  0.01685177716773745
  0.01806839005064603  0.01929005277815061  0.02052757012083831  0.02175659889309945
  0.02297870470945839  0.02418860358297209  0.02541518905883831  0.02669842386331044
  0.02803260965962279  0.02934620421447069  0.03064998557414932  0.03194084205889286
  0.03321512198260191  0.03453728470905276  0.03589016258234160  0.03723731584055516
  0.03857418294733289  0.03991536989237405  0.04123695598299815  0.04255101759288189
  0.04382116346104280  0.04514451957528907  0.04650970884191002  0.04790276858934116
  0.04931616495318181  0.05074677128313236  0.05219861874894102  0.05367924672487771
  0.05516402273683990  0.05660905086566744  0.05803698078166430  0.05947002902540983
  0.06093240344299804  0.06248099743016446  0.06404628439228639  0.06560945584786654
  0.06716118643858271  0.06871506079514156  0.07027758544254044  0.07184405835626162
  0.07343189171142281  0.07505535887036417  0.07666807630186812  0.07833167498949176
  0.08000647435834317  0.08170611935434909  0.08349534580596044  0.08528831096221332
  0.08711360296389571  0.08897799528001932  0.09090309857002210  0.09287689213948369
  0.09487754228999211  0.09689708388803787  0.09891067933659660  0.10095292650208321
  0.10298412605606688  0.10519637775226143  0.10774313594858986  0.11026770445860036
  0.11298331840893068  0.11578035042012064  0.11866175220512401  0.12164622582638629
  0.12471666043521829  0.12787616054384526  0.13116217343525816  0.13450703310913259
  0.13856231051111945  0.14326484214581200  0.14888745273220866  0.15570366418172854
  0.16436275799164182  0.17833956369929879  0.19478591153268204  1.00000000000000000
  0.00945459957297774  0.01641748215022059  0.02635181896665747  0.03687350587267585
  0.04734817509662700  0.05826544112288498  0.06939297106359112  0.08105464445615826
  0.09207964626531005  0.10277629984440795  0.11336121245218114  0.12456509391185608
  0.13480573426319872  0.14459843305810921  0.15456054314419856  0.16437008030379899
  0.17406515276193410  0.18346905960675147  0.19315857826201335  0.20310952212097694
  0.21337515803769233  0.22377168515908508  0.23398406217830117  0.24431006580995371
  0.25493671082429886  0.26590886760571159  0.27664900538380593  0.28702304134373480
  0.29761655324678010  0.30868687961299385  0.31978006078535476  0.33047086834870965
  0.34105424478201296  0.35156098837426358  0.36220123708497459  0.37277151712094592
  0.38315181454268848  0.39359468018856719  0.40431440562869453  0.41526830855132102
  0.42617377605511975  0.43663162940404115  0.44736707430346934  0.45793193890731798
  0.46812166702339769  0.47796260605160035  0.48805080839468645  0.49865328024790262
  0.50940936723763786  0.51973842384884339  0.52946456087959948  0.53907458971596078
  0.54897433133629059  0.55931021756262811  0.56951797568599360  0.57986815518679191
  0.59038612110160571  0.60115755438536089  0.61183779910377878  0.62224244324948519
  0.63244564605303077  0.64247263310420477  0.65248956651257461  0.66264447881995547
  0.67307244562516677  0.68363246416760526  0.69399353978375922  0.70440306774926609
  0.71488498362714958  0.72531156863690949  0.73565121314365656  0.74610891309014693
  0.75688950552311696  0.76777874350259545  0.77858320891249022  0.78926454912525923
  0.80029676163489394  0.81176403168642230  0.82303868558519599  0.83427865434381943
  0.84505242053170082  0.85554042893176374  0.86552361761755814  0.87541669896021423
  0.88556380136931923  0.89571823184342791  0.90556480794050276  0.91524016861422763
  0.92518595297645234  0.93557239901000200  0.94615032160679591  0.95672123330312819
  0.96741368681157114  0.97809495642903321  0.98885573703871599  1.00000000000000000
 -0.00237975505325353  0.00961499120722708  0.01945181789651308  0.02972205804710139
  0.04028260563654579  0.05064941309076771  0.06122436738587365  0.07184403351995688
  0.08229858273525925  0.09283141326746008  0.10372305380315727  0.11422869449858608
  0.12461603913598569  0.13459805856788556  0.14488091491317015  0.15523647346271313
  0.16562600120420895  0.17647416295532303  0.18712780878522928  0.19762215721419268
  0.20822680868386284  0.21844325283036062  0.22896639103029126  0.23924741011273709
  0.24960805059862740  0.25967213863496458  0.26967136939713893  0.28033275850530742
  0.29117496804679377  0.30138705745259348  0.31138034438256323  0.32146600747918602
  0.33160401599990513  0.34167990108735424  0.35179052092908070  0.36246433585414167
  0.37345132893995397  0.38435057261179595  0.39505409706895317  0.40593308340853917
  0.41693798196181853  0.42778974720736757  0.43872563659374214  0.44958793934034769
  0.46054322219912475  0.47124917632856195  0.48168835361171425  0.49211581907115276
  0.50252038013171085  0.51293067074932996  0.52307445080331161  0.53314764039247109
  0.54368056162607492  0.55432405577299915  0.56485253453168727  0.57524051039296054
  0.58591786239219878  0.59694472105946017  0.60811894814461576  0.61946075391178457
  0.63082560086592998  0.64204703669097873  0.65289199358134720  0.66318752980041984
  0.67317037171242178  0.68274673415118203  0.69265898752062083  0.70247189069221228
  0.71227038321271929  0.72220348198239270  0.73236554385131103  0.74290272758341147
  0.75351544704883888  0.76418694681284205  0.77461485433117339  0.78496738860838311
  0.79563807524359742  0.80654785777519633  0.81740867358245262  0.82780348476918919
  0.83791516628603502  0.84783853050318192  0.85778917833921142  0.86779892686001925
  0.87793441903986635  0.88842797422827169  0.89931692716795975  0.91038254357900972
  0.92150251622581314  0.93231703079531281  0.94290643989363865  0.95336866520109775
  0.96437044481942547  0.97620541013345974  0.98816682339611117  1.00000000000000000
 -0.00236370655161176  0.00907511546484428  0.01936365040986991  0.03012847162819173
  0.04085519262831851  0.05127420745327206  0.06135411303438615  0.07155285748837170
  0.08197094607873807  0.09234458802344069  0.10281553906689367  0.11325840337493154
  0.12407283643372646  0.13512176665638678  0.14610956509023293  0.15687288765116392
  0.16786765971043380  0.17922590681033496  0.19049315383558893  0.20087201110376232
  0.21123654310349682  0.22142267996801404  0.23175555853633881  0.24233829612808619
  0.25327863080025276  0.26446848717180671  0.27534468341269019  0.28567677482865511
  0.29583726091328799  0.30591498429194719  0.31618460311802454  0.32692703844761456
  0.33788534966347183  0.34905053010999260  0.35965166394297632  0.36990139568207342
  0.38033223270793776  0.39104694305313897  0.40202882765260778  0.41327168379249546
  0.42489289427607618  0.43668190986042438  0.44798740826902567  0.45900498025612707
  0.46980797656459522  0.48036499736626698  0.49082060426182572  0.50126265434049921
  0.51184934592471898  0.52248480100941685  0.53344018124232406  0.54421263254553587
  0.55471383368926008  0.56477237523936097  0.57458936887046042  0.58426122977024064
  0.59396533672729401  0.60397479782880836  0.61427436926520629  0.62459262633999768
  0.63500784221976592  0.64563683197968491  0.65592938801945411  0.66624048334873820
  0.67692546059393721  0.68774628783926173  0.69833048458362446  0.70876742509123236
  0.71942028407413128  0.72992448900042062  0.73997322843883617  0.74985007361124556
  0.75982598954622771  0.76995745084081324  0.78025189901476044  0.79013793370022700
  0.80091763024372076  0.81148737847088881  0.82211167437698907  0.83246282779238279
  0.84266851064321269  0.85304765349542100  0.86297311062929061  0.87326084241458513
  0.88376085814298000  0.89427455067283446  0.90479895666103727  0.91540560552929984
  0.92665222187365237  0.93840062532607393  0.94891697705907729  0.95882586222092714
  0.96894995057224764  0.97913536990126282  0.98961264307142627  1.00000000000000000
 -0.00250962098419008  0.01005587672347338  0.02025915213658346  0.03132281947262519
  0.04204396767100061  0.05241108412091901  0.06277803802148398  0.07337636086706625
  0.08362335857545268  0.09344901572541940  0.10387838536816486  0.11481585882885939
  0.12546381675614884  0.13579276918607838  0.14646479894378117  0.15792077728828777
  0.16874168745236556  0.17902209416901907  0.18907257644242514  0.19924152378977955
  0.20944692678983715  0.21961949669337716  0.22979079393819909  0.24082063932099010
  0.25194702696547200  0.26290077144467183  0.27375392995866726  0.28443251529017538
  0.29489210549431516  0.30514954374708242  0.31532487826269928  0.32521310967880385
  0.33523859363987596  0.34546169960709494  0.35617840000084933  0.36741108112610826
  0.37824581946916797  0.38882856624561302  0.39909823025711233  0.40934636112225359
  0.41965248899739954  0.42975066775362497  0.44012244414970242  0.45070022913597413
  0.46068419751168027  0.47055733670443384  0.48056189807605459  0.49085933242209195
  0.50138044194364284  0.51189100650989350  0.52287489013534916  0.53397988716511258
  0.54512520191728420  0.55610618405058354  0.56718859596895366  0.57803589434516645
  0.58869121223124354  0.59904261241701573  0.60966960384991697  0.62039336059492400
  0.63077939178924625  0.64096690928163569  0.65104569399449996  0.66089908708757272
  0.67079088579964952  0.68105083883483220  0.69160577531517942  0.70246267031275000
  0.71345127885445192  0.72472404420180581  0.73585039800399910  0.74686476748757713
  0.75825846609266412  0.76957665273199971  0.78078107155643317  0.79174782494605933
  0.80279023119157789  0.81381520968336840  0.82466411856217026  0.83537045089250805
  0.84555489746018120  0.85547377171885264  0.86535249487625421  0.87546885575457689
  0.88582621149743945  0.89605954182709335  0.90629977957236418  0.91698672166889461
  0.92769664427626242  0.93834644968431202  0.94828510225603380  0.95804961112676390
  0.96857715244671194  0.97908649314604612  0.98976984554224623  1.00000000000000000
 -0.00212043917186309  0.00889377088735433  0.01869910516930710  0.02903559599053850
  0.03930709017559290  0.04947803386160857  0.05977126801772438  0.07024620815815250
  0.08070953803110316  0.09111195015637487  0.10139743690069011  0.11166177757953200
  0.12189776560469513  0.13237938955126841  0.14352629393362082  0.15488228474399457
  0.16667949444139310  0.17831322526918703  0.19007602757053876  0.20144148635901946
  0.21248526890861794  0.22335601906018826  0.23491241213351013  0.24660367587536952
  0.25760853523019689  0.26819127546779714  0.27878611967412464  0.28955873880380700
  0.29963849851772228  0.30968583995324267  0.31963882127181970  0.32988447381741609
  0.34046991501218316  0.35134785874494051  0.36222468940393587  0.37303823514000950
  0.38404256270050774  0.39501664084933824  0.40584606316329036  0.41664438101655255
  0.42742539261986690  0.43808455758148884  0.44863002012794378  0.45933796224074136
  0.47024079863575863  0.48133573342153796  0.49242581622787784  0.50335809135081122
  0.51417381292698583  0.52467648995605121  0.53517148912688861  0.54557770315826115
  0.55608823739898927  0.56664755925375909  0.57706560341458712  0.58741944515689615
  0.59747190886213619  0.60730306647273069  0.61680785102380298  0.62667363783238428
  0.63682026073404818  0.64705694498644739  0.65689310500657305  0.66655575931716426
  0.67765621619240668  0.68844766633022725  0.69863867000367619  0.70878150711399246
  0.71899441396674557  0.72925694848487854  0.73906148708239838  0.74898436810381841
  0.76004560644006580  0.77121562472031591  0.78179589083816459  0.79236886935296769
  0.80254777722018300  0.81288045594065361  0.82295667087866919  0.83308616477225073
  0.84346322713238164  0.85355428111417309  0.86383691371458626  0.87445209989224504
  0.88450904000410246  0.89479433972374467  0.90601283550523892  0.91684811801155419
  0.92768812347711416  0.93811180502249636  0.94876420378843951  0.95937016567284350
  0.96966367518727403  0.97991726420493053  0.98988544265586897  1.00000000000000000
 -0.00190736504806406  0.00696885323698271  0.01521438004013236  0.02378074603896874
  0.03257373188111438  0.04110117748671202  0.04955707336620289  0.05811051147444800
  0.06696804099309828  0.07595090385557422  0.08478558310703831  0.09337550582356893
  0.10211771830483990  0.11136366892696396  0.12083169010391152  0.13031614597978364
  0.13989679932909019  0.14964427629728672  0.15973763809238795  0.16988678734869708
  0.17968488730253826  0.18929271995327504  0.19909074885699804  0.20948396095326077
  0.22043838957980272  0.23131666738886517  0.24198155678203706  0.25229384413705153
  0.26267382143445800  0.27329851797725518  0.28471317608830432  0.29643648737472800
  0.30825763994523514  0.32026645598073444  0.33200364404228638  0.34424397653473909
  0.35639799574414865  0.36875690939713307  0.38112471562274192  0.39372112823058703
  0.40650600361041633  0.41933746465344013  0.43188859372309218  0.44441739266192287
  0.45717495710707684  0.46948199129965984  0.48150592928510627  0.49351667420361839
  0.50561410237459981  0.51727991586007904  0.52904471131151853  0.54131412632898845
  0.55374597179707552  0.56639582195396454  0.57887427665801361  0.59091561126975944
  0.60292816285890360  0.61537435270115270  0.62782248378720829  0.63961500116813563
  0.65117548005471571  0.66276536064172931  0.67426149773251842  0.68572015317999169
  0.69730400251603075  0.70873205570428155  0.71974339645120844  0.73049173660532440
  0.74117128322778492  0.75182900006034770  0.76235421564912997  0.77286924649320832
  0.78331993903658215  0.79387048692762285  0.80459610822807592  0.81525166908742319
  0.82566210871180801  0.83578662437270457  0.84576220438185812  0.85556478536246316
  0.86508055045367160  0.87443299128007834  0.88372058722707914  0.89298708534252591
  0.90225454280835693  0.91142291564478095  0.92072097462701707  0.93036198289464000
  0.93997650100792662  0.94947280467626383  0.95872193409419815  0.96743145367806238
  0.97606635922194851  0.98438998449941539  0.99235910975459063  1.00000000000000000
 -0.00207632682114283  0.00868174907905497  0.01757669753906188  0.02771573343498139
  0.03784910136628145  0.04846452413456494  0.05944398113613734  0.07033959283369640
  0.08108606018108153  0.09168232497846651  0.10209380219727812  0.11233925874924323
  0.12249776483203703  0.13277052907063128  0.14344156868153035  0.15417460105343042
  0.16543746989189864  0.17661094806044331  0.18772106273993397  0.19841663701748119
  0.20897854535952973  0.21919286712774869  0.22950477181827147  0.23971540197621644
  0.25019057375177506  0.26112703148984762  0.27206608662169252  0.28269934368439292
  0.29320959111503353  0.30400827091425964  0.31491134553548938  0.32573254175056782
  0.33632432331175538  0.34712617011507280  0.35795784290519561  0.36905514696367087
  0.37980689396805900  0.39087873695230851  0.40165614075406370  0.41292652912461975
  0.42349983939916286  0.43353737125796860  0.44324839396513094  0.45277381986902193
  0.46253666765886703  0.47245117092176042  0.48258379721730310  0.49331505275976334
  0.50414327264892789  0.51517225368322017  0.52615401933301198  0.53677944342915296
  0.54757113313492223  0.55846937324677515  0.56950135111983757  0.58056717257965162
  0.59139497653376327  0.60223243782797187  0.61291829379390228  0.62378560511089698
  0.63444763624260425  0.64454072378027949  0.65462205360748216  0.66473026424070769
  0.67520560021196485  0.68573686943289602  0.69603369816058180  0.70649220552694658
  0.71697169426374452  0.72775378601933260  0.73803703151154854  0.74816620936686096
  0.75820034252206581  0.76834855072598174  0.77860654579053135  0.78900227024244285
  0.79993489467997758  0.81116244048244579  0.82225006108416787  0.83293081717642403
  0.84303424816350281  0.85301595817052756  0.86320848018124319  0.87353606504103087
  0.88404063856439330  0.89435085532980874  0.90459953102531676  0.91469846788985099
  0.92523140549891292  0.93591695946481268  0.94661874082672914  0.95702227912021132
  0.96780427924944223  0.97847225888343337  0.98916843799815157  1.00000000000000000
   7.1815894297951828E-010  -1.0000000000000000     
 T F T F T F T F F F F F F F F F F F F F F F F F F F F F F F F F F F F F F F F F F F F F F F F F T F T F T F T F F F F F F F F F F F F F F F F F F F F F F F F F F F F F F F F F F F F F F F F F F F F F F F F F F F F F F F F F F F F F F F F F F F F F F F F F
  <DiscreteSampler_grid>
  grouped_processes
  1 # 1 for a reference and 2 for a running grid.
  10 # Attribute 'min_bin_probing_points' of the grid.
  1 # Attribute 'grid_mode' of the grid. 1=='default',2=='initialization'
  0.0000000000000000 # Attribute 'small_contrib_threshold' of the grid.
  0.5000000000000000 # Attribute 'damping_power' of the grid.
 # binID   n_entries weight   weight_sqr   abs_weight
    19   10   1.062913594683207E-001   1.623271463547990E-002   1.062913594683207E-001
    25   10   2.093652472657055E-001   7.521700434336329E-002   2.093652472657055E-001
    37   10   1.986365226108432E-001   6.373588069396034E-002   1.986365226108432E-001
    43   10   1.148555139210179E-001   2.132641210584560E-002   1.148555139210179E-001
  </DiscreteSampler_grid>
