 -0.00000001804648865  0.00001689701315346  0.00012412855002670  0.00036968170779605
  0.00076916242518342  0.00127299772186978  0.00185720035940709  0.00252872629169966
  0.00327995442554907  0.00410726170584443  0.00500906002139774  0.00605232960453216
  0.00715249891553566  0.00827204256801494  0.00943486879387272  0.01064135540218891
  0.01192901899766712  0.01321975186428027  0.01451120749151084  0.01592228844725964
  0.01736184490916673  0.01885467590480967  0.02042179932188151  0.02201497857310476
  0.02358051894385742  0.02518854289773484  0.02694668369782656  0.02866045627570717
  0.03035135025099495  0.03201292033776339  0.03387475390411068  0.03574563430359743
  0.03758706853574365  0.03941779146116307  0.04128245576533072  0.04319038113308989
  0.04512980311149676  0.04709057244407133  0.04906899422362612  0.05109548847918591
  0.05313303062613432  0.05519857334961183  0.05733042838650457  0.05944860997468432
  0.06156860739794023  0.06372084444148229  0.06592799987526690  0.06818458306240641
  0.07044035983087801  0.07288097187446521  0.07527159919016208  0.07766822120813327
  0.08005096143011689  0.08241827976698685  0.08479370305970312  0.08717225963921060
  0.08948865931659074  0.09201509065255652  0.09460772207998136  0.09726138087293143
  0.09993168055610557  0.10259264966235032  0.10529895130160324  0.10806414379810098
  0.11085963297063227  0.11365276000670289  0.11648808253407114  0.11939129348912700
  0.12236359002237202  0.12563655601191942  0.12889465490258850  0.13213390186672452
  0.13537861489201761  0.13866056543667243  0.14200593082953678  0.14550984110715290
  0.14905856633627806  0.15254937369604898  0.15650458438813644  0.16101073922125414
  0.16568876543638980  0.17054010657090710  0.17550863469748659  0.18064868808141610
  0.18601525146391484  0.19161220895300082  0.19731702619813601  0.20289676387742453
  0.21145259386434465  0.22070661352707169  0.23060672576088839  0.24190323354211746
  0.25614870904756515  0.27806740263384189  0.30390701235847878  1.00000000000000000
  0.00947289364669879  0.01603228806682251  0.02593261323786181  0.03692851420286261
  0.04752275190605457  0.05798057745990985  0.06868115726688123  0.07922433396544115
  0.08961744406074106  0.09950839110605972  0.10907921467594431  0.11867536040299730
  0.12879945772817675  0.13955463852254660  0.15064690149567195  0.16198031128451201
  0.17317863760460547  0.18446332358319728  0.19566506642894754  0.20689151368530195
  0.21754268709688698  0.22784675559789266  0.23871583300209123  0.24988642360143104
  0.26107079331917282  0.27241963491721127  0.28406202276795206  0.29536629307057255
  0.30575671242422037  0.31618136461738738  0.32644617662204550  0.33626397009698539
  0.34522630901995566  0.35428870813075686  0.36376863277383120  0.37331313813806694
  0.38247217588151028  0.39117430947428461  0.39951402580538009  0.40827247574487135
  0.41715709146325464  0.42631153970985841  0.43555925481236230  0.44525899164051447
  0.45556044819734648  0.46627989526291097  0.47721646811658747  0.48779888204218297
  0.49839205450169721  0.50950385833711564  0.52028365877217386  0.53042014732726372
  0.54059603029487002  0.55152675342895507  0.56308672495040346  0.57460841779712957
  0.58600072941027304  0.59748005842850882  0.60909735369865248  0.62079219963039278
  0.63197603176828454  0.64316233078626917  0.65649960113664763  0.67040603649132913
  0.68274872775564988  0.69346015926382842  0.70385485235544820  0.71402425574299233
  0.72389250651303272  0.73362967041647797  0.74352409319544766  0.75403417151653118
  0.76437632038598535  0.77454874295062048  0.78510054758982928  0.79588263557609884
  0.80693503224743890  0.81782087028230288  0.82874955645307691  0.84016548014116976
  0.85142567715806650  0.86243591055597102  0.87329198432093214  0.88463419744769456
  0.89592560305534363  0.90636660114756962  0.91658964311061564  0.92693760759128241
  0.93677924523213207  0.94570235857939045  0.95446738825547239  0.96373919770692851
  0.97374234313963348  0.98365417894429696  0.99059940977807459  1.00000000000000000
 -0.00203567398333167  0.00887753454009550  0.01770888972946425  0.02708915400654340
  0.03670487188977007  0.04643748644758871  0.05599524278356457  0.06538992605798492
  0.07522239761109752  0.08595571282327091  0.09743717855478679  0.10866955474356940
  0.11943533723800370  0.13014353385782268  0.14069062126995183  0.15102893223065211
  0.16119478644152815  0.17205206676500587  0.18316065406175489  0.19398654082680925
  0.20480624225152580  0.21605431939422454  0.22729275251816394  0.23747058697784318
  0.24788706065829352  0.25864974613427472  0.26920069003845759  0.27825384788003460
  0.28736210600882722  0.29689427535976137  0.30645679090863115  0.31594158785838133
  0.32561072989381817  0.33527861204620130  0.34565812138487989  0.35623569207768591
  0.36870922837183712  0.38028977844761508  0.39060763446283864  0.40098051699221937
  0.41214545813415182  0.42322789661693999  0.43406485461838407  0.44435079443020820
  0.45424720388203965  0.46406963781303728  0.47407545194143630  0.48399519463082175
  0.49380148324287604  0.50390145022648380  0.51509690502487970  0.52615321073328103
  0.53676054172507126  0.54716294275245436  0.55757501169669010  0.56830298640527022
  0.57919569272919302  0.59039591257003310  0.60216463494644190  0.61439017177053667
  0.62681862691688384  0.63900664709201183  0.65083842353284749  0.66293915083196520
  0.67497612764756543  0.68755509429052164  0.69979295843419298  0.71150656841699211
  0.72290518211226240  0.73395433837618251  0.74525137855735024  0.75597981090559463
  0.76666517874101536  0.77737545838661370  0.78798296678922330  0.79824829106927331
  0.80853928868342995  0.81806825483117596  0.82745362963084423  0.83696614254626833
  0.84661624496642451  0.85620933280182976  0.86578573134185244  0.87526711394071799
  0.88487360446035712  0.89465231968428027  0.90465225859272536  0.91467778609060035
  0.92486024710440773  0.93540305408864988  0.94631396535183454  0.95720068211461584
  0.96780341038600359  0.97855999679898686  0.98911807064478086  1.00000000000000000
 -0.00282531214104156  0.01001459375466219  0.02068883214529117  0.03132451426731071
  0.04190318754718342  0.05336688399547623  0.06507496582653786  0.07628234979674513
  0.08726369375421497  0.09806086106110848  0.10891703228620601  0.11975765050733808
  0.13053875924751970  0.14118482187929043  0.15102645863415515  0.16062663677763553
  0.17074684782440910  0.18101563131562712  0.19082818178480326  0.20039737869006019
  0.21014194589180393  0.22009924627885311  0.23023329106162882  0.23985646512726216
  0.24913278350834647  0.25847517003004855  0.26811190987027478  0.27802563169504679
  0.28797828967029926  0.29813347715371874  0.30854001278960547  0.31886871186840765
  0.32897161670908837  0.33889342110488219  0.34842024970745022  0.35772063049145320
  0.36687477905019900  0.37613936931080100  0.38559139240278645  0.39523415293054848
  0.40597008235051513  0.41711889831797766  0.42933113307843129  0.44098368294449047
  0.45232573348775384  0.46313400949815581  0.47344024977153593  0.48362355119721312
  0.49396343925639535  0.50435591984689387  0.51448604202137083  0.52461017935338339
  0.53489009238128127  0.54534798590625200  0.55605571989017633  0.56670385361496034
  0.57875529624142252  0.58980343090888210  0.60122294517508834  0.61204519437166927
  0.62206851657655582  0.63197026133019318  0.64192688510918605  0.65264300976874268
  0.66359458860700560  0.67463581675192164  0.68544589539629219  0.69577371358201168
  0.70583826725558541  0.71541760730834991  0.72514910376809094  0.73525273813425673
  0.74568742207783523  0.75693301876812380  0.76858046042640860  0.78066157062729324
  0.79301719162719098  0.80525146639148848  0.81724065502069754  0.82891048785550991
  0.84024614626496241  0.85118014556402899  0.86180615007308736  0.87249129596192221
  0.88315340778252338  0.89362401455231211  0.90391008972148834  0.91421045698933434
  0.92470432452704454  0.93506906310841176  0.94594491801717084  0.95713353875003981
  0.96830343781399253  0.97913706092973951  0.98989850480344488  1.00000000000000000
 -0.00266298657954868  0.01000873771410552  0.02104209126002135  0.03198104832418161
  0.04265526629892022  0.05336717903806423  0.06411479169403587  0.07550890424987834
  0.08668930094262217  0.09793353518647367  0.10880743197184477  0.11934017102558947
  0.12931669836630319  0.13943609547117647  0.14973622119538335  0.16000787999486038
  0.17006928091121462  0.17999986697188883  0.18980985181582777  0.19937559087189460
  0.20900933187799892  0.21842564945140142  0.22772921342518951  0.23746887082425486
  0.24708152192794680  0.25716678489539113  0.26751948010838850  0.27778470939579558
  0.28793425249239391  0.29843957629226514  0.30879757326049079  0.31897663219317052
  0.32896235533899687  0.33965517625279917  0.35190913605622159  0.36418185378630868
  0.37643549505932355  0.38787428012444580  0.39938884326334917  0.41099020225811173
  0.42188052331288717  0.43184088146797139  0.44159318086343202  0.45162509565761161
  0.46136498328777903  0.47035606262602209  0.47930913609184872  0.48895542611746684
  0.49904042859991676  0.50899867160282430  0.51875260927577960  0.52895959799730730
  0.53951691615611486  0.54973354683802456  0.55969982909089699  0.56947543810637469
  0.57912660262122617  0.58917691354306012  0.59962479636634680  0.61037411132064545
  0.62134668144534777  0.63221492349924679  0.64316105600816698  0.65386595524279478
  0.66499730409779878  0.67576994718685757  0.68653987210511569  0.69747171366788596
  0.70842270237551763  0.71950160047482858  0.73055700901187393  0.74270576080941442
  0.75419852859705971  0.76503338372698271  0.77532722877320270  0.78501031087936046
  0.79484190747654793  0.80504434921372670  0.81595156084430520  0.82667388826625154
  0.83732599844351918  0.84873268266514934  0.86005869475568930  0.87139677458456133
  0.88225525868184140  0.89293115428392800  0.90399908580352017  0.91498747210093068
  0.92640893594729679  0.93808167006092813  0.94911773101794916  0.95947110997219298
  0.96931874558548292  0.97949629327972043  0.98962826890681843  1.00000000000000000
 -0.00206515698958681  0.00915547013634840  0.01905042839795835  0.02915588378580640
  0.03953631688774246  0.05000495451427895  0.06021196962157861  0.07110578615973447
  0.08229381264664304  0.09346316399077187  0.10468599335915660  0.11534471713102394
  0.12585619971434042  0.13664595177650518  0.14790081904772778  0.15968546881635065
  0.17048249333714396  0.18035326299202459  0.19000384219192415  0.19968120978922563
  0.20952485206393209  0.21921808868945211  0.22913078323335850  0.23964048579126654
  0.25033755020031234  0.26038640330719220  0.27029971746241155  0.28057391120076480
  0.29070233156842146  0.30051777813101271  0.31036226038517800  0.32082300602550673
  0.33193132585735857  0.34311600571964795  0.35427583177658778  0.36546574188415248
  0.37640990252544193  0.38685108385856815  0.39694429022958949  0.40671849615719208
  0.41633645474529052  0.42567503411203989  0.43499236185245466  0.44497062802325549
  0.45543878526576315  0.46581469442842977  0.47625448381452590  0.48721368261354925
  0.49809709324251678  0.50857074057649465  0.51900598837290979  0.52973765411439366
  0.54052638250941387  0.55116784310699329  0.56187113670239386  0.57296484523821767
  0.58416488674004852  0.59532751744024492  0.60705289490348591  0.61945635954964706
  0.63223621787757789  0.64458813231946110  0.65642487679278627  0.66822494540734856
  0.67974457629548490  0.69103609097869934  0.70192737473622491  0.71272360221889419
  0.72343365393908654  0.73368786314658940  0.74344147002223715  0.75331063022023692
  0.76362964338194184  0.77442160403187421  0.78544807446064902  0.79714021768572674
  0.80878227022511084  0.82021641219448826  0.83134266776120502  0.84240061568481261
  0.85326798083531974  0.86386831118869312  0.87448739463940628  0.88506750277172741
  0.89558182338231462  0.90549363553214379  0.91556783662568342  0.92534058850638123
  0.93457528875904772  0.94366422301595598  0.95259904573513432  0.96199741786135140
  0.97125407698209132  0.98055424715213091  0.99015094397091841  1.00000000000000000
 -0.00293989819909524  0.00951693106390151  0.02072734325110418  0.03222037817393730
  0.04381749710799290  0.05515234524604518  0.06643013405964265  0.07795333090570922
  0.08890506830023479  0.09942807035392796  0.11014646293344878  0.12106476657722487
  0.13126411615384745  0.14130548662659875  0.15201699965148974  0.16332176683066998
  0.17475024948737194  0.18621592523556577  0.19792235589003848  0.20959656758240680
  0.22112352560906245  0.23230790389167016  0.24353221403554767  0.25502955241238173
  0.26621976095662425  0.27689320628469005  0.28776930535984480  0.29915817759126617
  0.31128705845555993  0.32266907308320592  0.33374516815575950  0.34477110773549319
  0.35560229608754756  0.36644979226378022  0.37735807276775279  0.38873526566170424
  0.40040854805000370  0.41252483404838447  0.42500004806982422  0.43737618531817224
  0.44930390250921731  0.46141402422845468  0.47423963178949924  0.48696546089206644
  0.49913346479481319  0.51093784475609583  0.52277960923144218  0.53451232663725212
  0.54590575019287579  0.55722573311300172  0.56932522880518222  0.58146468949465679
  0.59232464309054222  0.60261298775640659  0.61306966711425070  0.62371716314133996
  0.63449724986429235  0.64574979451841419  0.65786182808876192  0.67016331939936857
  0.68199420714178682  0.69337033430838246  0.70440709881369301  0.71566378948257381
  0.72696238346051267  0.73801394533935483  0.74832977476424778  0.75771589977471687
  0.76681922491917831  0.77591666497315770  0.78506373990601686  0.79406150995551406
  0.80294224312356921  0.81208923956873191  0.82157489538869866  0.83128763952391915
  0.84089682415147837  0.85017807523735878  0.85900577297920011  0.86758621764073596
  0.87652795750703050  0.88598809057496875  0.89528356793821273  0.90410320876991235
  0.91271602499375526  0.92127668978765143  0.92985668601070304  0.93827467508155737
  0.94623160644181281  0.95422316621172987  0.96217113294584111  0.97007065263499992
  0.97799468677791834  0.98555252904854940  0.99295162638910806  1.00000000000000000
 -0.00206257744677492  0.00784206510171483  0.01735532758803177  0.02702731072688800
  0.03747278133782620  0.04893340854174259  0.06097413309798400  0.07246893309878574
  0.08333310675676707  0.09363384276104761  0.10384852682062590  0.11423864467148499
  0.12458585345499412  0.13523820358843749  0.14579616632127212  0.15649878686826524
  0.16775601941059218  0.17908433241318034  0.19053136975399262  0.20165918770515387
  0.21300642474624940  0.22409012427974517  0.23561184349723213  0.24718918192460140
  0.25861679485262606  0.26974476898414335  0.28075980761037933  0.29174188340521556
  0.30249737334002402  0.31312275946289625  0.32364253031014195  0.33389255518198746
  0.34426298111700510  0.35472568721380937  0.36602592449706112  0.37706963570385976
  0.38753591085922268  0.39763115302193930  0.40787468930816900  0.41807668553936539
  0.42798138953944420  0.43764158068834513  0.44799597245272010  0.45878332753830731
  0.46982021614985386  0.48109527321126183  0.49223930588119608  0.50317992560005842
  0.51425325967462743  0.52575370441061220  0.53747329419083600  0.54876955120329562
  0.55942461114767583  0.56971227464265617  0.57992462535836109  0.59028757320473835
  0.60054137880076908  0.61057093405426510  0.62032544525345612  0.62992010286446565
  0.63938602739343364  0.64878223353455511  0.65793588527673508  0.66749164385046800
  0.67753335645424462  0.68789945629980065  0.69796841726623049  0.70838425776063485
  0.71878176350329259  0.72894622869956804  0.73865219113283542  0.74831264788019924
  0.75811838802048515  0.76792231769243746  0.77818752752730802  0.78920083856747869
  0.80166633714274993  0.81389974035590018  0.82554170863728726  0.83605410737318098
  0.84573880365860599  0.85579876927164877  0.86600203961557931  0.87610688034207163
  0.88637796001125491  0.89684223708396726  0.90744190204821351  0.91781867126540706
  0.92828467236781942  0.93870471186265347  0.94866105001578072  0.95873142581710924
  0.96914222475134160  0.97986535947898301  0.98976379910578682  1.00000000000000000
   3.0331432454978234E-010  -1.0000000000000000     
 T F F F T F F F T F F F T F F F F F F F F F F F F F F F F F F F F F F F F F F F F F F F F F F F T F F F T F F F T F F F T F F F F F F F F F F F F F F F F F F F F F F F F F F F F F F F F F F F F F F F F F F F F F F F F F F F F F F F F F F F F F F F F F F F
  <DiscreteSampler_grid>
  grouped_processes
  1 # 1 for a reference and 2 for a running grid.
  10 # Attribute 'min_bin_probing_points' of the grid.
  1 # Attribute 'grid_mode' of the grid. 1=='default',2=='initialization'
  0.0000000000000000 # Attribute 'small_contrib_threshold' of the grid.
  0.5000000000000000 # Attribute 'damping_power' of the grid.
 # binID   n_entries weight   weight_sqr   abs_weight
    10   10   8.259846077016122E-003   1.671084874556039E-004   8.259846077016122E-003
  </DiscreteSampler_grid>
