 -0.00000001042515577  0.00001357031844629  0.00010480656229109  0.00029967233920858
  0.00059491749049923  0.00099945380703226  0.00148423603836975  0.00203097108169421
  0.00265018785311221  0.00332976436272357  0.00406602585321861  0.00483790115397534
  0.00564869939020496  0.00650009435151414  0.00740869654494299  0.00835861394524300
  0.00936043113521854  0.01036361825469574  0.01136518525725685  0.01242974464075157
  0.01349403171660386  0.01454126032721401  0.01568773197183760  0.01684190283139313
  0.01798504466702699  0.01914479735392837  0.02033860252453981  0.02158238382269501
  0.02280044087564107  0.02400738880418015  0.02520368077082726  0.02651677713372586
  0.02785348167904931  0.02919405643874273  0.03051841102782047  0.03182829792297443
  0.03315393652980028  0.03452284387132568  0.03594126609020020  0.03739026941359439
  0.03883465398711907  0.04027129420368845  0.04169115075499694  0.04309122371077886
  0.04447768219765785  0.04596358341182707  0.04753668910864697  0.04912044413936652
  0.05071176389521573  0.05230090694827299  0.05390098718166046  0.05550214389990546
  0.05710102620343392  0.05872028841858210  0.06038068659600922  0.06207830509568780
  0.06384649447519253  0.06557794555718573  0.06730344825478837  0.06904414032517597
  0.07080668184352289  0.07258320292269507  0.07437684009633838  0.07613658694807524
  0.07791260051104135  0.07978729211459627  0.08174428338066562  0.08371573734717946
  0.08571002947146809  0.08769245050526234  0.08970647269870015  0.09175028996635531
  0.09381516877327456  0.09588504754319122  0.09793535633739396  0.10004623033270335
  0.10225387560898365  0.10454010969488907  0.10704846119486941  0.10981610550388728
  0.11267201822880411  0.11556278373626844  0.11853572074466696  0.12165989320341686
  0.12497421450077406  0.12844413326859974  0.13205007737225838  0.13565131006590972
  0.14021736263328047  0.14546607480608242  0.15150184824987117  0.15861706589906902
  0.16738142150193197  0.18015693782134651  0.19410070237339541  1.00000000000000000
  0.00953725424329506  0.01589723442308843  0.02534792892728704  0.03641142264754977
  0.04680808117503715  0.05686700037004563  0.06709820653145496  0.07797438686064395
  0.08931941700817381  0.10088357692561713  0.11227935523773332  0.12349316188001419
  0.13421355133666812  0.14466645583291987  0.15512991643938590  0.16537556015370000
  0.17545302106433019  0.18542225587335401  0.19524881256908455  0.20483518630829700
  0.21435194596745327  0.22387128182494398  0.23356724456253034  0.24325585354040843
  0.25318080590089992  0.26335448953204238  0.27343719533184990  0.28354392129567657
  0.29389854532411852  0.30461585838047406  0.31488747811075213  0.32427628941468223
  0.33365076579028896  0.34305544693423085  0.35233293504863211  0.36150062800794297
  0.37075985045768667  0.38059205976978111  0.39101070169642194  0.40178936667634779
  0.41273593197068209  0.42374366238914429  0.43482383462765795  0.44590114294022254
  0.45679714347937767  0.46734106194557490  0.47794544649143322  0.48897900417980233
  0.49996797981982577  0.51053894362374697  0.52089485315749284  0.53136051333797141
  0.54176205791565157  0.55194934257114503  0.56207535708013334  0.57231212480957450
  0.58253043962643514  0.59269232786076465  0.60286010196131046  0.61332189711952101
  0.62390298906272501  0.63460095394219274  0.64510606405676429  0.65589834883173270
  0.66692040647032125  0.67789252627034480  0.68881217695152885  0.69975410664314674
  0.71109829569505589  0.72308909696663271  0.73467274318626130  0.74602828168704038
  0.75674089864036331  0.76713644501635736  0.77727934625292749  0.78746350242974994
  0.79808021044795252  0.80865800134130039  0.81969170748190245  0.83086243487775302
  0.84200286296570037  0.85310573450900473  0.86393919415985621  0.87489574158187744
  0.88525504146434675  0.89550639488661576  0.90563710693310517  0.91579341865032959
  0.92597723550002287  0.93611970814930878  0.94614909233273115  0.95639065681506896
  0.96728344601255190  0.97786049199132852  0.98910528183242807  1.00000000000000000
 -0.00257290274958815  0.00953273357020792  0.02030218122448227  0.03160926121937711
  0.04292899793107331  0.05351650149982878  0.06413633838663806  0.07503903028062138
  0.08602444302522268  0.09663752892345219  0.10741115070024781  0.11811529469828383
  0.12895774449260242  0.13954732164438202  0.14982118519547216  0.15959812495716713
  0.16947506131006876  0.17999756614826160  0.19044362742603041  0.20018267726648892
  0.20978555562114209  0.21970311508642365  0.22998767898967379  0.23986349609745339
  0.24937989660902460  0.25971034601633219  0.27091357302226943  0.28218872005578538
  0.29300215129172996  0.30314479801755184  0.31317807688765270  0.32276424694683464
  0.33204235884824823  0.34122225308899240  0.35061223241001788  0.36034326136295486
  0.37050745210992581  0.38074384751156698  0.39111162832051910  0.40141262173544334
  0.41173430339378353  0.42223859874258834  0.43273687341683631  0.44331192747761383
  0.45391526172071411  0.46448638495816807  0.47519200547081708  0.48587812272394648
  0.49690765261997688  0.50828862906066596  0.51988595431853424  0.53181243163294656
  0.54367569091832302  0.55540696325889349  0.56661525677912405  0.57712869817016155
  0.58746023443320827  0.59744507731247143  0.60754573098202003  0.61720302027881935
  0.62708439392940263  0.63709939575489338  0.64727348841373011  0.65817942372011873
  0.66901825947311266  0.68020531805635565  0.69194179963652758  0.70419779367446766
  0.71647840769415827  0.72801402747323274  0.73934034625712786  0.75015578569842811
  0.76028520337653660  0.77061627572572011  0.78151937479497324  0.79241111895168603
  0.80286198271401821  0.81327020935430983  0.82377344997172741  0.83418216626350616
  0.84430748243203912  0.85455702147603285  0.86445120053159186  0.87412162501837032
  0.88395738084478104  0.89407968137881177  0.90455062203985537  0.91510532335535621
  0.92598593935747120  0.93719168710915157  0.94795508036911291  0.95894155935350356
  0.96948668627061962  0.98008946996390511  0.99008123646096058  1.00000000000000000
 -0.00261642945529566  0.00957355074991026  0.01990154202515109  0.03024931406585898
  0.04073515165211197  0.05157542512551729  0.06246225066151714  0.07341444285334478
  0.08395957183726710  0.09434440518993514  0.10489242946986818  0.11538565318221526
  0.12550942745911975  0.13530102986266598  0.14492081524975478  0.15437457157404902
  0.16378260667390493  0.17379244353861178  0.18407768543319306  0.19459799945155373
  0.20481031602779595  0.21607487237110271  0.22667373831447854  0.23721344148439710
  0.24784652797350951  0.25845203012421375  0.26948669206703790  0.27966961389856110
  0.28987901001980765  0.29937288473571938  0.30889428514694550  0.31855230166622850
  0.32844991564171433  0.33848978999595292  0.34841063034231190  0.35839795302087424
  0.36939864056596361  0.38059416042408079  0.39145899353387581  0.40189287749011104
  0.41235842577560167  0.42283180585043800  0.43316306553731315  0.44357831335849091
  0.45395394269005779  0.46449967426221506  0.47545825774041955  0.48663832564040088
  0.49789310381443830  0.50883881966131250  0.51986023048636276  0.53068172929392732
  0.54101053703061575  0.55131302432403628  0.56144204164472411  0.57138704045802535
  0.58135071928611837  0.59110774391197995  0.60086719003516453  0.61050986935125473
  0.62039776879794906  0.63040346521837798  0.64062467569852988  0.65128072154981609
  0.66231792111042476  0.67374357993920564  0.68511255019723483  0.69652449421449958
  0.70771545060303531  0.71857655907432350  0.72926184154715734  0.74027479793573558
  0.75143470078402042  0.76261905095919713  0.77333579057974700  0.78334620330370930
  0.79329472934854806  0.80328399625650648  0.81324479153446894  0.82309356512644705
  0.83312523205656475  0.84411024417498448  0.85525985311872466  0.86584884954013530
  0.87648857921866685  0.88676468909344197  0.89704596441215712  0.90724569827216295
  0.91790707334514443  0.92893642916884056  0.94015806359071441  0.95132127784613285
  0.96267017661491705  0.97445852963514379  0.98679437852944529  1.00000000000000000
 -0.00286843171885493  0.01097397843355490  0.02181427106449459  0.03201583009753027
  0.04202322078262272  0.05168514423079324  0.06149628164378169  0.07121407396786764
  0.08110969813034742  0.09094811337813501  0.10084036591440779  0.11075062810122452
  0.12061506249145539  0.13066246916937851  0.14060418285315618  0.15091260521915281
  0.16191829392469384  0.17299883265368146  0.18386993242843774  0.19459101326313463
  0.20531939388500894  0.21656060859915910  0.22791330464987905  0.23938885441881769
  0.25080121754998119  0.26191894022422912  0.27264153150123505  0.28331735702530608
  0.29463700158926737  0.30637584217648400  0.31771711421437066  0.32845764756612900
  0.33916179019091325  0.35004585832917290  0.36083127966890555  0.37128128909156682
  0.38150875359345943  0.39187218623904468  0.40267413005761232  0.41401581646238267
  0.42566798447848442  0.43721742552411047  0.44833290480741111  0.45907769357168327
  0.46963938267390865  0.48003699318076720  0.49021528393635894  0.50030968922037888
  0.51037934953719388  0.52064205277385889  0.53126692949729937  0.54205824351752363
  0.55284014847401541  0.56337561862820784  0.57374298494346410  0.58408771125677061
  0.59436363043641627  0.60477419342905347  0.61541922350415890  0.62640740972399789
  0.63743883161008097  0.64829930160073956  0.65938336591731639  0.67030604220420587
  0.68105907152732770  0.69168060219043992  0.70203376455102551  0.71225049084904501
  0.72226995912666725  0.73245790151044843  0.74257720019159590  0.75243427175473609
  0.76214461737973149  0.77208217407945057  0.78236481178268602  0.79268379812737266
  0.80295242528765265  0.81302461165485929  0.82287981205873317  0.83285929811089787
  0.84292934907925787  0.85311160016642018  0.86305434362564926  0.87312441585775269
  0.88321132767494859  0.89338949249603450  0.90337529588874832  0.91316427397410027
  0.92315312018721118  0.93302645078361335  0.94344213591462822  0.95408745075030943
  0.96504292687111326  0.97654473578195600  0.98804962856256884  1.00000000000000000
 -0.00235193359398724  0.00918241140160688  0.01933103174093775  0.02974954200340143
  0.04047125336334738  0.05159215575137886  0.06236996737189045  0.07233932647720534
  0.08193134047943609  0.09191019637835332  0.10207326097854824  0.11240553490491915
  0.12277353903763671  0.13323681605555784  0.14363316386126640  0.15365717560046732
  0.16356673057601606  0.17365296076852085  0.18366174133268043  0.19346049847828506
  0.20326271191345571  0.21325649576930719  0.22354461217372401  0.23404152007329554
  0.24448211279901133  0.25480863107686280  0.26509138956775791  0.27549063876671159
  0.28584386288914865  0.29603626115293691  0.30626906016410144  0.31684078358860918
  0.32789074864750378  0.33872544109050057  0.34923282369938541  0.35959792818753911
  0.36984212805380107  0.37991691712996450  0.38972457406164740  0.39961194637012259
  0.40976799106112577  0.41995737817229295  0.43003470068634114  0.44022524049568384
  0.45051116437273397  0.46082758670486790  0.47124693230046583  0.48229815429674616
  0.49415119152582460  0.50587731054164531  0.51682088663965131  0.52695641536347471
  0.53660819517256886  0.54642813471300167  0.55620469311353404  0.56613037256403709
  0.57625779264235333  0.58650346433720668  0.59675171148026440  0.60698746729314901
  0.61736491780498848  0.62810574786613182  0.63921615402959087  0.65038632688772002
  0.66124860611258673  0.67193614223370057  0.68261557124223027  0.69310035620650257
  0.70349587739296060  0.71387944842539053  0.72464612985784826  0.73519660304349099
  0.74591468673098671  0.75671315875625966  0.76806047129720034  0.78012172947585900
  0.79212808621964503  0.80383122577541877  0.81571965056993090  0.82787521501277350
  0.83907381507090639  0.84969394407523824  0.86050731028866589  0.87158616289771973
  0.88229443271449559  0.89270367516510896  0.90321944762756079  0.91429996378351952
  0.92579245357378448  0.93743005815073244  0.94857358576220163  0.95928594248588184
  0.96986325738383228  0.98025050338031272  0.99022074694319129  1.00000000000000000
 -0.00230682876646499  0.00818218930526159  0.01669735122119085  0.02571406425171497
  0.03449923399979300  0.04357994875267022  0.05290759446144554  0.06260243874860927
  0.07266755099015862  0.08270899113715512  0.09247693238797845  0.10215193509346683
  0.11193571981795161  0.12169205274326100  0.13163651440074475  0.14174609687586542
  0.15232395291228532  0.16350110189074132  0.17498494950984481  0.18635967194810171
  0.19694939769669847  0.20765306417657040  0.21872390360987698  0.22951782140376584
  0.24014849710988709  0.25112330407448885  0.26293229502335302  0.27454696949660773
  0.28595774277824104  0.29739759662984294  0.30894459821434639  0.32052002724650341
  0.33192807104470196  0.34468468332607077  0.35711059471454176  0.36960869423693593
  0.38156587438003553  0.39337834774934244  0.40438498257749761  0.41533272288498208
  0.42687513991611792  0.43872757421742098  0.45035252798194941  0.46189680241686720
  0.47362755633515824  0.48504740735993018  0.49640892225195388  0.50784354969253731
  0.51937502973936223  0.53118054979845675  0.54275610052554302  0.55349600012431432
  0.56419967908672031  0.57537130858138086  0.58669401669457255  0.59773999487929497
  0.60923597425207088  0.62118542408649491  0.63258297652213313  0.64375025347152004
  0.65535309870203495  0.66719621182077815  0.67896565969796852  0.69058454047969531
  0.70249968674956820  0.71478471992284764  0.72727758786240226  0.73956110945310549
  0.75125939789404172  0.76168317443705236  0.77154752495527301  0.78138838083122975
  0.79107752223866001  0.80081819835190760  0.81067718039538406  0.82051942705778491
  0.83020042237964842  0.83949985245754111  0.84872607346874085  0.85813363223737626
  0.86760028970516045  0.87698771128367570  0.88674231928817926  0.89611186461164294
  0.90554307339587026  0.91490845799768361  0.92393530685366043  0.93264854015552956
  0.94121796903342714  0.94959128322644537  0.95791991251716391  0.96628808249550036
  0.97463393825570688  0.98301537282565188  0.99156331188332536  1.00000000000000000
 -0.00244279269404383  0.00887394373184147  0.01878224355385023  0.02878063285658214
  0.03916791370723525  0.04918156375434753  0.05957225084919429  0.06939748641910992
  0.07916715330601956  0.08882625468659429  0.09888666266215182  0.10863134617231983
  0.11806320062713765  0.12779338801662285  0.13816775914960525  0.14826750612683517
  0.15816654445611836  0.16804351243450819  0.17823958238882978  0.18894980550660356
  0.20001660490997508  0.21081212489394269  0.22112004914825234  0.23162482679591276
  0.24279953782042552  0.25397459290762553  0.26545389651156132  0.27691483991175420
  0.28821015300745140  0.29874329806801303  0.30919106594090495  0.32014249355505919
  0.33144026379770908  0.34245634591120949  0.35339338081485877  0.36397742184972681
  0.37488737424342167  0.38526019943767248  0.39541334767582381  0.40531842248534000
  0.41504740756658176  0.42470768597664871  0.43429708318760896  0.44419516106333562
  0.45422549627681691  0.46418908725913538  0.47421471722819247  0.48467152938068786
  0.49547803987595140  0.50639586669898295  0.51720316826513757  0.52771216253661335
  0.53811050447883990  0.54854652391723036  0.55933017990136402  0.57038395302493683
  0.58156441361523326  0.59248506860267147  0.60353978256458352  0.61406040853805410
  0.62447445823882619  0.63446397840514579  0.64420827983014928  0.65406695674612247
  0.66425204823721196  0.67489946182764138  0.68582082606231110  0.69666038424222021
  0.70737827615070481  0.71789287486918696  0.72805429748363881  0.73812148578907699
  0.74806027203228365  0.75848220328612881  0.76899990769205739  0.77980369408667072
  0.79115070338953997  0.80246921346617950  0.81374761525322581  0.82472775249585839
  0.83621103015956333  0.84809574645691999  0.85946752182701147  0.87074216097082546
  0.88205392968412688  0.89372027353498829  0.90474346634776692  0.91566516611929427
  0.92646068811562077  0.93763486844242538  0.94857286396239715  0.95910033983254439
  0.96939649959980456  0.97927651515244774  0.98972877963929340  1.00000000000000000
   1.4154480233740149E-009  -1.0000000000000000     
 T F T F T F T F F F F F F F F F F F F F F F F F F F F F F F F F F F F F F F F F F F F F F F F F T F T F T F T F F F F F F F F F F F F F F F F F F F F F F F F F F F F F F F F F F F F F F F F F F F F F F F F F F F F F F F F F F F F F F F F F F F F F F F F F
  <DiscreteSampler_grid>
  grouped_processes
  1 # 1 for a reference and 2 for a running grid.
  10 # Attribute 'min_bin_probing_points' of the grid.
  1 # Attribute 'grid_mode' of the grid. 1=='default',2=='initialization'
  0.0000000000000000 # Attribute 'small_contrib_threshold' of the grid.
  0.5000000000000000 # Attribute 'damping_power' of the grid.
 # binID   n_entries weight   weight_sqr   abs_weight
    19   10   1.015982696809107E-001   1.207279456477516E-002   1.015982696809107E-001
    25   10   1.549378208230859E-001   4.111336112644354E-002   1.549378208230859E-001
    37   10   1.532095199947180E-001   3.845809758921433E-002   1.532095199947180E-001
    43   10   9.781852590828163E-002   1.202965795802546E-002   9.781852590828163E-002
  </DiscreteSampler_grid>
