 -0.00000270295071902  0.00011332041748281  0.00049095750200340  0.00103206773480365
  0.00170752701710779  0.00245705401687226  0.00327945317559811  0.00417037987360506
  0.00509944484188341  0.00608189542675152  0.00711384202598823  0.00815448264763101
  0.00922904330889618  0.01028939713727096  0.01140065691252230  0.01257485657197361
  0.01373491549310156  0.01488286986466564  0.01609177517000469  0.01729081207824528
  0.01846874336299599  0.01965737509237210  0.02086811608394621  0.02209778071337955
  0.02330796252553194  0.02450350639886013  0.02572499406655744  0.02701101607273148
  0.02832767600912905  0.02966428465392769  0.03100329981472586  0.03231397699052763
  0.03363151411759309  0.03497389735579154  0.03634474807401942  0.03774292112512866
  0.03913661783521459  0.04051602686465543  0.04188986985097853  0.04324159570716499
  0.04458281755213322  0.04594405027961814  0.04732762834198879  0.04872797317147273
  0.05015282589709710  0.05158816648086647  0.05302217982655390  0.05446252511462512
  0.05590616527757403  0.05736279432453087  0.05882663983760451  0.06032121127596856
  0.06180968261718938  0.06331336999025468  0.06481609848301968  0.06631480300650922
  0.06782588446327045  0.06936039007338450  0.07092060964229682  0.07250607062762646
  0.07409574638474745  0.07570628420449838  0.07731758123468983  0.07897077909189130
  0.08071335697849391  0.08245889546983035  0.08427190857146014  0.08611714659830219
  0.08798262589208548  0.08987428591724189  0.09180069296210727  0.09375802655718854
  0.09569268689950620  0.09764301710639528  0.09956058202565046  0.10149876259359478
  0.10350260189552028  0.10561424024019000  0.10789351499596095  0.11043547292843979
  0.11308034492261727  0.11573147755483378  0.11844422848361265  0.12127559478787972
  0.12426195512860208  0.12733720012346658  0.13065752734093128  0.13404532334062544
  0.13805732115709696  0.14275977243326085  0.14834390538103373  0.15516728389272558
  0.16389194904669016  0.17825441004214226  0.19461437823365721  1.00000000000000000
  0.00923751724629557  0.01699940499586389  0.02827076312223827  0.04014210621993472
  0.05184192242432538  0.06317648012606344  0.07307702327327374  0.08313477998837618
  0.09305326510136581  0.10306433561908954  0.11261925152071652  0.12231141544768062
  0.13267622912066127  0.14333294959110221  0.15422655093305648  0.16510752723822589
  0.17637619562037105  0.18748078679269561  0.19807281550099048  0.20847123601867829
  0.21885553457610665  0.22913493025457313  0.23911843066396948  0.24900666015964942
  0.25901505348570308  0.26923669438918146  0.27966702652505926  0.29025455799329419
  0.30100082948995938  0.31149138616845401  0.32157240744958981  0.33156304943180737
  0.34171401225219966  0.35199389128988473  0.36229718976614972  0.37270028414123979
  0.38351481174308999  0.39431328187660186  0.40469325160110059  0.41480441371631366
  0.42476932702743025  0.43463455534777934  0.44456863760819992  0.45463170292876515
  0.46498746787546474  0.47537849340457933  0.48645523168705546  0.49745194607988003
  0.50786870998045441  0.51789050554218519  0.52842626939803361  0.53930151632871048
  0.55021444378026152  0.56128452760291569  0.57231742844629441  0.58345818668938454
  0.59445021122635322  0.60537362531144656  0.61587843704237033  0.62616047871711977
  0.63657806358504554  0.64713018503374675  0.65792183241640478  0.66889745778043352
  0.68019739476836649  0.69176170772454348  0.70325420533615990  0.71413457124983437
  0.72465632628218979  0.73520400378055650  0.74598423345335485  0.75642818041602666
  0.76661107954767749  0.77687405874899695  0.78733034841700400  0.79758771492427716
  0.80784663531324896  0.81818109218470836  0.82846606353395691  0.83872616322388815
  0.84892363991632769  0.85939414638972755  0.86979728349867647  0.88055335424665671
  0.89160502471449754  0.90195283785467550  0.91234348278005062  0.92257177348943309
  0.93273385702181499  0.94310163282302628  0.95292867862831920  0.96282605287816836
  0.97253208965134541  0.98200891354611808  0.99142058117283760  1.00000000000000000
 -0.00236054579514327  0.00955534917999171  0.01981228696297595  0.03025389595325037
  0.04053146945752840  0.05087588145999080  0.06150336495546851  0.07216054237794990
  0.08284503993594178  0.09334028869349925  0.10362208852160330  0.11390190250251772
  0.12437978155577661  0.13483327820531810  0.14576282829706860  0.15706077817154418
  0.16844650997998870  0.17935981014680955  0.19003369743208967  0.20064823961632164
  0.21136781925810433  0.22172728807568512  0.23194028688816470  0.24218093007830316
  0.25287598401567624  0.26376227794418738  0.27471312180731633  0.28495267632790133
  0.29513469926599750  0.30533356818135066  0.31579019849003215  0.32622203987704385
  0.33688997879295796  0.34791179479818635  0.35880396282812077  0.36945966082240056
  0.38000345533218544  0.39055683957159421  0.40114127297643742  0.41166248177440545
  0.42236573965708768  0.43340560165774444  0.44456813614804541  0.45551534707488206
  0.46590191086722299  0.47607151817741655  0.48619224388604954  0.49632506868075166
  0.50653954456694827  0.51698197623056119  0.52753581749995127  0.53795207524851918
  0.54847006119448549  0.55905461111701082  0.56986764197035478  0.58058821067416189
  0.59114421546119267  0.60156363007818225  0.61217799458852251  0.62310200805797478
  0.63388190297324398  0.64451573747112878  0.65464662775078819  0.66506824727493685
  0.67539585726833251  0.68605903447937322  0.69640558702351585  0.70653452453119137
  0.71672661895554735  0.72697324928164342  0.73699652465991328  0.74710109860620522
  0.75733752404299259  0.76753273731201532  0.77786023117999026  0.78804369954528575
  0.79860333934794059  0.80906710634725465  0.81943456290902206  0.82931052067458244
  0.83962391906738243  0.85020999634125261  0.86067328948457500  0.87077022637030943
  0.88084203762620894  0.89168872479214467  0.90255215652812859  0.91333905313691655
  0.92421710283385006  0.93515921055605911  0.94591584153823915  0.95672368546341113
  0.96763045281999438  0.97876821779583911  0.98947926807354480  1.00000000000000000
 -0.00240936725601685  0.00899971217695151  0.01931083751658491  0.02993969262694283
  0.04073425004899198  0.05112347906496005  0.06184100470725103  0.07294476646608185
  0.08391722120102436  0.09479236775157966  0.10566966917832508  0.11736954313221200
  0.12861809029280408  0.13947513085255384  0.15019922965799276  0.16117290736083986
  0.17218113053136264  0.18274595332841193  0.19358131891989561  0.20451790795870262
  0.21581548382834770  0.22690956053455613  0.23841464086252651  0.24998954827833997
  0.26106439858049413  0.27190685210796689  0.28248570091559694  0.29315442665837221
  0.30375889150795699  0.31459304412411404  0.32542640519779070  0.33611961819105940
  0.34681595172769764  0.35767103997233574  0.36850393649422913  0.37912221975761007
  0.38973133225935347  0.40052725221713198  0.41118023288748073  0.42158569178255800
  0.43187615496214710  0.44206801196644224  0.45233681547213839  0.46269451277614648
  0.47331753368767776  0.48361633224256961  0.49351462732309026  0.50322404359138373
  0.51311126611469038  0.52321296653665206  0.53309432012668423  0.54329219638157045
  0.55386725436411965  0.56465301232512610  0.57546322976362985  0.58616921341982309
  0.59682455121630562  0.60763828461469216  0.61867616585694407  0.62962182533338973
  0.64013236026063802  0.65034608253222759  0.66042451606119934  0.67041479752039157
  0.68030634902843301  0.69025722025982883  0.70055992314528293  0.71092313236579630
  0.72119039517397798  0.73153331673632527  0.74217734184514506  0.75238803664289633
  0.76213111309933135  0.77202732326208467  0.78261982175008971  0.79316022582624568
  0.80315689937574286  0.81294480555046134  0.82313636008307345  0.83344969696001925
  0.84344410814037285  0.85346240543885399  0.86361514731381417  0.87401153589065261
  0.88404768339331097  0.89400034015284491  0.90447770374442993  0.91497107118451892
  0.92520279359771684  0.93499770340202892  0.94530888613372865  0.95605415498513546
  0.96693765660169895  0.97790024140148879  0.98903571916267841  1.00000000000000000
 -0.00234550032935128  0.00953968793858613  0.01911582666293785  0.02964849338728161
  0.03990647224650395  0.05038625947137006  0.06094598651338391  0.07088309380716111
  0.08070349250983071  0.09037197321793049  0.10038251425825503  0.11082787878814959
  0.12154939162293393  0.13250001931508573  0.14401351207736637  0.15518527856162581
  0.16611995968005713  0.17679663972950660  0.18764189884812540  0.19801514003937501
  0.20819633417194794  0.21784232156660113  0.22720750719561569  0.23649574211418656
  0.24591259321056802  0.25565414554689725  0.26559033291485595  0.27599782379720161
  0.28692317876778961  0.29778262925471105  0.30868228561820366  0.31965816072927583
  0.33058358603267829  0.34113698549641192  0.35150541286902709  0.36188884815283268
  0.37240102031608746  0.38304620708272252  0.39387307427883139  0.40462669465504647
  0.41514321025769235  0.42547386668504311  0.43566636171553308  0.44565713231219889
  0.45551714608401533  0.46530346820033991  0.47490950439894092  0.48437598618390199
  0.49403034560418435  0.50406207747387621  0.51431685334497923  0.52457329959817534
  0.53480329670536808  0.54532283695393347  0.55614928642448214  0.56707539001854923
  0.57802493803417077  0.58905933748852268  0.60025223864356902  0.61146214370550012
  0.62254254934545539  0.63356557857188212  0.64452683680868672  0.65536606790552476
  0.66614692211400006  0.67688273144338651  0.68756771464298871  0.69830729072634967
  0.70919015606119007  0.72024614551432309  0.73112696932079113  0.74145261697427245
  0.75174666814929825  0.76239844816686431  0.77328548001407116  0.78410638817798239
  0.79460258387824967  0.80514108142525787  0.81582346386082194  0.82697223621396498
  0.83838528612044627  0.84950352156340003  0.86060796235283998  0.87146682603404280
  0.88233057584680852  0.89305594275108902  0.90366521970317903  0.91493226365899638
  0.92565562658501999  0.93751946790066643  0.94802655032169492  0.95892072409493134
  0.96902289358615956  0.97961753491341885  0.98987017638238106  1.00000000000000000
 -0.00242873383035084  0.00932434148784950  0.01925286554293784  0.02984829217518105
  0.04047132020069719  0.05100229359423472  0.06192181718668131  0.07302758569728883
  0.08429219162751730  0.09520029964285934  0.10596235797110823  0.11635052743579893
  0.12673455146396034  0.13726685845619438  0.14775889386294758  0.15816864455848439
  0.16851051686441332  0.17860713829081204  0.18889657068937338  0.19922563783015948
  0.20987335880615682  0.22038699581159030  0.23093664900625646  0.24144196825301681
  0.25197435854635630  0.26249158925450600  0.27328106744571212  0.28389990593326880
  0.29485369678041828  0.30592548656089980  0.31669956815506040  0.32742790199778460
  0.33811684360152233  0.34905143220719503  0.35963159316884064  0.37011954906237299
  0.38066963672959270  0.39149827647783342  0.40213392006357862  0.41236677394541399
  0.42253623840306187  0.43254867471917313  0.44261167280456437  0.45232861048685807
  0.46214482508239851  0.47213443938373856  0.48232546744564198  0.49271020014172279
  0.50335991300160021  0.51448059416339120  0.52547307596312709  0.53594689572160681
  0.54664864674728053  0.55752012194336387  0.56808060121055581  0.57806228249580016
  0.58822692137377941  0.59914176324788038  0.60977704176319414  0.62034299284341943
  0.63106788438045602  0.64162655232751775  0.65218783615039555  0.66271538091594950
  0.67406179526376553  0.68534722970504136  0.69588960142040557  0.70636984787864443
  0.71662749608268650  0.72690621576372527  0.73742046813268258  0.74765731173125605
  0.75872189550902325  0.76963697276513399  0.78120838716041774  0.79268083482618312
  0.80372024202782810  0.81442584170361421  0.82470692251613675  0.83525167001568568
  0.84593348409892877  0.85657005241991913  0.86685454826865349  0.87714651974852575
  0.88779357327327080  0.89864066749521276  0.90946119144586934  0.92010262982105284
  0.93061243151472839  0.94081434245023665  0.95072579680331026  0.96086044610428323
  0.97083376989129677  0.98065742979375770  0.99018391470602130  1.00000000000000000
 -0.00214319911565479  0.00748599246472637  0.01597920887912473  0.02431484931494186
  0.03291683493037218  0.04152152569490852  0.05008995666653872  0.05872852593684159
  0.06763370040833110  0.07686510930736669  0.08641481004553055  0.09610252725096621
  0.10592810531660526  0.11590414748085590  0.12591820505212359  0.13593187460420719
  0.14588230275290184  0.15572374811746920  0.16548716158650617  0.17527889899496632
  0.18521401168416421  0.19527729168047081  0.20551906398828593  0.21624693247352084
  0.22734129667975495  0.23831391385383405  0.24897458478416801  0.25925680024339026
  0.26951221568778105  0.28019739824929407  0.29133515084028166  0.30255439412188934
  0.31399363921936591  0.32602574507355969  0.33833268520280196  0.35076153583259251
  0.36331986152663676  0.37564642873870840  0.38756622669096297  0.39940096744256126
  0.41127150732283746  0.42328260245789795  0.43516995974296924  0.44714485047386410
  0.45899855936768535  0.47095280868661676  0.48322097148602594  0.49592591913616957
  0.50875935240644676  0.52122290888162526  0.53378558806543130  0.54654783206526503
  0.55958832017110294  0.57226216690025800  0.58443392441214936  0.59609121467229731
  0.60774500528784947  0.61933487012420974  0.63105369426129387  0.64290634638049460
  0.65493771541142087  0.66714652268709784  0.67914213117065791  0.69128766168051115
  0.70368748399941572  0.71610811655865225  0.72798340929293281  0.73912023430135054
  0.75042439843343056  0.76156089902781432  0.77316779196788210  0.78451468968252547
  0.79530686180077226  0.80531334720167003  0.81503537875212584  0.82445912016705070
  0.83388364385147995  0.84321667037137515  0.85281957416333942  0.86234549262634030
  0.87178846731760973  0.88070183625697263  0.88972213614902773  0.89872227146143902
  0.90752359729874976  0.91610915040657948  0.92489041605832167  0.93379384345005267
  0.94255547394072225  0.95084738408834957  0.95909327552654378  0.96724503136078521
  0.97564245945537786  0.98389593024728372  0.99196428137830517  1.00000000000000000
 -0.00237292830786415  0.00955296619005951  0.02009709265747096  0.03036381776637022
  0.04109048522408638  0.05133629620052011  0.06157575551661983  0.07206175491830738
  0.08290941406626670  0.09384390467475164  0.10488804494513890  0.11549293664645953
  0.12615905401403590  0.13689260983103438  0.14783425868317690  0.15836008344610894
  0.16916523807752668  0.18030644734236551  0.19155036726006974  0.20254391436444502
  0.21334111924219157  0.22400083037616572  0.23445943751157708  0.24472659460055854
  0.25502239941365423  0.26521229472426383  0.27560794606084865  0.28603594346744021
  0.29636932880055133  0.30626786935848010  0.31607628739859112  0.32586278136495422
  0.33589878935234724  0.34612600248333519  0.35681527524606138  0.36783809909593951
  0.37845848286140399  0.38883542251650050  0.39921540182751103  0.40970058719703650
  0.42037858687322888  0.43111170763711526  0.44210143838813276  0.45318232397974889
  0.46415379247686889  0.47468683987200350  0.48494472460524141  0.49501682440190603
  0.50530063269769154  0.51564125136131844  0.52588755470974857  0.53619417998058005
  0.54643599015089273  0.55661389341204393  0.56681647108239541  0.57705037466899700
  0.58743557782219979  0.59788599712420754  0.60809675091684900  0.61823273846324867
  0.62834111394895364  0.63830947914091574  0.64868623110219636  0.65952986887253684
  0.67017993328126002  0.68050836579260510  0.69088701564012245  0.70138445447610420
  0.71169617433657084  0.72174933461514257  0.73195796133332802  0.74240531335026505
  0.75303740773531369  0.76381568150511348  0.77472444689729236  0.78538653223306243
  0.79619206625475614  0.80716488815036747  0.81806992760658648  0.82864989067642436
  0.83904285792296862  0.84995671654444793  0.86073249695082077  0.87188292225639075
  0.88282030399979394  0.89417222480022251  0.90437846885612316  0.91478535571001951
  0.92530254809246870  0.93605385680641917  0.94639722666969528  0.95668887308760442
  0.96750377044011604  0.97882255998756951  0.98950657923128360  1.00000000000000000
   7.2006926154471201E-010  -1.0000000000000000     
 T F T F T F T F F F F F F F F F F F F F F F F F F F F F F F F F F F F F F F F F F F F F F F F F T F T F T F T F F F F F F F F F F F F F F F F F F F F F F F F F F F F F F F F F F F F F F F F F F F F F F F F F F F F F F F F F F F F F F F F F F F F F F F F F
  <DiscreteSampler_grid>
  grouped_processes
  1 # 1 for a reference and 2 for a running grid.
  10 # Attribute 'min_bin_probing_points' of the grid.
  1 # Attribute 'grid_mode' of the grid. 1=='default',2=='initialization'
  0.0000000000000000 # Attribute 'small_contrib_threshold' of the grid.
  0.5000000000000000 # Attribute 'damping_power' of the grid.
 # binID   n_entries weight   weight_sqr   abs_weight
    19   10   1.116019629318028E-001   4.986911192019330E-002   1.116019629318028E-001
    25   10   1.330044937029114E-001   5.770487248714359E-002   1.330044937029114E-001
    37   10   1.086459084777464E-001   3.447133178609361E-002   1.086459084777464E-001
    43   10   1.404686087651238E-001   8.828164263319796E-002   1.404686087651238E-001
  </DiscreteSampler_grid>
