 -0.00000003129149642  0.00003688880141816  0.00027273826038333  0.00079245664997618
  0.00158585735783026  0.00266931294048256  0.00412364811401333  0.00590779022599872
  0.00783483067503564  0.00989368421052786  0.01214265979743539  0.01450650109587053
  0.01693366768968196  0.01936151809905732  0.02178165219987706  0.02427127964147023
  0.02686475557702292  0.02968664661240797  0.03266502302391691  0.03600291464263791
  0.03911646259511811  0.04238607286734911  0.04569229621643913  0.04902882833774272
  0.05235093504884856  0.05562730595890091  0.05882794794018198  0.06224559913658680
  0.06581731044230059  0.06935575085163022  0.07307780269564021  0.07672194628105654
  0.08032051823256352  0.08386158113152169  0.08733476139356872  0.09081827855385011
  0.09490586202319796  0.09904990902741492  0.10317305279660534  0.10712653928593596
  0.11118411459486038  0.11515828557519835  0.11904227713198318  0.12327248103694653
  0.12801110826799744  0.13246307154562692  0.13689515730828317  0.14135109618592256
  0.14585956288175370  0.15038849597287976  0.15509367091110648  0.16010765631675858
  0.16521959445483322  0.17068343435500435  0.17600813608229338  0.18133609127852904
  0.18665159921339641  0.19191786189888349  0.19718740138631999  0.20233635822398469
  0.20789680680248618  0.21364463986805837  0.21957222578528138  0.22581423126996350
  0.23190596752636272  0.23811286689491004  0.24439059793751272  0.25048129052260609
  0.25634736517429413  0.26220449391764633  0.26850443375484645  0.27500654415945086
  0.28157653267715077  0.28841602922508325  0.29559763124764216  0.30300494646675052
  0.31066711061635494  0.31841011267263286  0.32620089328752566  0.33378781379622452
  0.34170884731732082  0.35072083036058116  0.36062691889485143  0.37132655238213758
  0.38215406979758082  0.39361386280603217  0.40586765209251219  0.41886078370376983
  0.43235958459922286  0.44618489716038118  0.46461594510753984  0.48660877292350879
  0.51332727483899809  0.54860867969581650  0.59570470143080578  1.00000000000000000
  0.00947552970905689  0.01687309564554387  0.02604052891880066  0.03734079810434886
  0.04813813289136636  0.05951215548121828  0.07056274340536953  0.08187680149952627
  0.09067231144672708  0.09874363406926541  0.10692804100696436  0.11643941701045708
  0.12600786425185626  0.13480092971983065  0.14346659843694298  0.15323639522926161
  0.16342826768539626  0.17341892841361886  0.18332493089345708  0.19271757690790664
  0.20180224776273906  0.21087657834695517  0.22016057145981685  0.22986992028746220
  0.23996500573734345  0.24912060894863422  0.25812382915252197  0.26733337704880189
  0.27661855441846467  0.28907862342980123  0.29792012465989892  0.30701002912041048
  0.31648107687557875  0.32566801916557070  0.33446642768519869  0.34277102686802868
  0.35115543984717063  0.36018308353668987  0.36976695428814654  0.37978083777169147
  0.39123750889007675  0.40254613645769760  0.41440794898510175  0.42757472600659513
  0.43994069810354836  0.45009764767074689  0.45978602932518781  0.46957872848570814
  0.47907513667259871  0.48852267831168855  0.49818193436400521  0.50849212239709396
  0.51892747511358250  0.52900157740201303  0.53882347142542164  0.54875135796070540
  0.55829008544182135  0.56712448483779865  0.57663719714807049  0.58621754307486318
  0.59780778244357369  0.60906164667662732  0.62039427982245798  0.63151697021645692
  0.64344499998033233  0.65379147794315395  0.66413062446868154  0.67459243469733210
  0.68551074533614975  0.69632735770163701  0.70683195254059672  0.71720596164029793
  0.72816199225589318  0.74001553992820945  0.75213216712547093  0.76376533788758738
  0.77544566863637687  0.78723489381056566  0.79810807924174509  0.80860739288603123
  0.81989781861711808  0.83204390010646745  0.84523774146705766  0.85813489633455309
  0.87120365271613232  0.88402174506581521  0.89614558111210441  0.90744735266884846
  0.91820196884226368  0.92923422955833290  0.93990738918653238  0.94900691531208003
  0.95856646168972415  0.96870216524419606  0.97995984744738651  1.00000000000000000
 -0.00001430702347629  0.00013830658623583  0.00030625582790276  0.00060304140829232
  0.00096574744994725  0.00136836051379983  0.00181186247072978  0.00239307284230893
  0.00306199202573127  0.00370173495100143  0.00442643666343733  0.00531926635445907
  0.00628276303707744  0.00718213534212626  0.00803934073062029  0.00891722865973160
  0.00983418051834326  0.01081639736105505  0.01186581568643554  0.01294805381859517
  0.01406234180533074  0.01512570969543819  0.01624839920857698  0.01750151581393650
  0.01890017130829661  0.02045728683134902  0.02208156061002463  0.02366116205194394
  0.02528176682790997  0.02698327042205555  0.02862763377525730  0.03045734687660296
  0.03223822802931293  0.03390634594012047  0.03555057634769573  0.03742481902737069
  0.03938305795477268  0.04134110089885476  0.04328141058293582  0.04523515101352001
  0.04724773288210401  0.04932167505281129  0.05148695050934150  0.05365908423331094
  0.05597801868785635  0.05823424648934366  0.06041432373767408  0.06262648719191925
  0.06494423731404170  0.06725468950065287  0.06959988929660101  0.07203128356738141
  0.07449745465685130  0.07707576360402668  0.07983757527788639  0.08262610490038291
  0.08553701304157237  0.08850995078945068  0.09161903997596722  0.09482995390538324
  0.09813793059990458  0.10159881955549531  0.10533088569785370  0.10953555034666539
  0.11398455613590906  0.11824435504380038  0.12229034375030239  0.12621721871256122
  0.12998559292222658  0.13474656027300860  0.13982815743270965  0.14502779752155173
  0.15012532675204293  0.15495882425791821  0.15976623271260440  0.16522355399870331
  0.17090402755971834  0.17679594904049215  0.18287401922347299  0.18890958023822085
  0.19505824615360906  0.20182577437695762  0.20892902123713636  0.21651867093007701
  0.22490630628140060  0.23392310242934491  0.24348418952049028  0.25397598959467010
  0.26610484638167198  0.27965733691367928  0.29653250648035545  0.31753926139471544
  0.34461039016637801  0.38905023784841858  0.41367216823229225  1.00000000000000000
 -0.00216224511652447  0.00908149167451088  0.01833594456750728  0.02724326535427025
  0.03681283646014930  0.04728343304515933  0.05821003260791536  0.06884317047702987
  0.08039399289155963  0.09392282041667019  0.10838421160404196  0.12088716704450547
  0.13308397931343421  0.14430665547023105  0.15492372587816544  0.16538813824153434
  0.17629498079914627  0.18685835096223308  0.19615721053686622  0.20426854594121308
  0.21304394667449914  0.22274744496944870  0.23306840023075082  0.24418316377527224
  0.25482515456744009  0.26456387653270003  0.27352752910858313  0.28279697653535313
  0.29271548673939785  0.30281326012638510  0.31312758498722865  0.32433076204783051
  0.33566892839598844  0.34605285379621675  0.35588573874054297  0.36587039713012670
  0.37610906811337708  0.38628597756492589  0.39637902979024420  0.40779849082162234
  0.41996067544202326  0.43136121969006480  0.44219527543536258  0.45204219507081395
  0.46136632227773539  0.46985222043641889  0.47903241102392402  0.48869959146108888
  0.49900509515470265  0.50962268305514014  0.51955198571775474  0.52981922267294990
  0.54068059409997837  0.55271145099274444  0.56557020624219401  0.57872214264808475
  0.59330975645436801  0.60828983826783445  0.62163887534303397  0.63228012117965704
  0.64206477051319988  0.65211253988341644  0.66210751622259767  0.67139849012948860
  0.68070188950063937  0.69086000871402686  0.70292604609488663  0.71379468848198802
  0.72352088349473132  0.73413027485374815  0.74558937696660166  0.75693489552487569
  0.76810639352004728  0.77882463835868654  0.78941275841307679  0.79945135262991074
  0.80902531088397933  0.81909722388658712  0.82999144576477601  0.84036236550827548
  0.84973169781285096  0.85876841323923447  0.86684971233853181  0.87463223093550635
  0.88285836085624259  0.89177776725767743  0.90212275809410092  0.91321088723774557
  0.92455009835042412  0.93625165461859705  0.94728394535054750  0.95771531153013079
  0.96882044552726387  0.98003608065079695  0.99010092549191120  1.00000000000000000
 -0.00269025319590350  0.01127948674207650  0.02344682811002386  0.03461799452048419
  0.04586129406395709  0.05725322227988323  0.06974448503099309  0.08204695317025971
  0.09225344484681566  0.10214080935963703  0.11126926496024708  0.12020988785262351
  0.12901704006570974  0.13784550770693091  0.14745784590056274  0.15881204326072937
  0.17056720240770695  0.18131706998948935  0.19086028929394580  0.20020019514106305
  0.20991133414670257  0.21912122002194850  0.22788324207084432  0.23712876536919017
  0.24693207257165103  0.25733879760408646  0.26809281507155797  0.27850932905725206
  0.28835230234261860  0.29806459462638729  0.30805597761015269  0.31874842120199876
  0.32967283181853724  0.34080867880895921  0.35222040720891634  0.36417162306281403
  0.37614617642871262  0.38738474556021063  0.39757295793519509  0.40650006145955886
  0.41542289986476127  0.42545547220939772  0.43619708938951501  0.44704565481108904
  0.45782792177785253  0.46878574492956110  0.47990384763379829  0.49096188855543471
  0.50191741241401056  0.51245630857525415  0.52272675699512527  0.53304920439398540
  0.54350523922463678  0.55407494131821078  0.56503775201394768  0.57603218476412565
  0.58659903333992280  0.59715234429018604  0.60834945960948361  0.62014921934595790
  0.63241619174672714  0.64349367857207806  0.65359678511065511  0.66166126820916171
  0.66962419028240971  0.67779082735923801  0.68671622531681009  0.69518544322438669
  0.70345386697528767  0.71293663732494184  0.72393137752239545  0.73562816094959493
  0.74795426875184734  0.76130327468101411  0.77557530742426728  0.78901819168749054
  0.79940611709240250  0.80953288518109978  0.82003240111176623  0.83115195107605777
  0.84127481853935004  0.85088116223412280  0.86081227136844773  0.87057516738451990
  0.88183225355704331  0.89325618307125765  0.90427869769129532  0.91547921454077097
  0.92718992999287553  0.93847737053516278  0.94873356322425384  0.95869495049837083
  0.96895168016367905  0.97974225316992969  0.98955072855130377  1.00000000000000000
 -0.00475959941863084  0.01532133732847344  0.03427058646446197  0.05166484164356445
  0.06848489477025764  0.08540045776301733  0.10185982840154455  0.11698108306843785
  0.13050134913790079  0.14328122781609789  0.15421655310413265  0.16438503588102027
  0.17484984097289769  0.18570368388037439  0.19606576149106586  0.20615027309077322
  0.21553060657820261  0.22457320584668505  0.23377483159449666  0.24305567623624447
  0.25192467892113513  0.26277489683481720  0.27422937460772889  0.28673242159915147
  0.29864619956834804  0.30997510492588387  0.32067335007664971  0.33178586894706757
  0.34405793512289495  0.35601210958265650  0.36646845980415060  0.37560100979925976
  0.38430103912675728  0.39294100922426151  0.40232816510750530  0.41232014280213275
  0.42310505350263372  0.43405705981635945  0.44437172701762734  0.45436537085944839
  0.46468787189845479  0.47519730767865309  0.48508839091847317  0.49468764072722571
  0.50498746617530788  0.51632113609370323  0.52762145641814007  0.53911194066229473
  0.55134348150440182  0.56281143273049139  0.57397191866695108  0.58607434890860022
  0.59906238044975391  0.61128286571664381  0.62212960766898784  0.63283870942752918
  0.64377132742421628  0.65375081227246656  0.66305089049141408  0.67380724120414770
  0.68489968628657505  0.69463753879329559  0.70315173391347563  0.71254838751379201
  0.72209887315410481  0.73100252206202299  0.73928875890567225  0.74769646195297002
  0.75775942451963840  0.76903793645739493  0.78048901828330097  0.79110680946924961
  0.80077878652143752  0.81003231881133897  0.81883694086945591  0.82720309090288113
  0.83537970593904021  0.84359451332323376  0.85178690801639612  0.85958399195930935
  0.86717151053932584  0.87525467152790659  0.88439140904471047  0.89417792580521649
  0.90448926668401097  0.91455580957761562  0.92310392782674489  0.93091014972162500
  0.93914492307362452  0.94768377142410487  0.95618679188614153  0.96434707713627188
  0.97238870583127057  0.98066442294236145  0.99012524539611202  1.00000000000000000
 -0.00259934564424628  0.01008278993189684  0.02075498220694715  0.03183630397233417
  0.04314816744475997  0.05431308445627110  0.06538586445784657  0.07628818252195423
  0.08656794312747236  0.09621598549174762  0.10550542993466817  0.11508234467387865
  0.12497729767638298  0.13526539596674120  0.14553753761681315  0.15602794133155529
  0.16638211872712530  0.17840518102385530  0.19108004504835602  0.20393704655259076
  0.21618149898657379  0.22849590798867597  0.24109728521972934  0.25414972329441726
  0.26702410844835706  0.27766890636254049  0.28865753121177429  0.30011479450062528
  0.31152109978718312  0.32185820375644353  0.33164401404483973  0.34204308985601728
  0.35264094629458742  0.36187600631377403  0.37087423133037239  0.38029171567018355
  0.39049342118500452  0.39971203933545174  0.40843985101959512  0.41728814679295317
  0.42599748288543660  0.43454774252555617  0.44388583568104573  0.45309644760483353
  0.46230096016694255  0.47185686867891419  0.48143241072305137  0.49406537495354902
  0.50660805962937439  0.52017881182182690  0.53398354755968525  0.54585538303721659
  0.55621089624624043  0.56658365780858166  0.57721079491864202  0.58718909693758192
  0.59660360991471661  0.60632935712681102  0.61737932121235406  0.62775722591115590
  0.63710440322081818  0.64639282474712967  0.65615632231846643  0.66647953503261226
  0.67604454315894735  0.68526601574819801  0.69522606362345418  0.70610082544143293
  0.71677939720337647  0.72753443007632379  0.73846114977755761  0.74931943958308056
  0.76005695508533211  0.77092003166291456  0.78239938617155746  0.79327683526800474
  0.80276290859177923  0.81222079138184933  0.82323974997090099  0.83457396530473638
  0.84484701142538354  0.85455247642738563  0.86451140564760709  0.87456039526699902
  0.88439959433983439  0.89428722644501379  0.90505867936823436  0.91683595460812695
  0.92962956692809107  0.94230152695461633  0.95305596884460897  0.96322022454425560
  0.97272200205870474  0.98183200353751932  0.99060873202495336  1.00000000000000000
 -0.00422609714811344  0.01472267271822967  0.02596422332511441  0.03530330778083188
  0.04522695157851188  0.05615524867194069  0.06710751233518833  0.07733596942737098
  0.08741520320780832  0.09796076838135129  0.10887381832341086  0.12015740869385251
  0.13108532346409055  0.14043403846660746  0.15002699348432466  0.15956085531026981
  0.16888891442648765  0.17794558456011575  0.18725248794063590  0.19695223146422455
  0.20701037463285704  0.21923194063883183  0.23416960744800303  0.24829659066266821
  0.26102809920307407  0.27286282465002726  0.28315260403208775  0.29261553169274740
  0.30140542028875655  0.31048632802191861  0.31963125809928511  0.32852459489884278
  0.33735498002152420  0.34628489284844288  0.35545895075539852  0.36494251447605985
  0.37436203713647709  0.38278483923869128  0.39096914824488954  0.39912550849024003
  0.40766515895811334  0.41674709755891221  0.42721823073223741  0.43904802664715964
  0.45176484606692030  0.46370042077419704  0.47408550912644276  0.48463097767669611
  0.49615886989855157  0.50715026074303948  0.51727832048284617  0.52731337470409290
  0.53770592747428736  0.54744212553941196  0.55591206701681173  0.56421939338339722
  0.57310512728162633  0.58286690826736876  0.59298800712555733  0.60284558138607636
  0.61339662338012757  0.62413501830972640  0.63403566226189356  0.64336235290524535
  0.65236276179644814  0.66077635760807552  0.66883008039814218  0.67706077161018385
  0.68543621494170892  0.69425078246968852  0.70335875786950020  0.71299788856348789
  0.72343587700111600  0.73438979519046454  0.74684325673138829  0.75895662086737670
  0.77106044515465666  0.78324505423070945  0.79598497877479746  0.80892348075265796
  0.82234935224728378  0.83501257026751263  0.84713375216231113  0.85895905135259210
  0.87022900489447774  0.88189187626508359  0.89369735229049141  0.90500792272320818
  0.91643669485481816  0.92752221306010874  0.93805685666218830  0.94850255577962683
  0.95957982526938201  0.97219517106433684  0.98585757691847276  1.00000000000000000
   4.6725806103123496E-013  -1.0000000000000000     
 T F F F F F F F F F F F T F F F F F F F F F F F F F F F F F F F F F F F F F F F F F F F F F F F T F F F T F F F T F F F T F F F F F F F F F F F F F F F F F F F F F F F F F F F F F F F F F F F F F F F F F F F F F F F F F F F F F F F F F F F F F F F F F F F
  <DiscreteSampler_grid>
  grouped_processes
  1 # 1 for a reference and 2 for a running grid.
  10 # Attribute 'min_bin_probing_points' of the grid.
  1 # Attribute 'grid_mode' of the grid. 1=='default',2=='initialization'
  0.0000000000000000 # Attribute 'small_contrib_threshold' of the grid.
  0.5000000000000000 # Attribute 'damping_power' of the grid.
 # binID   n_entries weight   weight_sqr   abs_weight
    10   10   1.537067307884198E-004   3.546973561808169E-008   1.537067307884198E-004
  </DiscreteSampler_grid>
