 -0.00241748995836518  0.00994214575907581  0.02032142632468401  0.03108295127216545
  0.04187818618228654  0.05272376728819893  0.06359237566534241  0.07451642779622203
  0.08547126837552114  0.09647988323990125  0.10751214169013476  0.11859284316859681
  0.12970719133552480  0.14084608328734588  0.15199828989532052  0.16317059555130586
  0.17438511390678008  0.18563651760272612  0.19691591718116075  0.20822018626170496
  0.21954310750691025  0.23089289622128492  0.24225933508982825  0.25363509256020800
  0.26501936167134860  0.27641698004693116  0.28782351590846844  0.29922590454910664
  0.31061969562453418  0.32201948671731390  0.33342601614125267  0.34483754591509652
  0.35624262264559770  0.36763797327369291  0.37902258306542935  0.39040094940088554
  0.40176730882433837  0.41311505682363886  0.42444796901117532  0.43576806329312751
  0.44706895167628258  0.45833580015805719  0.46957042270974347  0.48077801740905735
  0.49196458165802159  0.50312441376764627  0.51425259126202283  0.52534010161985312
  0.53639266079758396  0.54740803524060289  0.55839047568196032  0.56932865043194902
  0.58021941494827944  0.59105616844785580  0.60185542193085406  0.61260997781919035
  0.62332681046281746  0.63399447117818575  0.64461990872332953  0.65519393189003672
  0.66572006885665158  0.67619530468445221  0.68662059946761000  0.69698462549991580
  0.70729316432695599  0.71754812733962570  0.72775627923961561  0.73790826634901829
  0.74800595005137649  0.75804926999827704  0.76804637391697883  0.77798927242619664
  0.78787945153723649  0.79770757215513388  0.80747958867354419  0.81719113492228390
  0.82685078296417824  0.83645770450776491  0.84600706895030664  0.85549970569664135
  0.86493545278451023  0.87432308466920161  0.88365655945847577  0.89292872668753109
  0.90213248581043770  0.91127989291304978  0.92038035847182875  0.92943637571889404
  0.93844491395420238  0.94739462881706615  0.95629043548811343  0.96513591791960862
  0.97392155037231321  0.98265678539260537  0.99133949528654308  1.00000000000000000
 -0.00245873560317226  0.00979973292684866  0.02005026471936339  0.03060299840483367
  0.04113829187528494  0.05169764837855309  0.06221706324083474  0.07272338553776772
  0.08322603491116534  0.09377516583436164  0.10434341873748885  0.11493561126244486
  0.12550236663540193  0.13609356903342548  0.14666128536948017  0.15722189234607811
  0.16778491336816465  0.17832816176681704  0.18888014357306393  0.19943368285313021
  0.20998205313318602  0.22055207824194720  0.23114047005227006  0.24173237333506725
  0.25231101701417691  0.26286704424338281  0.27343109248683456  0.28397705351050734
  0.29450694701782709  0.30506623979976560  0.31561252149625568  0.32618090998109300
  0.33672482760915678  0.34724758711478454  0.35778601790231651  0.36835537565697013
  0.37893615381490592  0.38949735539718794  0.40003862278876268  0.41061760462356861
  0.42117878067426556  0.43172451306335974  0.44227693513171445  0.45284419466461884
  0.46341157464173810  0.47393573447276460  0.48446043061792343  0.49495035125887926
  0.50542115028081247  0.51587291597782625  0.52632238112815544  0.53678000409424476
  0.54725180010667052  0.55778953732743675  0.56830803672061203  0.57884377298417711
  0.58937057878940002  0.59993864269072805  0.61045438767273963  0.62093086847711654
  0.63139325556300541  0.64185095399411374  0.65234209862081893  0.66282761072243790
  0.67332312764980062  0.68382147445865626  0.69437217882106816  0.70495006338557986
  0.71551031602983561  0.72607153708002214  0.73662388566841219  0.74722805080643750
  0.75776301372372079  0.76829368878215820  0.77880312229443949  0.78930542872366805
  0.79979136808482620  0.81024025662282972  0.82075027666502243  0.83128013248405852
  0.84187014438553398  0.85247565866862640  0.86305141771152616  0.87365549089506189
  0.88424110460966820  0.89486101746422109  0.90539556141896105  0.91591401336206690
  0.92639447688809939  0.93687308446298878  0.94737717977362224  0.95789446153224289
  0.96842047487559901  0.97892690005600413  0.98945853860183619  1.00000000000000000
   2.1731362906736413E-008  -1.0000000000000000     
 T F T F F F F F F F F F T F T F F F F F F F F F F F F F F F F F
  <DiscreteSampler_grid>
  grouped_processes
  1 # 1 for a reference and 2 for a running grid.
  10 # Attribute 'min_bin_probing_points' of the grid.
  1 # Attribute 'grid_mode' of the grid. 1=='default',2=='initialization'
  0.0000000000000000 # Attribute 'small_contrib_threshold' of the grid.
  0.5000000000000000 # Attribute 'damping_power' of the grid.
 # binID   n_entries weight   weight_sqr   abs_weight
    10   10   8.630100374725796E+002   7.530171507100244E+005   8.630100374725796E+002
  </DiscreteSampler_grid>
