 -0.00000001336449845  0.00001141855540733  0.00008480448615741  0.00024121661927168
  0.00048062318801486  0.00080462698051185  0.00118078580315851  0.00161931709165718
  0.00210814227489696  0.00266496100848372  0.00329611154166880  0.00397710656681710
  0.00469574012268703  0.00545425563612693  0.00624577077428928  0.00706359420778774
  0.00789104921527836  0.00874566010657293  0.00963668226345137  0.01052543952764642
  0.01144034456892932  0.01240156424290365  0.01333556499312491  0.01428143995505656
  0.01526789815010997  0.01630031561881992  0.01733499671486392  0.01839570613820898
  0.01951922165148096  0.02067789532408325  0.02183013999615473  0.02294709282070151
  0.02407236055806029  0.02524068474569729  0.02644123156037743  0.02766002843514262
  0.02886663105942572  0.03003274536986974  0.03121356809335807  0.03243174525273202
  0.03372851610064881  0.03505936514958293  0.03640952047189074  0.03775877100059434
  0.03909114270501363  0.04041982814878958  0.04178173129207068  0.04323682658490135
  0.04468335179850545  0.04612715502032889  0.04758746156282279  0.04906158347559451
  0.05053851389904625  0.05201441747539157  0.05345676423029646  0.05505988386084210
  0.05669693341070245  0.05834202427577660  0.05999900758541373  0.06167331347990226
  0.06335992240949359  0.06507625422261369  0.06677145566837697  0.06847414747598682
  0.07024578282920528  0.07209842596305155  0.07401069511494761  0.07597248257125515
  0.07797447784491168  0.08000939228490336  0.08206867444089631  0.08415591114592808
  0.08627010155320068  0.08838253454573052  0.09043310000639247  0.09283754340567205
  0.09538416815162393  0.09801608019210258  0.10071334087348442  0.10344147349566100
  0.10621200290184431  0.10910447704072213  0.11207785687125062  0.11508620031102028
  0.11837123216195006  0.12214514148355729  0.12620028395272917  0.13085748366923092
  0.13575294317423439  0.14090833794731883  0.14651347218181809  0.15319833724615098
  0.16286011759659874  0.17813268108322081  0.19547410421422823  1.00000000000000000
  0.00951280011843559  0.01542054906259885  0.02460317960765293  0.03570597636435587
  0.04655599159289010  0.05749525361563793  0.06875148909422603  0.08027567302789676
  0.09089885097182603  0.10116334639932681  0.11096545758417731  0.12100089779082764
  0.13055551386701036  0.14025623565175388  0.15000691340957531  0.16022431356041619
  0.17024900035212467  0.18025751512740773  0.19069292571779201  0.20179949667251512
  0.21254425655604725  0.22273111135674104  0.23283591207802212  0.24317132596098087
  0.25333683010769598  0.26378880284649187  0.27481859014625853  0.28580931195763792
  0.29629243035548197  0.30662900535930493  0.31682758613019679  0.32709996731022267
  0.33715549646634990  0.34722915968401552  0.35701861838062077  0.36673963731309212
  0.37683668291237693  0.38697152116827171  0.39716639117965125  0.40724039034115928
  0.41758108765183233  0.42845799087738001  0.43903967265636346  0.44943540683099154
  0.46013880936469659  0.47169596888660104  0.48309398872293252  0.49416961453221164
  0.50495398702467398  0.51579218226707402  0.52638348762532761  0.53680920390156861
  0.54720745803354731  0.55753964085362728  0.56821520163769423  0.57881081756604369
  0.58929876304147322  0.59950289848421756  0.60977293174963931  0.62000479953038812
  0.63021632840785158  0.64038892006317694  0.65081598611185021  0.66154619601760167
  0.67231232540655295  0.68298025515833705  0.69374557301906503  0.70455714215045828
  0.71516244048693722  0.72570000981309912  0.73618468535888493  0.74667709104288316
  0.75724124905128842  0.76793357180733146  0.77850080068966865  0.78850495751680050
  0.79869421611446034  0.80889712847451112  0.81891717434256284  0.82897035836072896
  0.83948687028292457  0.85013535656941253  0.86033093532638594  0.87018966486497418
  0.88051186598726217  0.89139797590688752  0.90165882391581864  0.91172629618798051
  0.92170870475628386  0.93195524619124359  0.94185394035637537  0.95142386313735794
  0.96086620523098620  0.97116159584867501  0.98099825192292023  1.00000000000000000
 -0.00265443649602559  0.00887617979956991  0.01931052261836098  0.02996244047192463
  0.04076929416182609  0.05134642180450423  0.06179248156488937  0.07205961372421989
  0.08240096795560124  0.09256358303606205  0.10257070526213283  0.11282627707010037
  0.12290788587978906  0.13352712684688831  0.14451594992520270  0.15551942674613403
  0.16635369804856603  0.17649940202885794  0.18656477983503805  0.19664306623522668
  0.20685026856602029  0.21766604546458332  0.22842132735208717  0.23950547873682412
  0.25035841236000955  0.26118349701622556  0.27203964677202536  0.28286145708319355
  0.29359692381400676  0.30430936356173249  0.31494624981465286  0.32548774517555334
  0.33594409333713909  0.34651620095867219  0.35701397160797643  0.36732383371649563
  0.37752912482558482  0.38787502287620401  0.39839573139853002  0.40897927868673750
  0.41952047116014457  0.42968594447738218  0.43994919353970113  0.45044220715439959
  0.46107349391852026  0.47129263576540092  0.48169733378901675  0.49259927484115856
  0.50353496627574579  0.51446544239093772  0.52513671185570565  0.53553989221805076
  0.54566872252873899  0.55562442081912600  0.56592514750227219  0.57682554786118800
  0.58787021750178226  0.59972082255658887  0.61110423358736143  0.62267585594233710
  0.63393279827007321  0.64512409845159302  0.65612269900932885  0.66696780036262471
  0.67784385604131869  0.68840385225254652  0.69867729148546520  0.70883716542218600
  0.71889845480294268  0.72918192530037251  0.73967450000441171  0.75027313989470801
  0.76085430477224558  0.77145133883677075  0.78226122154063149  0.79295296808068449
  0.80355537646393416  0.81427802788775905  0.82492077833112032  0.83508564963572074
  0.84496463312455550  0.85493651935168824  0.86508472557305793  0.87527322577775413
  0.88556633811436147  0.89587659963920052  0.90583064903406818  0.91571299979441467
  0.92567308773975066  0.93601198618569303  0.94611335099204397  0.95622779460945639
  0.96700435156455611  0.97789010633196116  0.98896779380335820  1.00000000000000000
 -0.00239867979702097  0.00921186830247337  0.01972967030891506  0.02999942607127300
  0.04059580174141619  0.05075764834294763  0.06105456926833090  0.07142063493096074
  0.08188382198634336  0.09213372963619305  0.10228362133328479  0.11226142908867377
  0.12210541790802168  0.13195214336829952  0.14195155867487128  0.15232090305468804
  0.16337371155859359  0.17378005857238596  0.18424535135023090  0.19411825020359530
  0.20424007789061155  0.21414263969389669  0.22390677231424622  0.23384497431085718
  0.24462448395537001  0.25527840558317511  0.26602815278179381  0.27673857029827792
  0.28764297394139388  0.29823677739683918  0.30801247035460161  0.31778350159367919
  0.32780012670524239  0.33795785542855433  0.34800042593121655  0.35787776541548727
  0.36788894527554428  0.37817886720278637  0.38882934485110854  0.39962688189030920
  0.41051389886258860  0.42152432206778251  0.43269479481174139  0.44339673870915819
  0.45371082163347159  0.46390360147530824  0.47419258165373734  0.48456337378381148
  0.49497683146235349  0.50538916978334003  0.51569493295825308  0.52581185857690960
  0.53581577916848488  0.54594774301160187  0.55623360833613700  0.56648686813150140
  0.57666579762679271  0.58714602789318859  0.59804352625652113  0.60886923823459238
  0.61952610310812883  0.63004002609195653  0.64053126287709061  0.65109739437159375
  0.66194990886423877  0.67315458688124830  0.68454779983379299  0.69621941375292828
  0.70802811349093564  0.71963740173488311  0.73106583372734402  0.74235163087492828
  0.75324197015674799  0.76378601522928635  0.77448828893185240  0.78536436394816589
  0.79632258531357958  0.80723802424304092  0.81833980713772703  0.82972774931510984
  0.84088865457866202  0.85203440145874942  0.86293684676815807  0.87396282602414288
  0.88497810619344708  0.89606034648292598  0.90675245397608861  0.91746181470728494
  0.92756965575557848  0.93774684376187190  0.94782237965936367  0.95817708446817407
  0.96856823965816963  0.97902529092340251  0.98961444839561719  1.00000000000000000
 -0.00313827080837315  0.01141705156122093  0.02429613896339779  0.03709305779087144
  0.04956336666966793  0.06185812057538624  0.07404292553902700  0.08583565706374796
  0.09718841365623308  0.10840499996803231  0.11962408967998758  0.13072272548508135
  0.14160048645827766  0.15214673242179941  0.16246294774932810  0.17277250066604591
  0.18316525492965147  0.19352030197108111  0.20369869629192972  0.21385317638772924
  0.22415039696230432  0.23465371692527748  0.24538077157878582  0.25635552340601830
  0.26743243616021861  0.27840214854014839  0.28929175804306673  0.30004315805911663
  0.31055387752330066  0.32080122568683117  0.33088284083681968  0.34099378308456901
  0.35111353726818600  0.36144982656539193  0.37212149361385666  0.38293155073676521
  0.39366460854384416  0.40403663420854469  0.41412792807347149  0.42414791694168141
  0.43414102841517171  0.44414814706854489  0.45407498845548266  0.46426778742746133
  0.47491383427475942  0.48600492595751399  0.49712430038995709  0.50816233883836071
  0.51886684709152164  0.52929873161678853  0.53943532969663233  0.54934598147500435
  0.55920884231685442  0.56908734200773925  0.57893106119107263  0.58877291724725211
  0.59862404758364884  0.60879292294315834  0.61904663600399357  0.62931591764767669
  0.63922754684778038  0.64920776756540266  0.65943521031214958  0.66965084149273990
  0.67989148283862444  0.69016055943308696  0.70065296771909202  0.71102295298594087
  0.72117809706426494  0.73146496859366950  0.74174531048169468  0.75187559582363439
  0.76191060664680654  0.77241944676390750  0.78308927083907354  0.79377108194727386
  0.80415314169696750  0.81462013562974023  0.82529412331557439  0.83611647581579418
  0.84712533360957243  0.85784421538609890  0.86846700703627244  0.87894899477472210
  0.88940517240124461  0.89954262462907320  0.90943189410174208  0.91958133981245449
  0.92998844812564563  0.94031130168024013  0.95044172454454756  0.96051139418311993
  0.97049417596680521  0.98042259778202712  0.99023684420239244  1.00000000000000000
 -0.00291935563783113  0.00984998573052566  0.02144892660675803  0.03346871980381516
  0.04551554733509101  0.05720736380133809  0.06854988725921669  0.07972201563185000
  0.09079855537494810  0.10187619732982374  0.11266518563492361  0.12322093764504147
  0.13396130175274240  0.14486775363437596  0.15571617293748569  0.16640333745694694
  0.17690551381844058  0.18734637212063401  0.19790612673342856  0.20864276237637341
  0.21928480215439078  0.22963534649855477  0.23967132585065382  0.24971595081970346
  0.26003655900445999  0.27054203632358986  0.28095739785040241  0.29138123453168141
  0.30178031627247065  0.31231459735139261  0.32255958021159020  0.33249323138176101
  0.34243458310745206  0.35231375071573229  0.36294224951897885  0.37416604933008368
  0.38564553601550550  0.39699512118994507  0.40775341870276360  0.41843745712970998
  0.42900922168560807  0.43943623084011962  0.44955896555924463  0.45959153117436807
  0.46969444042584096  0.47968394830301597  0.48967141862293462  0.50008741973185578
  0.51108686937077619  0.52242414354903821  0.53395395791552513  0.54536959377923633
  0.55657732728349851  0.56742505734493376  0.57784606562751439  0.58822583686518470
  0.59836439420580645  0.60886589900169563  0.61958446717725901  0.63017545551782406
  0.64065677091461881  0.65115604477541944  0.66189686606735232  0.67258892027180994
  0.68309216801072781  0.69351881105450086  0.70393121584018337  0.71466571853226257
  0.72554302788372260  0.73600965915646510  0.74602178779836170  0.75591474385408708
  0.76591270241239662  0.77597111721998779  0.78587274297366616  0.79587525265177717
  0.80613397013087384  0.81648724113607440  0.82661112817825133  0.83683010473488850
  0.84739980757579414  0.85800112077668500  0.86854823126461289  0.87911658160397699
  0.88981386333706614  0.90017282707055313  0.91008854335016964  0.91965926134729259
  0.92919042953075326  0.93914525631599677  0.94935179685460869  0.95969408528579958
  0.96974059978831073  0.97964795706650021  0.98994606230560045  1.00000000000000000
 -0.00207069186278709  0.00679158777345266  0.01553434238103239  0.02425505077580955
  0.03355832554015176  0.04284202429421607  0.05187789345525047  0.06085822472541223
  0.06954817829218406  0.07809469286329322  0.08664595030333366  0.09545074347967163
  0.10458472160357639  0.11382087351200944  0.12316681974711591  0.13249669657505608
  0.14173094132926684  0.15100182336255277  0.16033549359460630  0.17009086065698395
  0.18033020181636869  0.19062201881497934  0.20103242366755930  0.21167021618937756
  0.22229742031244309  0.23295577194301370  0.24351392641156538  0.25437001797603748
  0.26566801074232527  0.27736763754622756  0.28983263365837064  0.30294606805559421
  0.31638262178095844  0.32935036855930944  0.34172192522202671  0.35352677888783252
  0.36494856677169374  0.37603031293120148  0.38665123109369648  0.39727337876089880
  0.40823769312033859  0.41945775150126807  0.43108309558453761  0.44317684301597804
  0.45580961860859687  0.46818540316308660  0.48067763093760424  0.49347468382369647
  0.50632949975451103  0.51900866566938075  0.53146697664566356  0.54380303779185613
  0.55597328577631067  0.56828282543511877  0.58097926879157757  0.59362824288760740
  0.60600389544939826  0.61812767412539427  0.62973745561957239  0.64082809914092786
  0.65176954153314048  0.66265596704611396  0.67352140792839188  0.68435960840432042
  0.69537365530361017  0.70675095550458311  0.71837788826208948  0.72984891839612354
  0.74109222568850841  0.75220709075411463  0.76337512667428764  0.77445347683744437
  0.78547935755752918  0.79612673703426007  0.80636738569739608  0.81664677569047139
  0.82652630673928329  0.83619672756381247  0.84531040662066781  0.85436001774173320
  0.86376574573154041  0.87351517256175382  0.88355998735162489  0.89368989745271221
  0.90372134458376874  0.91371743081644785  0.92321576144526118  0.93206071765708487
  0.94072043337984601  0.94919803782227608  0.95758143956645481  0.96570341652701697
  0.97377708852871003  0.98208341195820970  0.99093486029415634  1.00000000000000000
 -0.00227774149561179  0.00873538367561447  0.01803265031909460  0.02843527613457173
  0.03899352779353494  0.04975073044438645  0.06055854442519510  0.07119618409404525
  0.08184144449554040  0.09211933326868203  0.10218665283729857  0.11219220347311691
  0.12225520680242233  0.13246680528463106  0.14273842244392282  0.15301072670277394
  0.16287051803340399  0.17259600298493566  0.18238131186384363  0.19233433602590050
  0.20232658308991119  0.21236037171891894  0.22258135795344572  0.23285839127370478
  0.24321187828436872  0.25346753968629371  0.26346497010496395  0.27329147036056728
  0.28303938568808201  0.29279426305671546  0.30239235349202004  0.31206263436989090
  0.32222833957932190  0.33282341827332457  0.34350607075166206  0.35399920860085443
  0.36434489558958677  0.37446318989113286  0.38438655059506055  0.39447103386521276
  0.40490913588742916  0.41556331735776986  0.42612513654289236  0.43676484008039557
  0.44759567580641646  0.45857623558261218  0.46949725590903324  0.48028148526759817
  0.49110522588908778  0.50193970755001183  0.51272844074872492  0.52357287176765532
  0.53467433231888084  0.54585975113747942  0.55684988199187857  0.56767504661384294
  0.57844592793932004  0.58929732141760593  0.60024912833457422  0.61108357816110459
  0.62185677399739325  0.63255624185141224  0.64291066283295129  0.65281456009155592
  0.66263228111578498  0.67292126914692074  0.68361205537978531  0.69443670878416264
  0.70569499054877860  0.71780923592211765  0.73035715428161507  0.74240356408934460
  0.75381307891848204  0.76495442641473088  0.77593917834867221  0.78716409947604005
  0.79868252319524990  0.81080748139370884  0.82263344909841030  0.83402423131565318
  0.84483548458497115  0.85533720535446400  0.86562854598285832  0.87575255373882466
  0.88572919721930321  0.89600995768533687  0.90647169066735289  0.91701519608782434
  0.92717682054326245  0.93715283580568121  0.94789681031476447  0.95860115739608842
  0.96889503184183512  0.97895303738946493  0.98933893014669694  1.00000000000000000
   1.7250244444549439E-010  -1.0000000000000000     
 T F T F T F T F F F F F F F F F F F F F F F F F F F F F F F F F F F F F F F F F F F F F F F F F T F T F T F T F F F F F F F F F F F F F F F F F F F F F F F F F F F F F F F F F F F F F F F F F F F F F F F F F F F F F F F F F F F F F F F F F F F F F F F F F
  <DiscreteSampler_grid>
  grouped_processes
  1 # 1 for a reference and 2 for a running grid.
  10 # Attribute 'min_bin_probing_points' of the grid.
  1 # Attribute 'grid_mode' of the grid. 1=='default',2=='initialization'
  0.0000000000000000 # Attribute 'small_contrib_threshold' of the grid.
  0.5000000000000000 # Attribute 'damping_power' of the grid.
 # binID   n_entries weight   weight_sqr   abs_weight
    19   10   2.349050569332156E-002   9.234568165741239E-004   2.349050569332156E-002
    22   10   2.705277790327789E-002   1.077879919962032E-003   2.705277790327789E-002
    25   10   2.736145761744035E-002   1.086417578381500E-003   2.736145761744035E-002
    28   10   2.184777741669110E-002   7.904493758290563E-004   2.184777741669110E-002
  </DiscreteSampler_grid>
