 -0.00000258886439365  0.00011480018311490  0.00048664581408333  0.00100497500451723
  0.00165974640430290  0.00237116488312139  0.00317960740253865  0.00405528411137622
  0.00498828145087136  0.00594911002254825  0.00696998955018052  0.00802401405734229
  0.00913304193918114  0.01023708224432491  0.01132007360069646  0.01244569454109756
  0.01356667043047188  0.01467736573289482  0.01580888722139614  0.01693964454515557
  0.01805250873253428  0.01918229170112087  0.02038044087456690  0.02162859327932776
  0.02289123499355787  0.02416281121395921  0.02543631921037164  0.02673666909308053
  0.02807856037758098  0.02940289468013756  0.03069879058277725  0.03199465881159844
  0.03326601188553954  0.03455175691338586  0.03586940772577937  0.03719217729271251
  0.03850154747887734  0.03982634804033539  0.04115974617526919  0.04250195077708475
  0.04382081639606233  0.04513657881766346  0.04648127178837846  0.04785548890861016
  0.04924596612091476  0.05063160313283302  0.05201352015749706  0.05340141770837117
  0.05479135026766905  0.05619828217578336  0.05760780143615250  0.05903278633751802
  0.06049048550307008  0.06197692152052477  0.06354805504742386  0.06514783261285896
  0.06676177079588315  0.06838688495275319  0.07000714875367914  0.07161323335082845
  0.07322307850600790  0.07484905576426806  0.07647327752357001  0.07814381340206479
  0.07986598652953580  0.08161991403363361  0.08340136792173281  0.08521250859895002
  0.08706590113754244  0.08893841423568762  0.09080785355020836  0.09268495191564707
  0.09460347090350014  0.09661551036907304  0.09872231276497373  0.10080858971305653
  0.10295527572996548  0.10519560899650944  0.10755208433252206  0.11007313494333196
  0.11273292057380595  0.11548674082490357  0.11830653332211793  0.12120224404654546
  0.12430014235139338  0.12760723716557668  0.13098428365337561  0.13436324340383771
  0.13847723872272488  0.14311254249051172  0.14867214195135986  0.15543917406509836
  0.16408885816864976  0.17819440550693733  0.19491173215038496  1.00000000000000000
  0.00937535642159351  0.01669641159433352  0.02638370872900878  0.03652393529751412
  0.04646847938093532  0.05676863050313542  0.06731011899771751  0.07822079977648236
  0.08919402818894917  0.10102393762467787  0.11217928836915850  0.12372399282207143
  0.13427903020375367  0.14459509394816472  0.15435797300741480  0.16375606710227297
  0.17355128241808210  0.18358101829838505  0.19375836220280970  0.20432826551156125
  0.21508812268670341  0.22626797431890541  0.23676185591749602  0.24699533444065050
  0.25721319699368556  0.26730109092968501  0.27750811434768535  0.28767678740848163
  0.29809242404993230  0.30852433957827330  0.31916610936764839  0.33005437453532616
  0.34070879354683370  0.35100850409938489  0.36124959002664547  0.37147148614890024
  0.38190607935145632  0.39252826533940299  0.40374954217552694  0.41495534333200290
  0.42578299835165145  0.43613852631159705  0.44614190116520430  0.45619116727422282
  0.46614531017919436  0.47612449494784637  0.48617007288577507  0.49623873347585534
  0.50662945782398006  0.51725603405243259  0.52813170635743689  0.53926725964371935
  0.55062546255673006  0.56209675993890174  0.57349271990617467  0.58457364189818484
  0.59521328532311912  0.60581957572949774  0.61639470367646298  0.62670012920413920
  0.63691916803107096  0.64755410325677476  0.65857108867734881  0.66951531315840229
  0.68049108731218289  0.69109210478619065  0.70137236451387075  0.71138872702716038
  0.72137125186112239  0.73119497256958677  0.74095681736793895  0.75097846852451156
  0.76116234674221839  0.77134379979167067  0.78125943341066351  0.79129848370507350
  0.80097245605013245  0.81103441025234346  0.82170706137386351  0.83247996044462680
  0.84268075998781666  0.85290529642934687  0.86381229510705682  0.87498386568917086
  0.88574094849018381  0.89629259367046155  0.90651628662083461  0.91652841530883722
  0.92678266398018416  0.93704021714584862  0.94738057075078874  0.95769478776206474
  0.96848038283523841  0.97987057383700482  0.98997153816822914  1.00000000000000000
 -0.00245517374011009  0.00930545768996300  0.02028049315267254  0.03118631707695432
  0.04221257347828394  0.05305230747538504  0.06389863855251426  0.07498371045085865
  0.08592472593606713  0.09670429076107781  0.10734582903102367  0.11777107025447291
  0.12797173377140703  0.13787757705857062  0.14812395198027242  0.15860436199419028
  0.16909643050047707  0.17923027257170024  0.18972533494300528  0.20096874400515594
  0.21240346855796938  0.22357316130838265  0.23484224527222752  0.24641108808511955
  0.25765002588962244  0.26843364147941667  0.27870108230157414  0.28887625950421619
  0.29932276987272577  0.30966938939184679  0.31994054912745384  0.33016661503471312
  0.34047857251622521  0.35092764890912542  0.36133746726135618  0.37188153173478761
  0.38228323023691602  0.39246359193968161  0.40239956643159097  0.41283432264233422
  0.42337463710454015  0.43401480343154042  0.44503697921174784  0.45598788852672800
  0.46748687084957424  0.47857331909005113  0.48903365269649668  0.49939295844493337
  0.50992361926158580  0.52021773925904136  0.53026710370370045  0.54028877165200351
  0.55040300868583847  0.56060515592616766  0.57069351661628487  0.58115230454855127
  0.59151727122969511  0.60183564459061811  0.61218336171305343  0.62240822147646968
  0.63267820869373070  0.64280334736721367  0.65285338398779080  0.66282868362077263
  0.67287995016070368  0.68312327790061389  0.69335963973669756  0.70339213382694021
  0.71415586100797457  0.72526953742639133  0.73699418230844993  0.74854937875543648
  0.75951490954551937  0.77048991390628019  0.78193471850885754  0.79332286527415885
  0.80410546766912938  0.81481717353033489  0.82532867403602073  0.83527853825054255
  0.84473146008789135  0.85481051072633296  0.86609987598746496  0.87720260751314250
  0.88721609725070871  0.89737328351347201  0.90776408777595008  0.91826143359038381
  0.92843710528210199  0.93880246473115447  0.94938479988322733  0.95968336363337214
  0.96963830564726361  0.97984605861465379  0.99000690518303458  1.00000000000000000
 -0.00231383653524875  0.00903192006656445  0.01923907592691332  0.02988595607876510
  0.04051284286431326  0.05123225863923772  0.06204502257851247  0.07293423507985423
  0.08362498720949066  0.09455269300736266  0.10560773204057750  0.11617907249399864
  0.12658274884716911  0.13739678548558343  0.14774472653853613  0.15814758141134594
  0.16831074549702751  0.17893371182292581  0.18952356103294704  0.19977420438868052
  0.21029227719423113  0.22056190454708616  0.23074823998789998  0.24108375744403859
  0.25165935763048591  0.26281544383455507  0.27359492715529676  0.28455893828477691
  0.29505987874215206  0.30518641172774141  0.31566268646393930  0.32644319513370323
  0.33751223814275205  0.34880413144571198  0.36019569740447793  0.37143394094770293
  0.38200473389520712  0.39244070769045697  0.40292252926042477  0.41353723847086260
  0.42438103205988303  0.43524052934072543  0.44565384845185690  0.45594721700032470
  0.46610072379089051  0.47641684026155123  0.48700152814733666  0.49768155765387245
  0.50846692625276302  0.51915832274465623  0.52984340282979614  0.54051794011133625
  0.55106847115762247  0.56172445177649744  0.57272961002341716  0.58387624387454695
  0.59481840716421508  0.60543084598549557  0.61583987114801486  0.62615998527958938
  0.63642808467967527  0.64687339100275576  0.65751558358574258  0.66792248218535277
  0.67791135108053691  0.68766989542617252  0.69761979359380955  0.70776112431837346
  0.71810149814453061  0.72841186835745819  0.73893075743484826  0.74962796476562599
  0.76029931931679662  0.77088289603803994  0.78154682097865225  0.79238407050358572
  0.80327219993496435  0.81405117342658206  0.82487196678555696  0.83575460041481542
  0.84676289925471260  0.85724495486196806  0.86721552389787537  0.87740873886352622
  0.88810305369925180  0.89895213275372166  0.90919329455024467  0.91908055518544540
  0.92931420877433757  0.93944998247918732  0.94958777267285843  0.95939471019134459
  0.96921688473056689  0.97931756299786343  0.98953845305835642  1.00000000000000000
 -0.00218301035248789  0.00900806122311402  0.01946257882043683  0.03023462270770006
  0.04175609001784214  0.05295416937014671  0.06386181569666463  0.07470563562161608
  0.08548091054414590  0.09638355000999016  0.10693515645488146  0.11739113587682429
  0.12799009610923739  0.13844249473106490  0.14895488175144497  0.15926378572645841
  0.16977612116202759  0.18047492101224116  0.19128358560947295  0.20195849333461277
  0.21257819019775084  0.22317530000648858  0.23371565309652020  0.24378932946344573
  0.25404464595006243  0.26447612573710333  0.27514363990513391  0.28552637835973782
  0.29576082867817610  0.30612353041891932  0.31666639737570385  0.32752398094887830
  0.33784811631482919  0.34783424975424687  0.35766051215711903  0.36774539579427346
  0.37766239139765018  0.38753577954701574  0.39770263911297710  0.40841726927784355
  0.41931958161427124  0.43000380229404339  0.44081683106334796  0.45190896644971279
  0.46342733650139756  0.47498327749705349  0.48650699361231581  0.49770828990271376
  0.50861774143143479  0.51900752317245069  0.52924193359381844  0.53972120672151191
  0.55085354996715419  0.56181496480276905  0.57181944861006839  0.58190121869702949
  0.59211658331213457  0.60220847595335281  0.61224382915175379  0.62248143305165970
  0.63278229757988913  0.64320088107720463  0.65352468708710532  0.66429534759590647
  0.67486393709032644  0.68529996336411525  0.69565167136463124  0.70625352848234668
  0.71682461682329224  0.72767546144140138  0.73843635831123511  0.74902946543785331
  0.75962506174267441  0.77005711183195413  0.78035252175346914  0.79061966572360887
  0.80115560379623152  0.81190761095104347  0.82293544942598540  0.83411492231302431
  0.84541715454336597  0.85643748873139669  0.86654815929933116  0.87665263281000849
  0.88658505289996647  0.89673505991288727  0.90670629129996905  0.91676169384184125
  0.92714235711629345  0.93760742672942143  0.94870197521437771  0.95946199995170212
  0.96994309704811299  0.98012152456406343  0.99005776301946480  1.00000000000000000
 -0.00264193973189405  0.00959966529482512  0.02050416337177432  0.03094540793953463
  0.04143437585064449  0.05221126868789754  0.06304273109359163  0.07396023331416433
  0.08458749244235531  0.09536214626054294  0.10595455392914657  0.11678157921378987
  0.12724510734627098  0.13757808851246978  0.14787436897115891  0.15830496461667601
  0.16874478519893824  0.17890313733171437  0.18929299175632616  0.19980699661655693
  0.21029463327127390  0.22067939264267586  0.23129887659836260  0.24189570062901417
  0.25277493366824466  0.26344874249948147  0.27422101477276989  0.28473797934882117
  0.29510502704895630  0.30562194869242498  0.31665182372367728  0.32766502744999815
  0.33846537088920409  0.34914077289726786  0.35996327878080248  0.37101939129155276
  0.38236347742249543  0.39353190204704858  0.40405415315218746  0.41414445454156518
  0.42408985121967308  0.43409601520538177  0.44414379734204762  0.45399986688566857
  0.46400037941952293  0.47419368241605203  0.48473174888031523  0.49559941996265189
  0.50648889566175292  0.51742750037694440  0.52882641163472488  0.54035647067368997
  0.55155549800809334  0.56255564203410979  0.57343617990680951  0.58436848719935830
  0.59502200771441938  0.60537435801072381  0.61546075189679084  0.62568539047455118
  0.63597222617225513  0.64624402720749419  0.65632335651027018  0.66686337060420819
  0.67807058610787430  0.68921079961554799  0.69998912704947092  0.71042708512154307
  0.72053087391490578  0.73038826725763306  0.73997358279077963  0.74980495157964544
  0.76000866446594262  0.77043324191529450  0.78084394757518349  0.79154642091791916
  0.80256160195914761  0.81347258601363059  0.82387420095123065  0.83412122594229832
  0.84462686776342333  0.85505069118428723  0.86534796648192147  0.87558906852815432
  0.88588432741523326  0.89615828826904165  0.90644699941406814  0.91677384083699609
  0.92739218918528021  0.93774343795434822  0.94806281782246593  0.95801471098872026
  0.96834479420902386  0.97883719168129568  0.98954019884809141  1.00000000000000000
 -0.00185609941610485  0.00673608387299321  0.01465555899011463  0.02320517844410216
  0.03174691519866234  0.04031382175274170  0.04879429163942610  0.05708449262102151
  0.06550849008487708  0.07404457592959215  0.08279152375984132  0.09187520268893007
  0.10130614464154261  0.11119301294731616  0.12113394604407182  0.13111997831293776
  0.14124793958965803  0.15160665250528130  0.16196575371048388  0.17191875324367412
  0.18175201549819800  0.19163376303280780  0.20157947650851279  0.21176997664214028
  0.22228036538842713  0.23320821268837250  0.24427220434295183  0.25553768482551814
  0.26699863626200915  0.27871485767058490  0.29085195971218930  0.30328059043878813
  0.31567062289741260  0.32809244242553209  0.34069541375108076  0.35337797239741442
  0.36587582850914674  0.37819246689496749  0.39050700573242780  0.40294062873552222
  0.41575160409350970  0.42885320992236653  0.44171831459868283  0.45436758590731641
  0.46718001194791897  0.47989476646487317  0.49218559661112443  0.50434016806684945
  0.51668080870018107  0.52918777394809580  0.54154755812774846  0.55367746574074017
  0.56575737945615023  0.57811873851611384  0.59059560956161439  0.60310762209467583
  0.61607453907503718  0.62846028911398311  0.64087427149449194  0.65272627303491337
  0.66413219078118468  0.67506386885369274  0.68604765482931385  0.69674692807299765
  0.70741123098360503  0.71806264941677800  0.72867258772416310  0.73890778807531610
  0.74897562517141547  0.75946676715577577  0.76987052060382433  0.78018757997587851
  0.79046427649233442  0.80110699853257139  0.81180841783799085  0.82257693595054460
  0.83327356764836380  0.84303349315377329  0.85219946003242530  0.86077992433373562
  0.86927850381556515  0.87788046073272075  0.88661689180421499  0.89540329482671510
  0.90428910110499461  0.91300158836419776  0.92165168373561257  0.93031432097626110
  0.93901084706999216  0.94794993502305502  0.95683641234833638  0.96550250865125731
  0.97410734746917238  0.98266196983678589  0.99123748235086573  1.00000000000000000
 -0.00230696191314720  0.00919045678450872  0.01916974604372396  0.02973770379411972
  0.04003963278885826  0.05069934588381925  0.06123749288602302  0.07192448415526755
  0.08277771774510366  0.09379527154460229  0.10487771067477915  0.11535944268521386
  0.12593704650179449  0.13773571437164644  0.14920872596551712  0.16040998398466141
  0.17153751535385350  0.18350451445609622  0.19449794745160978  0.20566810580665001
  0.21654919171447326  0.22758731885249994  0.23803512564754992  0.24858697757030915
  0.25954857802705311  0.27065052070165974  0.28145192771295297  0.29193552822386143
  0.30224215644602909  0.31270060874575806  0.32281122534059747  0.33291368973148178
  0.34312675240241841  0.35371446312553811  0.36432290340686213  0.37475905712550811
  0.38524643081280763  0.39538226317716946  0.40532584777875558  0.41540421033472269
  0.42633133575275878  0.43714150200625940  0.44786397028810532  0.45907064930205183
  0.47087345288732302  0.48243492809574517  0.49331862537832999  0.50383073838576475
  0.51432272325426343  0.52456557338817122  0.53474242875197453  0.54506472349226120
  0.55587841445876085  0.56667912633244177  0.57711159061746631  0.58796994261270330
  0.59901217384382954  0.60972814991370139  0.61996763778579500  0.63027607749726944
  0.64047959040451896  0.65084565528530747  0.66104590743936276  0.67130621890724895
  0.68171006312141902  0.69234421548017888  0.70333009841248872  0.71398717154224989
  0.72442339754276408  0.73476848994472299  0.74489961931805104  0.75457722525118542
  0.76388538919966520  0.77340307845793954  0.78307688332763548  0.79251028089969455
  0.80236539992755673  0.81260151486851051  0.82327002125249216  0.83348905124541450
  0.84355242325658220  0.85358703951834991  0.86359027016240741  0.87385057388008280
  0.88423188482924486  0.89491416133310298  0.90548307571823405  0.91637959196622631
  0.92686987916356556  0.93720706666546794  0.94741991413826332  0.95797522370973032
  0.96861385927617516  0.97898268347002426  0.98942047353677098  1.00000000000000000
   7.1281130570900242E-010  -1.0000000000000000     
 T F T F T F T F F F F F F F F F F F F F F F F F F F F F F F F F F F F F F F F F F F F F F F F F T F T F T F T F F F F F F F F F F F F F F F F F F F F F F F F F F F F F F F F F F F F F F F F F F F F F F F F F F F F F F F F F F F F F F F F F F F F F F F F F
  <DiscreteSampler_grid>
  grouped_processes
  1 # 1 for a reference and 2 for a running grid.
  10 # Attribute 'min_bin_probing_points' of the grid.
  1 # Attribute 'grid_mode' of the grid. 1=='default',2=='initialization'
  0.0000000000000000 # Attribute 'small_contrib_threshold' of the grid.
  0.5000000000000000 # Attribute 'damping_power' of the grid.
 # binID   n_entries weight   weight_sqr   abs_weight
    19   10   1.925531496836738E-001   6.885721648749681E-002   1.925531496836738E-001
    25   10   8.795083178652954E-002   9.748188535218217E-003   8.795083178652954E-002
    37   10   9.576967846348602E-002   1.234383924609735E-002   9.576967846348602E-002
    43   10   1.775257943916015E-001   5.285660049503364E-002   1.775257943916015E-001
  </DiscreteSampler_grid>
