 -0.00000001349982044  0.00001114659179301  0.00008040045462631  0.00022615248688973
  0.00045726541401938  0.00077163703719638  0.00114220753814034  0.00158226224271204
  0.00206971984187277  0.00259798581640536  0.00318418838485412  0.00382002420272284
  0.00449106421025801  0.00519654501696195  0.00594055866860233  0.00670854136499886
  0.00749188513193399  0.00829123249482311  0.00914841392073189  0.01005037172061780
  0.01096468228245948  0.01192997574752853  0.01294113161272185  0.01395287893429093
  0.01499506586256926  0.01604843462275013  0.01708756686141256  0.01812079261923602
  0.01920203478675399  0.02036478544236231  0.02150896609987429  0.02264175036239225
  0.02375622864057374  0.02492203024824134  0.02612443922626598  0.02733055035812776
  0.02854147853838798  0.02975545453042212  0.03097308798504331  0.03224540090998807
  0.03358250100984538  0.03492676119353777  0.03627052478948678  0.03761535797490364
  0.03894560118264637  0.04027058544312789  0.04161458339348879  0.04300213089122036
  0.04446206516884155  0.04590393114017092  0.04735005913247640  0.04879873779193810
  0.05026046315222153  0.05173704702899342  0.05322201112127688  0.05472213486802706
  0.05638291048709212  0.05805659627504185  0.05971982293257680  0.06137993453629823
  0.06305087524133564  0.06473847564185886  0.06642666645969618  0.06812121428717892
  0.06978106920617776  0.07166946984497495  0.07367041030001843  0.07567042276551210
  0.07766661811251524  0.07970228999167238  0.08175301331279655  0.08384637519304787
  0.08595683969416711  0.08805491535728771  0.09015507249188279  0.09251081171037923
  0.09496272772015119  0.09755502633408944  0.10024658818992714  0.10298471576748248
  0.10575811290239051  0.10868662613525387  0.11164901339891034  0.11461853059419896
  0.11783135329239990  0.12144121328137598  0.12539767882154801  0.13012856648651838
  0.13517846945175524  0.14059013000049819  0.14646706193787937  0.15337233880559051
  0.16319648584185464  0.17825320512402057  0.19525997342259799  1.00000000000000000
  0.00957462779271998  0.01624972603661955  0.02418925760446740  0.03355020740246908
  0.04338957086175250  0.05446823364116810  0.06557709795939970  0.07706222405325136
  0.08830506110606702  0.09926499903652039  0.10955788171216110  0.11935668099427395
  0.12894361386110428  0.13853635356056979  0.14848740165190794  0.15899121007655895
  0.16984840210116045  0.18089491773434188  0.19187400883858369  0.20266506527625641
  0.21337962813491521  0.22404505526079524  0.23394782534653730  0.24349808199127332
  0.25305145868755641  0.26301788401976928  0.27312726837165546  0.28299584868443167
  0.29272684980065938  0.30249355464473277  0.31237033156578597  0.32242178706517077
  0.33260777756294468  0.34303553157312500  0.35353014803483129  0.36382344766783575
  0.37407004305936292  0.38456714890656479  0.39480327137756077  0.40471519486853436
  0.41439365699743469  0.42448264253730578  0.43452425243311099  0.44453055002358977
  0.45487511616369641  0.46531851221438086  0.47585316999048988  0.48589727176273223
  0.49584778915907435  0.50584058302306922  0.51617704439534506  0.52681676174609449
  0.53726856737703044  0.54754964044914778  0.55752078976631592  0.56741463684470528
  0.57716880858107267  0.58705200327716134  0.59750706625555094  0.60763445567509844
  0.61792301773798219  0.62830933903481045  0.63943459193940333  0.65060290585581926
  0.66144834818394971  0.67237093855129804  0.68351652899976456  0.69478635396880095
  0.70620211043530401  0.71694209848369039  0.72746235165128104  0.73770060862186582
  0.74793191816610938  0.75812498722307220  0.76824121266604994  0.77863719216217442
  0.78914416967820633  0.79967900871990749  0.81023633968594366  0.82060439812437458
  0.83096111160395580  0.84132416716161051  0.85171247145070905  0.86241700282655775
  0.87343193675654562  0.88462456062985773  0.89593474314703925  0.90716226444261328
  0.91801366487895930  0.92824127752344354  0.93844309862418185  0.94851332143961009
  0.95888428489994848  0.96970215636864965  0.98038431057987707  1.00000000000000000
 -0.00239446908790735  0.00870956437079958  0.01850983807773832  0.02900464574655817
  0.03998458035849092  0.05118667712138136  0.06246906910980515  0.07370173583153521
  0.08466856043812684  0.09551973199479949  0.10619306970363242  0.11682368274677186
  0.12770551767883556  0.13876877704012022  0.14953555019242512  0.15977100945248895
  0.16966096822679133  0.17914328648275821  0.18859388744124025  0.19812963303309328
  0.20784998824957579  0.21778379033083498  0.22800095445255297  0.23863311439097681
  0.24923204436967106  0.25969288517018185  0.27004330070853377  0.28040571205741038
  0.29063298575585167  0.30047178901567373  0.31020795649162702  0.32019011331475283
  0.33051212277853315  0.34104980900963566  0.35167504651562204  0.36237586767022367
  0.37308395794065718  0.38369684594268705  0.39426941608888455  0.40479806580430067
  0.41515595608298062  0.42557332700023359  0.43611051278737761  0.44643188063971490
  0.45655746947076375  0.46665205304538493  0.47693024236312631  0.48766061693682183
  0.49828831609176216  0.50883580965502373  0.51935922130655299  0.53062283575174840
  0.54188705975441387  0.55275171105046683  0.56353413003970754  0.57446259993834348
  0.58513026745072239  0.59534402983316825  0.60544779580937158  0.61539451272420898
  0.62535202381527355  0.63503832577471808  0.64484057056814581  0.65500299000288542
  0.66542780424934600  0.67569245579821791  0.68590556726786844  0.69594740351499895
  0.70650571968411868  0.71701078742128488  0.72777430197986892  0.73840014128623110
  0.74934461549944986  0.76070441993228965  0.77215913943150716  0.78297418007741892
  0.79392091301520018  0.80454681542904449  0.81533965097888073  0.82615964507551554
  0.83713509485917748  0.84804982989194699  0.85899619110194025  0.86974551429282743
  0.88014290415778085  0.89049356534271096  0.90115900177032560  0.91225910676485678
  0.92331343560516399  0.93454110445429373  0.94569595137397144  0.95692247322490720
  0.96771356509075546  0.97864143604300580  0.98935282618876952  1.00000000000000000
 -0.00244490937422974  0.01006088220723927  0.02017273832129414  0.03069399882975362
  0.04144895158568150  0.05219268126538429  0.06281197556441157  0.07353716509987807
  0.08442931806163059  0.09526115906482929  0.10593212333148537  0.11614745472644039
  0.12669327214416815  0.13664315722594300  0.14648580791186969  0.15616451707359882
  0.16592240441336609  0.17597946712150839  0.18640312807062370  0.19695552827854557
  0.20783420669957406  0.21855339727787126  0.22951337658406437  0.24121396210707377
  0.25341405583789989  0.26563311095167064  0.27684940603829522  0.28703141041307839
  0.29717615310905082  0.30730966158254008  0.31776594381874412  0.32814769089045587
  0.33860181531683092  0.34935383282805493  0.36008580956222308  0.37070600985624491
  0.38144757473701629  0.39254955885379295  0.40363989235039111  0.41468747610281248
  0.42531804065963691  0.43576580692493239  0.44595446610795120  0.45629058884104745
  0.46670440888146164  0.47727249780014291  0.48783959565228308  0.49813625088377422
  0.50824067980842125  0.51805048726617164  0.52825550089118689  0.53869614608529182
  0.54896485717574239  0.55902463058819418  0.56916672174820238  0.57937912225401667
  0.58966277788203669  0.59979624138560850  0.61038244884664761  0.62103317272357939
  0.63164656427916344  0.64201208100266260  0.65239502014451656  0.66233481665325733
  0.67225645048116711  0.68221399690446960  0.69234815570433195  0.70228086597925987
  0.71215423609062245  0.72264160371566633  0.73365567726560077  0.74472742218659693
  0.75571659546668712  0.76656942837659736  0.77772929433701621  0.78887012390491185
  0.79950476768251166  0.80994308609503063  0.82054989119981914  0.83127995653983566
  0.84201673948717126  0.85274960602284411  0.86345527189207782  0.87369242668133640
  0.88330521009146579  0.89267937299908173  0.90253791529889527  0.91263696716057618
  0.92313840560652982  0.93401765398712255  0.94558161384756834  0.95809992540974231
  0.96859131007133403  0.97939318438011813  0.98967160226147333  1.00000000000000000
 -0.00223936815700805  0.00928254572415225  0.01914800123011948  0.02974779657464631
  0.04056127971465556  0.05191406583049264  0.06305895945246365  0.07343519334697531
  0.08343050723094363  0.09334363972295784  0.10341267181846606  0.11349238037123681
  0.12328578147480196  0.13318938948429415  0.14316918581388008  0.15312305334328580
  0.16353873511956193  0.17428146832122354  0.18503630112953690  0.19577807022855545
  0.20665329657161960  0.21784750624136906  0.22921267489907854  0.24056839939359187
  0.25188039363232734  0.26295475555735026  0.27412012207986630  0.28532040668389463
  0.29614162522391696  0.30643193099593258  0.31671244573362639  0.32709831446994342
  0.33755562719338617  0.34810679219154866  0.35906624688341987  0.37044382944318416
  0.38129166817456700  0.39163744853738985  0.40244414104379433  0.41320704699148531
  0.42375884590046120  0.43389408175525362  0.44437806454546808  0.45514992546089023
  0.46590919672525316  0.47670612505017002  0.48767077461453234  0.49876423853040003
  0.51012326894659521  0.52139956999002945  0.53249893115271008  0.54341929928682597
  0.55386591737012858  0.56388921606085785  0.57350459979591717  0.58327507434439996
  0.59326304648423300  0.60326364700085944  0.61319033033052717  0.62301509794963605
  0.63287289517483403  0.64273919733788798  0.65276405891689337  0.66291958099289128
  0.67343106903352679  0.68435199101763744  0.69550117350752638  0.70660628607281351
  0.71712485575261264  0.72778448330005396  0.73901089253655905  0.75031865547278798
  0.76131274993203391  0.77183970642666366  0.78267669299130038  0.79321613709364591
  0.80346060546878695  0.81396104279502279  0.82444225747873268  0.83502825125605296
  0.84548295046727806  0.85616299041507993  0.86704708594715563  0.87775904059462639
  0.88877382303709507  0.89907200835306988  0.90873041316179459  0.91836295276915325
  0.92788822927994197  0.93735361565285769  0.94689150603259287  0.95650467499957825
  0.96725689525147018  0.97834385424657277  0.98916006715993543  1.00000000000000000
 -0.00267114163161702  0.01034097624486622  0.02098659165771936  0.03172337350006630
  0.04226410561188725  0.05297956077816242  0.06345430103934654  0.07403123010803531
  0.08417789408075005  0.09428692901433090  0.10450178369891926  0.11500034334180795
  0.12553092748075620  0.13549103080759339  0.14552851339993966  0.15557689913503342
  0.16561195377934548  0.17523788613333402  0.18483508220535652  0.19482939916602748
  0.20493790806445814  0.21523602869899375  0.22587134679966098  0.23679696123818450
  0.24785040255674612  0.25919726506719709  0.27061629379372115  0.28183224023439080
  0.29278283020474927  0.30333477967323241  0.31400267029633011  0.32426775167871130
  0.33472700830979979  0.34477912902421959  0.35491694253440398  0.36507234695316404
  0.37507572831541908  0.38497800295128387  0.39482721413266270  0.40513942050428264
  0.41544533624697827  0.42569757314437040  0.43573122939692371  0.44622254079019036
  0.45699573082938311  0.46750784430175496  0.47803062448037931  0.48880854287014658
  0.49955087989713037  0.50981234411591203  0.51966014690072049  0.52961018194260878
  0.53955951532960855  0.54993830213256478  0.56029272610784897  0.57055868047936820
  0.58081936481213647  0.59108853211764478  0.60140076003715470  0.61137618394342019
  0.62130752794123778  0.63155843625059249  0.64202286101394201  0.65279511413774471
  0.66377461522367442  0.67511570169834278  0.68648129273149261  0.69754121248921730
  0.70806001030757648  0.71856901434183074  0.72948257258142191  0.74077467968010835
  0.75219799700387213  0.76361851822044347  0.77509196142588532  0.78604204499308616
  0.79734379294323088  0.80826382521390183  0.81904933951186132  0.82944556938411196
  0.84020198353366182  0.85106490435500903  0.86166069522555366  0.87196598713790885
  0.88256814940612616  0.89317907836450772  0.90387421426558445  0.91462170166877788
  0.92546321891714256  0.93667095452407811  0.94791001823828502  0.95889283689026061
  0.96908225689605754  0.97922647534180163  0.98954068907124726  1.00000000000000000
 -0.00213738942181444  0.00787676979364932  0.01661138782978199  0.02548658306427867
  0.03428193402775098  0.04313896961795633  0.05206993447432193  0.06098518355303898
  0.07000243459496566  0.07914763677827248  0.08847609709574086  0.09792141866510867
  0.10724158776071041  0.11639594015193463  0.12572650086711509  0.13552074248392651
  0.14565763056088585  0.15580146450780866  0.16577950137908984  0.17591315786174000
  0.18617609599309221  0.19642010011613753  0.20668464686415564  0.21723206783050811
  0.22784344934100892  0.23828874561587529  0.24914951480555000  0.26078006336331083
  0.27270431170029896  0.28407892058850776  0.29540970220418650  0.30695800236807680
  0.31845637096914287  0.32988527254870148  0.34156843766526346  0.35357690070611048
  0.36538790137310689  0.37713050332122316  0.38895540097757431  0.40092545006757085
  0.41276731407975753  0.42434207652416012  0.43588312352199654  0.44773929265222029
  0.45955156489481142  0.47127355000809473  0.48289794881522430  0.49466229549421664
  0.50677205513385470  0.51906803924604372  0.53116076602465467  0.54341055331717469
  0.55616104082213058  0.56890733460606724  0.58131756749854313  0.59340448691271575
  0.60507408970327303  0.61654051356040052  0.62800428635883565  0.63952695255707570
  0.65130358573257063  0.66333266483699027  0.67547846946627066  0.68733027601632435
  0.69836054268066761  0.70920236114721813  0.72009742501536966  0.73101872323705519
  0.74165603673918301  0.75200225436949952  0.76226007266777518  0.77251130206487972
  0.78288603396255618  0.79282799425733619  0.80238213689348226  0.81180477425403574
  0.82169647169531124  0.83192501367009120  0.84261973166246351  0.85352914419733228
  0.86455392938209497  0.87518606554307976  0.88538480481317972  0.89504177745830849
  0.90432938032513410  0.91336565267173464  0.92223904631896514  0.93078267506089107
  0.93927234948940963  0.94786106432042627  0.95645658015131452  0.96534455100105077
  0.97418375964608062  0.98296679414943910  0.99146767078738884  1.00000000000000000
 -0.00245468807678500  0.00915336195007322  0.01904951190921022  0.02917960693396471
  0.03960652800990186  0.05039147570796114  0.06147488046638520  0.07224516098914541
  0.08291898544611978  0.09362102189724589  0.10438572304384347  0.11560668153028739
  0.12686295689340377  0.13758574231887274  0.14798467808542518  0.15861605248692240
  0.16905159510736534  0.17911118236726545  0.18920504852784339  0.20009505970656721
  0.21094695799166083  0.22173697152317992  0.23280439813979917  0.24391755040936572
  0.25498039648649851  0.26593277795396353  0.27665224997260141  0.28707258056105206
  0.29766499387617940  0.30832365729086519  0.31892910295759086  0.32966325372689842
  0.34062328014179410  0.35153601200851053  0.36236268529051835  0.37321627383143835
  0.38370294234639390  0.39409278175516216  0.40473417191105304  0.41554199456042562
  0.42587871396857857  0.43590716687622988  0.44638589860016742  0.45718248863787958
  0.46809791058587480  0.47878421948033278  0.48954914401238042  0.50041397362931961
  0.51105926797349976  0.52165924736885949  0.53171612466012752  0.54211655473494058
  0.55235000588876126  0.56283250633945103  0.57303633304173618  0.58325436856511548
  0.59377587199518311  0.60404067109732162  0.61400045821895788  0.62388678329283342
  0.63381168011036659  0.64380029663384286  0.65366604954531615  0.66383364944640832
  0.67412951735471482  0.68454369894444944  0.69466095367556846  0.70459778566206477
  0.71464350301426993  0.72472589477166471  0.73469944821354705  0.74463933092299328
  0.75481837714978062  0.76541471217123858  0.77624187421851565  0.78715624367668546
  0.79801280185430123  0.80880183652212867  0.81929797638355750  0.82946227941794026
  0.83966784016122664  0.84987643808291891  0.86026375038412506  0.87087418936054017
  0.88181572411190245  0.89273076597763124  0.90325540732649068  0.91350079217494629
  0.92396221176780402  0.93421272320912652  0.94456716126365414  0.95511511280554962
  0.96620364288920058  0.97738543402589206  0.98868421548087515  1.00000000000000000
   1.7278225530693908E-010  -1.0000000000000000     
 T F T F T F T F F F F F F F F F F F F F F F F F F F F F F F F F F F F F F F F F F F F F F F F F T F T F T F T F F F F F F F F F F F F F F F F F F F F F F F F F F F F F F F F F F F F F F F F F F F F F F F F F F F F F F F F F F F F F F F F F F F F F F F F F
  <DiscreteSampler_grid>
  grouped_processes
  1 # 1 for a reference and 2 for a running grid.
  10 # Attribute 'min_bin_probing_points' of the grid.
  1 # Attribute 'grid_mode' of the grid. 1=='default',2=='initialization'
  0.0000000000000000 # Attribute 'small_contrib_threshold' of the grid.
  0.5000000000000000 # Attribute 'damping_power' of the grid.
 # binID   n_entries weight   weight_sqr   abs_weight
    19   10   3.167272987387298E-002   1.601742439765779E-003   3.167272987387298E-002
    22   10   2.511223230615173E-002   1.268875163656762E-003   2.511223230615173E-002
    25   10   2.783120638230863E-002   1.889263422410784E-003   2.783120638230863E-002
    28   10   3.076762184803889E-002   1.364249141087165E-003   3.076762184803889E-002
  </DiscreteSampler_grid>
