 -0.00000128555160905  0.00023321498712901  0.00072742768435779  0.00123209825509698
  0.00172468473702785  0.00217923497684916  0.00260127307380716  0.00301874635570556
  0.00343011338812397  0.00382295358900056  0.00422440867373355  0.00460961536699567
  0.00498687968058209  0.00537002907006459  0.00574708986140797  0.00611942884660923
  0.00649069065156367  0.00684968395429621  0.00719350107365115  0.00751771832222737
  0.00784409182564375  0.00817828031839008  0.00853338622816112  0.00888756358912407
  0.00922908918139286  0.00956245224728491  0.00988578337739155  0.01021360791594133
  0.01054444712568516  0.01087200399550031  0.01119829748224661  0.01152341096716427
  0.01184309736967944  0.01215495389843998  0.01247248993421714  0.01280226688378554
  0.01313499574713682  0.01348009540035364  0.01381743842498752  0.01413921414092669
  0.01445508812244603  0.01476477488129834  0.01507166612999416  0.01538817504469343
  0.01572198032441170  0.01607407673680223  0.01644214741747775  0.01680797792142220
  0.01715480332221938  0.01748737312430462  0.01782575926005836  0.01814994392920550
  0.01845466460574279  0.01876600977868248  0.01911181955436185  0.01945901529836735
  0.01982121007871013  0.02019704319288155  0.02057184327765296  0.02094586356462693
  0.02132025411360384  0.02168907501563143  0.02206672671939366  0.02245455475162335
  0.02284346476729412  0.02323136102019461  0.02361857325685809  0.02400499773576139
  0.02439097276598002  0.02484729486359001  0.02530251166989636  0.02575979271296883
  0.02622282186343147  0.02669394655432258  0.02717824329652210  0.02768525305341460
  0.02818907601258076  0.02869212260023623  0.02920584371359688  0.02974131508834221
  0.03030532656615916  0.03090057566609920  0.03150222439421971  0.03211894833606364
  0.03296534089556798  0.03385033319297905  0.03475176337917458  0.03569102077539456
  0.03669954210226341  0.03779398782921931  0.03898933548776988  0.04036929007844297
  0.04230257978001277  0.04560001649028556  0.04821805417023819  1.00000000000000000
  0.00983400104410597  0.01492012469538952  0.02158812942742600  0.02978774633225825
  0.03860499397370867  0.04786130817801187  0.05779782906446641  0.06830829138642468
  0.07913112873331769  0.08938933787052390  0.09941572964219157  0.11090795379767568
  0.12286800688205569  0.13363295075001799  0.14330308193742708  0.15303905359149436
  0.16304914235630558  0.17335919321121090  0.18348220308418464  0.19383726958752670
  0.20418654227265298  0.21365181159484292  0.22301232845497593  0.23256078367081007
  0.24209529630839760  0.25189207200465125  0.26297926242656061  0.27443693121588630
  0.28555232744738845  0.29617591331514209  0.30640446080668554  0.31667345552472176
  0.32699115703748116  0.33747366533651246  0.34943535237251994  0.35898389927517249
  0.36839861638457932  0.37718602043188226  0.38589810279316039  0.39444140953058604
  0.40337506107732801  0.41260577348512728  0.42253017440203022  0.43398175587575483
  0.44519294023012040  0.45656601429070653  0.46777276479539115  0.47895532363606275
  0.49027429264954187  0.50152007270107812  0.51332042562828095  0.52431428322111640
  0.53482826051548393  0.54552790340582424  0.55624351830971153  0.56636698802762508
  0.57586427925209638  0.58592399925444405  0.59602571428758755  0.60609983904393494
  0.61604019954719214  0.62432427342966890  0.63398193407999570  0.64339387162407025
  0.65622231850562396  0.66822694289291951  0.68065419226098456  0.69285053266058383
  0.70430580417787370  0.71513930547659033  0.72550781767171746  0.73605565808508955
  0.74722653573984887  0.75900480195422948  0.77158757761313890  0.78482554718284880
  0.79732451431918527  0.80877692302822535  0.82001112703092438  0.83176249498139532
  0.84405430929224534  0.85790181787039577  0.87270992887472065  0.88417971211347024
  0.89475462906442527  0.90496675254683678  0.91504049816596844  0.92526206852440596
  0.93536114488657685  0.94599747077762486  0.95667825676699769  0.96713186978423837
  0.97564735693871696  0.98400764496650006  0.99070222878871472  1.00000000000000000
 -0.00001764409763056  0.00019086649940951  0.00050392402022962  0.00096575654765279
  0.00146487623498907  0.00215498789498791  0.00297696177559211  0.00387034289859392
  0.00505161774988903  0.00622759074655660  0.00739008996749977  0.00864899507687078
  0.00992548447284308  0.01118210788463701  0.01250176610098599  0.01397358287872495
  0.01556333356563493  0.01727668374512266  0.01923192086028550  0.02151037703032266
  0.02382414030861407  0.02605415675703909  0.02839834056422579  0.03071807087899671
  0.03298370470320359  0.03520742251153450  0.03747756116457342  0.04010184207375931
  0.04320079674192058  0.04660338256064964  0.05022583589307870  0.05400164431609244
  0.05780044989467138  0.06155677435007338  0.06533929350481163  0.06909997644275802
  0.07263088340672767  0.07591883768884435  0.07978492203262011  0.08376964263283128
  0.08765265714449771  0.09140913396751682  0.09511475397847036  0.09878921525603791
  0.10238320324969144  0.10594843790067145  0.10985499887910137  0.11388570834617397
  0.11788561377498795  0.12177285355968778  0.12589962931570356  0.12994257430887549
  0.13438203663132170  0.13895744974633945  0.14341148054969613  0.14796956550248266
  0.15265131416556851  0.15699105539807845  0.16200485293907935  0.16751135235265749
  0.17381999098847392  0.18066115342406691  0.18784833100835005  0.19511669419870342
  0.20237075954545014  0.20977796090668183  0.21731015139236162  0.22514652342188474
  0.23326692097249491  0.24156544105521011  0.25007575532857085  0.25880897535225506
  0.26773155459225756  0.27706202341776881  0.28733810632164036  0.29822806464053159
  0.30924967354969235  0.31981162307242050  0.33002161218468068  0.34056167957325034
  0.35181525573131583  0.36367567806544004  0.37606220197713813  0.38949761142262185
  0.40374196977587229  0.41616608593670362  0.43907319025621322  0.46414851128339457
  0.49051366919435635  0.51775932836063443  0.54685703469350044  0.57915591498495267
  0.61798855619304394  0.67494772626281252  0.78575681724854440  1.00000000000000000
 -0.00229270401306585  0.00969919021088980  0.02059680896737403  0.03108497010968647
  0.04159276276979401  0.05190906777473578  0.06268623890058850  0.07516322096729991
  0.08702806749152692  0.09791168483686191  0.10866563341685490  0.11954431115283620
  0.13017996449316124  0.14078200251465584  0.15160021217442546  0.16255454455055773
  0.17298040337207019  0.18327463218497725  0.19395307761043848  0.20472611952282113
  0.21518642556571640  0.22561986017697719  0.23679637663104039  0.24858910169134849
  0.26022076210334083  0.27425521977088657  0.28947270694253113  0.30392944836426977
  0.31773249431074518  0.33083039900345407  0.34297697289395257  0.35447609433122362
  0.36510570087738792  0.37588901357959759  0.38631736758111168  0.39692667375461449
  0.40804434647471033  0.41986780781446514  0.43184153088156391  0.44353130091821991
  0.45500262702408395  0.46653608985570516  0.47853387998964841  0.48991705784041523
  0.49986919185498446  0.50878075317109805  0.51758283753419476  0.52674365535689849
  0.53527953282665119  0.54355920846353356  0.55218010513074811  0.56192073393092956
  0.57244231543637158  0.58221564121290315  0.59083887069778207  0.59905160094243137
  0.60760757084414663  0.61679123101080791  0.62689362509726565  0.63729082767319811
  0.64689668252902244  0.65708764433690858  0.66736401408622359  0.67743332798845690
  0.68734508693364704  0.69686489693041509  0.70588964148646371  0.71546226075870800
  0.72472245897861043  0.73399514911971708  0.74350548832843888  0.75409890835362947
  0.76555010470397489  0.77691113204330220  0.78800083065351068  0.79940515311853522
  0.81154207526092081  0.82392769721639758  0.83598396370607320  0.84738802742211161
  0.85824302279788889  0.86875531517604998  0.87875129925313578  0.88797074669682563
  0.89764649596237456  0.90727658778076437  0.91632937304334439  0.92517209543427814
  0.93431924781989784  0.94429315920038071  0.95459367846455456  0.96412944276750157
  0.97320662468882602  0.98233790535569854  0.99118663048756206  1.00000000000000000
 -0.00183103847891496  0.00762207949053889  0.01499357575232982  0.02261330672180675
  0.03004121749164561  0.03800882529220057  0.04617390590552568  0.05472545300036641
  0.06335549885064999  0.07274207567084411  0.08285077564049392  0.09488921787662706
  0.10768898018707018  0.12063741439287434  0.13452874258550848  0.14858711363764257
  0.16159375316211028  0.17337214860980579  0.18533148544125860  0.19714250038320297
  0.20976582786444914  0.22423534219809318  0.23695229395717995  0.24780155315758143
  0.25722612275755319  0.26608817723724471  0.27476891374796220  0.28317589302400820
  0.29182290548118139  0.30019710987288861  0.30861245276261240  0.31724083672040376
  0.32656536034580136  0.33567813819703696  0.34426884906181665  0.35282122703718283
  0.36166220707049568  0.37099157803389576  0.38067727803557599  0.39049626488529787
  0.40048641499463711  0.41114868299393220  0.42323086891059658  0.43686251851653057
  0.45101715432490364  0.46369384990017576  0.47700054323927710  0.48961398460857697
  0.50382721917950724  0.51878364535543953  0.53363920484013483  0.54811217470651674
  0.56134359976991688  0.57424352428150560  0.58699398977195716  0.59814050664162288
  0.61001387882004310  0.62175164217930412  0.63319765720803378  0.64428575756428308
  0.65490575928275441  0.66508768669541685  0.67451037573157158  0.68348647156289466
  0.69247542096357029  0.70128217000457049  0.71048812409389328  0.72099856024236408
  0.73145405089389492  0.74163045951769024  0.75159548219724814  0.76143532876032882
  0.77123457589907263  0.78067406613975143  0.79005269547028212  0.79989869096643007
  0.81020030670073973  0.81954317127035869  0.82830163050114713  0.83716050658032537
  0.84610533396762466  0.85525353192583231  0.86432421173269636  0.87294642592733895
  0.88266725024866277  0.89268309108302268  0.90222594479091012  0.91167763809862312
  0.92163354228353989  0.93181802031611427  0.94220112072837459  0.95334164838672142
  0.96456808869875033  0.97686342486673228  0.98828053915975611  1.00000000000000000
 -0.00392770505644934  0.02227447485766684  0.04468123862123154  0.06780930639255310
  0.08964449506326705  0.10776564969015756  0.12289890504746899  0.13812378421774010
  0.15388102716476587  0.17183977434278064  0.19220454334369408  0.21004339584780823
  0.22604278151309942  0.24111148854642708  0.25640199219158843  0.27354270093450861
  0.28998613008544760  0.30515409792204007  0.31903156681240569  0.33159187773558046
  0.34308222680085521  0.35467746082026458  0.36635013522626408  0.37764767694615148
  0.38826928448392378  0.39949096842240822  0.41295695027153517  0.42582246147105507
  0.43866268993255519  0.45247544935044903  0.46719974457306779  0.48095556890517760
  0.49380776756793604  0.50621242238129371  0.51827134046263723  0.52978979025785555
  0.54025879247219410  0.54898746958271327  0.55693852403182087  0.56553138782592149
  0.57425305691226203  0.58287015858494917  0.59117692623192986  0.59925783678217814
  0.60839761376329693  0.61812788290339171  0.62771233277086191  0.63738489864811043
  0.64705718333152029  0.65617368534474274  0.66493069720981834  0.67340206806103975
  0.68149187486371487  0.68954073364309842  0.69771068296110239  0.70618220391941122
  0.71523631438404056  0.72421812659694929  0.73275423771106185  0.74123414073792226
  0.74947404892107916  0.75789276562330865  0.76534225842005232  0.77300276405455204
  0.78032976022918243  0.78800714337991729  0.79530232999673178  0.80218491344467280
  0.80914777014550132  0.81623355996918356  0.82318895805687131  0.82992729752284589
  0.83642404067758302  0.84295241035047541  0.84949069608745553  0.85619310439340013
  0.86321827764037973  0.87038944012027730  0.87752334722481551  0.88467472937332181
  0.89186138684674843  0.89978638781965359  0.90814113766074234  0.91663844923780502
  0.92517401093312768  0.93357777955512233  0.94134638434800322  0.94825911993252143
  0.95528518625913517  0.96207832355263134  0.96841737638203107  0.97499373803915879
  0.98144137854279123  0.98766382749264325  0.99372856929691933  1.00000000000000000
 -0.00260764532502939  0.01005996958084963  0.02078395676013814  0.03075005151656624
  0.04108030083388499  0.05249330124447910  0.06385663754183259  0.07428771051102086
  0.08471288195743920  0.09618382720236422  0.10758652326851850  0.11845872728984534
  0.12961997322020932  0.14115036642966577  0.15209740412467013  0.16305035871869608
  0.17635199136407742  0.19240037434171328  0.20812473329273529  0.21926083735557966
  0.23078431451647802  0.23996287942964761  0.24909287871762556  0.25819922429912445
  0.26791715955041218  0.27893335599736246  0.28923359404447485  0.29904064019582338
  0.30892656570612675  0.31932244104330493  0.32961609563705530  0.33908407118739303
  0.34799880083301798  0.35727985886658103  0.36755968569436459  0.37789349475500211
  0.38596284148147886  0.39470292443636018  0.40355330763131342  0.41241670160868482
  0.42117671053722538  0.42990761561942109  0.43909650277285139  0.44912065520148420
  0.45965037220417698  0.47075119597883480  0.48231855620412228  0.49401453168653292
  0.50542636586664447  0.51638183752337907  0.52612357007434141  0.53504222452542138
  0.54380624480090611  0.55243941346212344  0.56185515476711301  0.57163757967922146
  0.58101268273236018  0.59034421941801518  0.59987880905883539  0.60973931296986439
  0.62033773652790114  0.63087315384015286  0.64139234197655304  0.65265749072171775
  0.66532845856230705  0.67766052065453863  0.69015339932560282  0.70149623315345222
  0.71327880168039826  0.72456412263176850  0.73577604019127474  0.74667801396453404
  0.75677889378945906  0.76639564576711194  0.77612857959098347  0.78623226548561276
  0.79628297488787503  0.80697905042592721  0.81833630036123550  0.83035962759633730
  0.84156339223937615  0.85232492584242647  0.86313818858614255  0.87422695861849931
  0.88481045597647867  0.89550777492723221  0.90565704086946963  0.91606173515135669
  0.92574337279012742  0.93525285644094347  0.94405284438095594  0.95316581195200811
  0.96271024515117432  0.97396032255685860  0.98660143323250471  1.00000000000000000
 -0.00244535225086739  0.00876043653626193  0.01844953397187716  0.02845175825808242
  0.03918584259631971  0.04982554540396152  0.06180847163000980  0.07462749548315320
  0.08607523588757299  0.09525005934912896  0.10393858388210971  0.11296478436445354
  0.12222291627944626  0.13105818109611714  0.13937615109279705  0.14801103157257184
  0.15766451743691992  0.16794330317161230  0.17847142283483589  0.18857504828591251
  0.19831446587468157  0.20875967419155178  0.22017186217473930  0.23216077740416768
  0.24386177904357614  0.25504882801161038  0.26550944381361752  0.27521731725277315
  0.28438942676098794  0.29410295124370150  0.30400144764268699  0.31362699936316990
  0.32318687429034421  0.33453151080106058  0.34703980078781910  0.35863597355900656
  0.36832109183537859  0.37764565555248303  0.38711706942987023  0.39624770855521962
  0.40464396505806893  0.41293474692686966  0.42241542191416770  0.43320021078350562
  0.44385416696901092  0.45408732344645802  0.46415355282488058  0.47382778751944066
  0.48301137521092186  0.49161828442761862  0.50067302933352509  0.51000100369556489
  0.51959330941021775  0.52965445984281467  0.53951871307149235  0.54975756785705099
  0.56112975044113356  0.57262200446829081  0.58487358681696511  0.59929653125802462
  0.61444041220673917  0.62514722352277108  0.63719053668093717  0.64987277046051173
  0.66236854889791752  0.67364930527193290  0.68444571018346034  0.69548124623573004
  0.70618995406619089  0.71651550915396722  0.72710321684994850  0.73892875082726717
  0.75121671665486633  0.76053806855279193  0.76970750483014105  0.77856293238765151
  0.78726639864607140  0.79671444043233541  0.80703142914774939  0.81896675368035254
  0.83255392829595387  0.84622417212358192  0.85992461333057579  0.87340512469850629
  0.88559100302477645  0.89701189452094066  0.90871410270053243  0.92030935530445057
  0.93182575851637328  0.94286553079161350  0.95299806551552713  0.96308457569011563
  0.97284594319276452  0.98187881293105628  0.99099603972237293  1.00000000000000000
   8.4499621578365170E-025  -1.0000000000000000     
 T F F F T F F F T F F F T F F F F F F F F F F F F F F F F F F F F F F F F F F F F F F F F F F F T F F F T F F F T F F F T F F F F F F F F F F F F F F F F F F F F F F F F F F F F F F F F F F F F F F F F F F F F F F F F F F F F F F F F F F F F F F F F F F F
  <DiscreteSampler_grid>
  grouped_processes
  1 # 1 for a reference and 2 for a running grid.
  10 # Attribute 'min_bin_probing_points' of the grid.
  1 # Attribute 'grid_mode' of the grid. 1=='default',2=='initialization'
  0.0000000000000000 # Attribute 'small_contrib_threshold' of the grid.
  0.5000000000000000 # Attribute 'damping_power' of the grid.
 # binID   n_entries weight   weight_sqr   abs_weight
    10   10   6.421310286469696E-018   1.925987795982417E-034   6.421310286469696E-018
  </DiscreteSampler_grid>
