 -0.00000001397873783  0.00001114468019385  0.00008197291284612  0.00023341990369802
  0.00045852995955807  0.00076564665499223  0.00113605506867664  0.00158126379997109
  0.00208543120883139  0.00263920802647373  0.00323033602097536  0.00385689228271481
  0.00451173201258644  0.00519698525075788  0.00592173593421592  0.00668660709090977
  0.00750341275935192  0.00832382699523918  0.00917473203650869  0.01006671856891584
  0.01095814146708519  0.01189361756037624  0.01285209788376901  0.01380417166397889
  0.01479809395845238  0.01583504573021393  0.01689228800703767  0.01794363845516675
  0.01899521585520977  0.02011811678963177  0.02123302393496717  0.02234307205563575
  0.02345228641240982  0.02462863409520609  0.02584024190934725  0.02706305637561984
  0.02828761733182017  0.02950534296272559  0.03072412099668743  0.03198140934511711
  0.03328564569237159  0.03461268090341189  0.03595313595046551  0.03729199012756060
  0.03862607437431102  0.03995746015325740  0.04129762821477457  0.04267720121065054
  0.04411085579853255  0.04552360894934730  0.04693648641550530  0.04838736493227506
  0.04985332598464490  0.05132651011779782  0.05279434893036777  0.05428274253196706
  0.05587462513266985  0.05751898427434217  0.05914322698208717  0.06078315564526967
  0.06244030064855431  0.06412185979827476  0.06583759997828723  0.06753581204380882
  0.06922650134201158  0.07112649872160355  0.07312648490097941  0.07515851448125765
  0.07722741778112860  0.07928240441578102  0.08133989888188566  0.08338892045073129
  0.08545506285484250  0.08753656520958701  0.08964857544178613  0.09189806996845520
  0.09428463439887230  0.09698511549276788  0.09974886937542891  0.10252386561871785
  0.10535238624383915  0.10833682879894323  0.11133193885922882  0.11433412232207242
  0.11756742386769123  0.12112549772612093  0.12513727452073040  0.12982216722136794
  0.13473872645162643  0.14001033673428551  0.14582360421400636  0.15264341622150240
  0.16245773644083614  0.17760540876155056  0.19527680093011121  1.00000000000000000
  0.00969463116819748  0.01556538605101760  0.02492858666526109  0.03585983278170748
  0.04670765131590394  0.05766182584513589  0.06879133411524009  0.07995438416831561
  0.09101426704862578  0.10200750462525233  0.11322857324717442  0.12460195498514882
  0.13618733502203098  0.14798091657773127  0.15892659916741925  0.16981776766139153
  0.17971220818952885  0.18980859605919667  0.19984459257205350  0.21002415029070273
  0.22044042476422238  0.23071516230588496  0.24115291186878157  0.25165279188812273
  0.26150742063761540  0.27155428884734228  0.28155509206074925  0.29177672421953893
  0.30207021918871890  0.31213009580609813  0.32241289899583714  0.33292933720093693
  0.34359469558767186  0.35386712239432166  0.36406251970254599  0.37437430477367861
  0.38456709830841102  0.39467637956269469  0.40491718558930506  0.41485490263287844
  0.42460861709652875  0.43417799611769820  0.44433399164392645  0.45526534615837239
  0.46588926949172671  0.47657872050741512  0.48781486699956556  0.49912665424422853
  0.50991813097713234  0.52056290851751263  0.53146551626910910  0.54221695599778708
  0.55255982252744473  0.56300968712126465  0.57356538176743466  0.58432133540253395
  0.59491919942319949  0.60559337696121129  0.61610545684203755  0.62645431741144686
  0.63692814573135192  0.64752471453110283  0.65840698899030381  0.66916423186793983
  0.67992050672967863  0.69080059029682117  0.70179423277125053  0.71276166006780861
  0.72329859073125680  0.73359687288569653  0.74363831429879290  0.75357938093155441
  0.76347955565107051  0.77322080420120887  0.78326340120797311  0.79297743397627918
  0.80311336621919216  0.81270954074376833  0.82326813687557132  0.83413973986509671
  0.84536425238742396  0.85600496224866107  0.86647363708670155  0.87711842318175448
  0.88775334787811544  0.89841724379583598  0.90854920556897878  0.91915023519879846
  0.93030312825029504  0.94127201884280698  0.95177835684773504  0.96204600696300202
  0.97234586259122091  0.98277252248986313  0.99101521156277028  1.00000000000000000
 -0.00248588153702106  0.00963945830288896  0.01961011319379164  0.03051861112990576
  0.04135425628606329  0.05281233136440377  0.06365612348059441  0.07379923994420684
  0.08435810169728025  0.09449665714334329  0.10464030551353243  0.11439446741221095
  0.12408466961168639  0.13395775849733288  0.14395862519632957  0.15399493474852485
  0.16396977166167764  0.17412358949259601  0.18459237742923693  0.19492305464050794
  0.20496171125392523  0.21529407719158902  0.22554359227572579  0.23570053067747485
  0.24563799448685006  0.25600642669757706  0.26672113969692118  0.27738602679079466
  0.28785163769825295  0.29808379972602977  0.30831592590195300  0.31853709676360858
  0.32873696777907246  0.33898977390325746  0.34929853190189752  0.35963087858813170
  0.37012489131193316  0.38085957391853964  0.39188470582871776  0.40292708909755598
  0.41387842176397266  0.42468244494853813  0.43512823211801910  0.44561753486841860
  0.45651033254533402  0.46784697583474799  0.47980283216010311  0.49197364761099699
  0.50391448214774148  0.51517943328969951  0.52646464679237071  0.53781618573245626
  0.54897375977029328  0.55986450951340239  0.57037982775209661  0.58105737893924947
  0.59169148580942477  0.60232913855581127  0.61273497318499415  0.62312774891272649
  0.63330302398455507  0.64360974783633573  0.65427745719867725  0.66507032076043082
  0.67571031845017937  0.68643127358132316  0.69755529979850406  0.70846086085328508
  0.71868986038576621  0.72877014969083986  0.73866808133469586  0.74873000333569539
  0.75893629089000425  0.76919928576395302  0.77955321279349499  0.78981351949814138
  0.80057981278255419  0.81152146854819163  0.82257190827235427  0.83337541672472648
  0.84388264873120289  0.85439907701816209  0.86497920220942404  0.87553603256823243
  0.88552611266024683  0.89571770732848532  0.90676320001724209  0.91816643706271317
  0.92930665357375475  0.94004599809024014  0.95038459684084986  0.96036326003689110
  0.97009924130351344  0.98016973841125610  0.99011702299588678  1.00000000000000000
 -0.00256271582521466  0.00984455444859049  0.02036037150411677  0.03146382445152672
  0.04229517052758180  0.05263190226296775  0.06295267809851378  0.07317570134565315
  0.08341230182577974  0.09325158813910354  0.10323348408564650  0.11355931230080588
  0.12391205726391248  0.13374103697672970  0.14360476206990255  0.15373668153368825
  0.16406344721193794  0.17459502132893656  0.18528972238786076  0.19569703305406147
  0.20586138209561472  0.21585425795251484  0.22578677428533822  0.23563594730597878
  0.24538841761282001  0.25591506159142119  0.26711938170986077  0.27818307256654368
  0.28913480456656776  0.29974188245349725  0.30988933197324425  0.32000757329462165
  0.33023709064782547  0.34060323758006156  0.35090453298401192  0.36130955517407515
  0.37189157269127726  0.38232739643112124  0.39285787522707905  0.40389101304195130
  0.41504740932313838  0.42599379941605281  0.43708200544906028  0.44843098317089419
  0.45973121397015621  0.47093253418764980  0.48199469986626076  0.49287306845911305
  0.50348283741221922  0.51379457527029926  0.52377740743085310  0.53349280379310282
  0.54338176615013578  0.55367154034534749  0.56404733511739658  0.57430892752626439
  0.58453384811004672  0.59481488906432889  0.60511683859150156  0.61524372335320043
  0.62541797507594288  0.63594822876621626  0.64676819524495510  0.65789196103135206
  0.66890722680456471  0.67962725437051918  0.69022004816786742  0.70083367588061052
  0.71124206413509905  0.72130216601421904  0.73129680328070656  0.74123862279653752
  0.75148329327269892  0.76200354018847793  0.77251025621912983  0.78281115887262698
  0.79295519336286957  0.80323680000861453  0.81385414601934858  0.82470131489391063
  0.83552735978186032  0.84628915590355303  0.85703178536189650  0.86772962325698355
  0.87833739112623732  0.88906093489404092  0.90016955391557230  0.91152036399258751
  0.92285315569437809  0.93432974379317657  0.94559054164019507  0.95644131097671203
  0.96703090000951275  0.97769443418329294  0.98863196126475805  1.00000000000000000
 -0.00265481345650240  0.00986006469482651  0.02084265146702362  0.03209002758920464
  0.04304293526543319  0.05394667201792435  0.06443811768312517  0.07479796370475299
  0.08523616222923246  0.09590750365347295  0.10683134067105170  0.11743372046611147
  0.12815956115627308  0.13957213380617151  0.15059710493833148  0.16117688605494912
  0.17123362556398028  0.18105319195113992  0.19074990671078221  0.20036813027723319
  0.21028920606739931  0.22042184545112109  0.23082057210226795  0.24156179773118366
  0.25243698296072542  0.26312275432373239  0.27401802010366799  0.28506273200332871
  0.29600610164957286  0.30652017106450197  0.31734826952722928  0.32823582217130004
  0.33880633550501088  0.34908999661943824  0.35957436303439300  0.37001352584025193
  0.38036164855743831  0.39051850975984703  0.40095838540399253  0.41166607095960167
  0.42243196151149992  0.43302355717480062  0.44310479270716113  0.45298101406339819
  0.46276192307571179  0.47256808106367054  0.48258707423224195  0.49272455681265259
  0.50294809767104520  0.51322239838366757  0.52366854593335477  0.53414310907155083
  0.54462453266417254  0.55488068165036863  0.56519112150824513  0.57548354454455475
  0.58603254920702630  0.59650916585157432  0.60693584640913234  0.61714121152096002
  0.62760498894592975  0.63787146251222915  0.64835908994667235  0.65929869351966974
  0.67049259251561266  0.68121917210345950  0.69219135327420755  0.70313600095226325
  0.71399113666621838  0.72442782665542871  0.73493211134562864  0.74538616095738075
  0.75570943373128785  0.76582776626852556  0.77602037597634765  0.78610031301637617
  0.79651376044967503  0.80754143719766636  0.81849914484499631  0.82973348267913594
  0.84082090273586374  0.85218582741794024  0.86300871456752337  0.87397030135994491
  0.88515604242073254  0.89671805974398533  0.90779639513465249  0.91888516307444401
  0.93005195322887113  0.94079874436189515  0.95178141976260477  0.96225994730616038
  0.97233743970013697  0.98173877959130817  0.99086906773249062  1.00000000000000000
 -0.00233822021868180  0.00943129338828570  0.01986273789502836  0.03014207624927119
  0.04073934268850904  0.05080457620808466  0.06067088518250953  0.07064337009144474
  0.08065028931721827  0.09081037891622587  0.10129973633044378  0.11204551049342928
  0.12276713208979313  0.13305467188013739  0.14326244590346723  0.15325396802297322
  0.16356439713893828  0.17381275471442353  0.18378468580695792  0.19345630861862631
  0.20310809604940416  0.21357667984822126  0.22434951709123083  0.23535711021043024
  0.24637515622734646  0.25787940581313434  0.26948760647298731  0.28031217881904669
  0.29057319909815810  0.30105701729456913  0.31152700688643586  0.32187465161335055
  0.33218555852545828  0.34286273774077153  0.35373741515340407  0.36435037577692186
  0.37493252768995422  0.38561215800794713  0.39624499186030582  0.40693571354729885
  0.41747645356266438  0.42793556794874654  0.43849778289437125  0.44935207005997890
  0.46009871126016177  0.47055904073524951  0.48100167422000023  0.49164012530346046
  0.50222548091087205  0.51263769242102020  0.52325838616270248  0.53408502851109896
  0.54488821704103085  0.55541957236397033  0.56572349883228112  0.57627609564113780
  0.58674411241158397  0.59727241786934460  0.60785821192007927  0.61836771983288952
  0.62893746498248271  0.63978046992171722  0.65066875257182410  0.66122675241229401
  0.67156060134003404  0.68194852560219610  0.69234477037542441  0.70219154002958628
  0.71206501034381375  0.72278973964317150  0.73366335764611823  0.74435091017581922
  0.75485601960342386  0.76552610836702262  0.77643914212063914  0.78733903819346984
  0.79808403756708435  0.80847264711987987  0.81862877264138256  0.82874190927732327
  0.83891098577810974  0.84899572077672347  0.85936045205409528  0.87022161362691097
  0.88120458918707023  0.89225169248964220  0.90305693118501851  0.91376038769587675
  0.92429672776487937  0.93487872542571970  0.94572314832979920  0.95625825715430024
  0.96710043919206223  0.97783520179036654  0.98887887759591320  1.00000000000000000
 -0.00201968750125320  0.00707689101248289  0.01531523171204236  0.02374929744931457
  0.03244798260542726  0.04140972820043045  0.05043306622347828  0.05945808936796462
  0.06855818095552182  0.07778485315840811  0.08711225664393636  0.09670460927440021
  0.10646313565540645  0.11620062891362377  0.12585851486273869  0.13541135427874695
  0.14502957203635936  0.15506147317221661  0.16537172889387491  0.17557393593549731
  0.18569269250813802  0.19616191716712256  0.20700969952570647  0.21814631984457955
  0.22955359470821068  0.24110098607433575  0.25260549764970014  0.26394050583208573
  0.27516378226734806  0.28647484129816236  0.29784615391582608  0.30909835233647442
  0.32013248819110052  0.33107985796580758  0.34249191802002110  0.35401898601771259
  0.36558353078485162  0.37730877406947472  0.38918221415407783  0.40085503981841752
  0.41222987033810260  0.42390630922616951  0.43570246548305303  0.44772260925349106
  0.45948610633034936  0.47147488650959296  0.48358240222596105  0.49608021081246712
  0.50823720992058852  0.52036032609768101  0.53235565767344739  0.54395141453641771
  0.55538793061505676  0.56726906515282782  0.57967482600451092  0.59145571598901248
  0.60258182513763658  0.61367160834668910  0.62492197968584473  0.63617718661472245
  0.64764315745062850  0.65934348653226005  0.67087730193587714  0.68229703145350040
  0.69360675632923063  0.70475446760985316  0.71548755615633230  0.72592468078991668
  0.73649062853022473  0.74720014053783468  0.75786420760588202  0.76810342824769295
  0.77796765174477089  0.78756834368803208  0.79740671642013095  0.80750756958248404
  0.81762527942616070  0.82749916500762810  0.83739854991298091  0.84760612346446318
  0.85771485138326697  0.86806910662489500  0.87834571419256158  0.88894998829129235
  0.89918828732108147  0.90904598812739201  0.91867699796997937  0.92784732979919682
  0.93689354420647220  0.94607386306034780  0.95516674215686070  0.96403819531324697
  0.97280455057777904  0.98157578524014788  0.99082919661279112  1.00000000000000000
 -0.00176952270194381  0.00868939540961662  0.01782438357020768  0.02850460286825735
  0.03911923919109033  0.04969244289914424  0.05986806951385228  0.07022403321151666
  0.08104609276867766  0.09199806096399045  0.10319467797579436  0.11410783775391990
  0.12463146470359728  0.13508351848503797  0.14558845364428111  0.15597908958413259
  0.16642227442123475  0.17723901447393570  0.18802652356047936  0.19882529639841467
  0.20974824982002818  0.22144260357307899  0.23323490400453728  0.24456807166458105
  0.25554540956319444  0.26610739191653021  0.27638048656032943  0.28654763275296824
  0.29671041056325514  0.30683250369107012  0.31698942569804128  0.32700240777042960
  0.33740857765613597  0.34824989080155444  0.35882107838102562  0.36895101648903389
  0.37887423155535871  0.38892614298899419  0.39900472033720319  0.40859472375167394
  0.41819094179301208  0.42836972063653411  0.43844733311366718  0.44843298508804574
  0.45854669000110171  0.46937381627024671  0.48060596991986920  0.49214065889696834
  0.50352513784745478  0.51482517207959666  0.52574255074346266  0.53617325522512516
  0.54673368355452534  0.55757268359686141  0.56795423292317460  0.57785598149735218
  0.58796514974105507  0.59841740698864876  0.60883154209428303  0.61895647562229950
  0.62944937051346994  0.64020955747588759  0.65049383251340087  0.65980606859007218
  0.66930203723323722  0.67911990547300971  0.68913217588551245  0.69913698293315640
  0.70911755293139045  0.71940325531383553  0.72990056412334159  0.74046187584616852
  0.75123049009644793  0.76234828585484926  0.77353106095666335  0.78433965302972286
  0.79518177755058317  0.80591418846696572  0.81691974303339199  0.82794473943269209
  0.83887740086261442  0.84969064092977031  0.86040255170068358  0.87125561324167888
  0.88183168103782072  0.89214525374734743  0.90263237910405014  0.91350963320366130
  0.92472080266614354  0.93618918151138586  0.94749476808312438  0.95881466043009245
  0.96926749625801911  0.97968011290857049  0.98981626358248620  1.00000000000000000
   1.7377806481772414E-010  -1.0000000000000000     
 T F T F T F T F F F F F F F F F F F F F F F F F F F F F F F F F F F F F F F F F F F F F F F F F T F T F T F T F F F F F F F F F F F F F F F F F F F F F F F F F F F F F F F F F F F F F F F F F F F F F F F F F F F F F F F F F F F F F F F F F F F F F F F F F
  <DiscreteSampler_grid>
  grouped_processes
  1 # 1 for a reference and 2 for a running grid.
  10 # Attribute 'min_bin_probing_points' of the grid.
  1 # Attribute 'grid_mode' of the grid. 1=='default',2=='initialization'
  0.0000000000000000 # Attribute 'small_contrib_threshold' of the grid.
  0.5000000000000000 # Attribute 'damping_power' of the grid.
 # binID   n_entries weight   weight_sqr   abs_weight
    19   10   3.391404908976944E-002   2.068363543056342E-003   3.391404908976944E-002
    22   10   2.949953339306107E-002   1.289774933729861E-003   2.949953339306107E-002
    25   10   3.239233489777271E-002   1.713558732660470E-003   3.239233489777271E-002
    28   10   3.121629022012147E-002   1.523981380600000E-003   3.121629022012147E-002
  </DiscreteSampler_grid>
