 -0.00000001386685577  0.00001115072112367  0.00008299865749509  0.00023696224512586
  0.00046498342977661  0.00077568313970460  0.00114301993204409  0.00157073008965527
  0.00204734171302068  0.00258441024572081  0.00320167662910719  0.00386215808909408
  0.00454186502137206  0.00525257621744368  0.00599056818276760  0.00678915918495582
  0.00762963154367731  0.00847615144158400  0.00937336904863672  0.01026989240028904
  0.01117926630848125  0.01213105923432968  0.01310524453499749  0.01406606952250322
  0.01506955096250122  0.01608393822555464  0.01711113749962363  0.01815318243032239
  0.01922026355380705  0.02038493466842892  0.02151659446931316  0.02264342338070989
  0.02375694531513237  0.02496879709767785  0.02622810314098170  0.02750608046091256
  0.02878736836499343  0.03004280317601834  0.03128385303480149  0.03256231235805722
  0.03389020240569364  0.03524072115482015  0.03658257587110406  0.03790953709026289
  0.03923352583084033  0.04057645664849203  0.04194910160511600  0.04336355780525851
  0.04485128936782824  0.04634382437259953  0.04783526384908401  0.04934230212174339
  0.05083886373126102  0.05231300471400806  0.05380044850809718  0.05539115606152104
  0.05699526806932703  0.05862267938296953  0.06027007609291092  0.06193082388223499
  0.06360053704912477  0.06527685779599553  0.06694095299624594  0.06863477799348444
  0.07035977949269957  0.07219991940987840  0.07414518671097504  0.07612634511056746
  0.07812259982547624  0.08015509051481917  0.08221299056243571  0.08430436211962918
  0.08641494013425399  0.08850599154428045  0.09053056999251831  0.09294197577650452
  0.09542722627222594  0.09798721966785552  0.10062210637035165  0.10332330763069446
  0.10609738596981164  0.10900803725458766  0.11199482312212532  0.11500758807686320
  0.11831889511639569  0.12216891121237287  0.12627399006879081  0.13101098100777006
  0.13598171270741846  0.14128765363207726  0.14701907389130742  0.15383481815357239
  0.16340323994413256  0.17806622691187807  0.19504128670690801  1.00000000000000000
  0.00924868146608077  0.01630120729188381  0.02684183939168772  0.03913829959823362
  0.04993600294690195  0.06072928034493096  0.07124442610800845  0.08178998876719362
  0.09184208453365660  0.10201639303536526  0.11216054882412356  0.12221596275028618
  0.13212087451465079  0.14211410699564517  0.15230068251665677  0.16249028719811898
  0.17301963608265761  0.18386305974119560  0.19486478644873625  0.20587904186378189
  0.21732875095156109  0.22879936657843816  0.24002312792537744  0.25104128542152870
  0.26215077506624718  0.27331890962919675  0.28426368248469303  0.29539654098526635
  0.30639668324310876  0.31733289337627241  0.32799569221435321  0.33858648889749998
  0.34901425180085516  0.35975893684574017  0.37024664047787581  0.38080380831591609
  0.39136726283652290  0.40257498557164889  0.41430488467111076  0.42517182004210541
  0.43591136320735674  0.44669015275804758  0.45716540995994098  0.46720270432388733
  0.47715793439094223  0.48756839646681088  0.49830438724240556  0.50893626113714985
  0.51957556480945333  0.52992906613922486  0.54003939179655125  0.55023679654951962
  0.56045179819473268  0.57059999499581049  0.58090759053998442  0.59076969248585232
  0.60090630633669118  0.61059680014958839  0.62042667838085630  0.63037552135303465
  0.64054470059317836  0.65070165194706742  0.66102497622716372  0.67123457517165597
  0.68152072219400439  0.69129786974545859  0.70053999685436907  0.70997516297411023
  0.71950227339036676  0.72913567507474741  0.73893454038514306  0.74870342509365773
  0.75932233881620936  0.76974860510959053  0.78080328955358846  0.79170327493949311
  0.80241931059541349  0.81312985022338580  0.82373602289130510  0.83462503284166523
  0.84564012944180589  0.85656212069670146  0.86713424456096899  0.87719868930426481
  0.88718262774292900  0.89727212916389698  0.90776422640536125  0.91859573323189059
  0.93020558550907417  0.94131666482024268  0.95221351596332138  0.96264661484296998
  0.97310129325479322  0.98317283760461216  0.99092127994440027  1.00000000000000000
 -0.00234180218020847  0.00915519873974134  0.01918897286742463  0.02919700280169283
  0.03944150990620005  0.04989800160583491  0.06082942268120532  0.07133443753712704
  0.08167635386786923  0.09149742220137637  0.10148044360395327  0.11144906578343895
  0.12135939398647136  0.13125342753562319  0.14110753502050064  0.15133197691217692
  0.16162037440181104  0.17203833797643817  0.18259914704581851  0.19341830919363759
  0.20464862087084673  0.21570064046702012  0.22669761919113360  0.23675319065749528
  0.24694407857583356  0.25715782339148385  0.26696646326470796  0.27674295423787570
  0.28650198578363323  0.29653481377327751  0.30706019811608343  0.31758697713808426
  0.32885083434310897  0.33980236545025416  0.35096816751087723  0.36171772011853254
  0.37253296769623545  0.38336361520207968  0.39415251106390770  0.40430478405952924
  0.41443252578684031  0.42477110831776443  0.43526149835237821  0.44568517301946003
  0.45622499529231847  0.46707141031064631  0.47831631904791866  0.49008994055268984
  0.50191641845006463  0.51349683691314307  0.52489836539516244  0.53605029712301178
  0.54661446146649206  0.55662765240270839  0.56652971460644264  0.57655850727861424
  0.58694881872269111  0.59774120795782648  0.60842917635764571  0.61935948801206586
  0.63014233169049938  0.64117677450348176  0.65194404767509817  0.66262977230983611
  0.67336388954658077  0.68442074358400917  0.69556507100750764  0.70691389938480065
  0.71755964480389545  0.72837329050031396  0.73925460985118630  0.75000263375281861
  0.76039387059655228  0.77079079853457511  0.78127385818907213  0.79170691208843436
  0.80214096995745976  0.81272706042645482  0.82342208623735380  0.83397477104031825
  0.84462863622913353  0.85512121237102412  0.86547584463189353  0.87585013557219127
  0.88614470724636074  0.89631757439963455  0.90622722973103709  0.91648091064758319
  0.92675758432139466  0.93683845851085190  0.94718552122542354  0.95768338204671122
  0.96847122072338554  0.97905342473074874  0.98950379047342685  1.00000000000000000
 -0.00252998581839831  0.00964448963878101  0.01970256298948877  0.02997162701170415
  0.04049876231295822  0.05098914740576152  0.06168786193786783  0.07264691148846132
  0.08345758070395994  0.09353228041931938  0.10361460212839627  0.11378177785265058
  0.12414106154564003  0.13399768306134513  0.14353788872943785  0.15325993709689006
  0.16332468405559661  0.17367219096948100  0.18402002838268705  0.19481362100434763
  0.20585378073284794  0.21713589300958092  0.22854493794211458  0.23967907431537611
  0.25065406420623315  0.26117000040985588  0.27189868979325954  0.28251156748396944
  0.29313713745701125  0.30388144654043592  0.31420083168167678  0.32411072315043732
  0.33369028409069179  0.34335561345056975  0.35321399342319126  0.36328817194341223
  0.37323889367174951  0.38391450523308701  0.39432236802321502  0.40512805229121268
  0.41586071900777144  0.42652340890172075  0.43725804734993401  0.44809121525011469
  0.45905874615160847  0.46978215508471005  0.48054168634190575  0.49143935231108055
  0.50237886640324025  0.51319818357793567  0.52377259028716072  0.53424178304284420
  0.54472116279263638  0.55575881254708204  0.56660528176797087  0.57811040093151578
  0.58885957302426872  0.59928490964979764  0.60938616587217698  0.62007420330273622
  0.63079065749351027  0.64148049931968132  0.65175520799393172  0.66219370845582537
  0.67243213530163271  0.68272570624541196  0.69327691225962318  0.70412537178401302
  0.71452701487073067  0.72521237017151852  0.73610856682360315  0.74685134338381143
  0.75685491921514658  0.76645817617972767  0.77681870035394740  0.78789264983820906
  0.79914772463094330  0.81056829155855681  0.82148389746091743  0.83251328402811786
  0.84279590392754888  0.85309939725589112  0.86332203689184961  0.87350781036843927
  0.88390747351828869  0.89458868635878186  0.90534693241782538  0.91581842136781799
  0.92655289049935330  0.93724657461563365  0.94788046183092223  0.95819230027869173
  0.96845477378809741  0.97899837606914564  0.98946186453613238  1.00000000000000000
 -0.00265469247369903  0.00986538623033351  0.02043031092732588  0.03128300087362502
  0.04199743943932556  0.05258612577762735  0.06274990377981098  0.07322352080537908
  0.08347515350547340  0.09389075811555436  0.10425816043064705  0.11498672642330246
  0.12596475353011588  0.13694486064881059  0.14748412012070453  0.15782314806306480
  0.16825293053969625  0.17835699168886412  0.18839431107199034  0.19859225672965700
  0.20897117457065190  0.21916473703853864  0.22917373085860676  0.23909087237043547
  0.24905457785486473  0.25911620216795345  0.26934359434195559  0.28041181778591745
  0.29172049595130162  0.30321009573919638  0.31454882515827093  0.32568359050920032
  0.33683476550249131  0.34802613195728832  0.35880695446595801  0.36937619279772893
  0.38012330417497719  0.39110793660924864  0.40188415040598002  0.41233315628349243
  0.42281041639187883  0.43336667968449383  0.44371109039830237  0.45413123429631341
  0.46456357374076007  0.47508551665181192  0.48536221626330939  0.49555915749617990
  0.50569351889420944  0.51542790442263753  0.52543302840785910  0.53575083713478888
  0.54638894155884699  0.55704114661428428  0.56797890135185081  0.57916619908719069
  0.58965637457669351  0.60007456025851202  0.61050023679454057  0.62128803306371994
  0.63171579906288511  0.64213528680506726  0.65286250799611067  0.66341780327224009
  0.67408148743501972  0.68495138931613153  0.69576184778531891  0.70630328651413132
  0.71665727087279352  0.72726181134658230  0.73777081147046975  0.74795672199722463
  0.75786396511508614  0.76792631308518555  0.77836696738561451  0.78855921003353935
  0.79908934173013801  0.80997772661470313  0.82109926342282069  0.83180943609530100
  0.84213507281910349  0.85244254912697415  0.86309180584840206  0.87381328375465972
  0.88447294340068394  0.89518538098237022  0.90565176114614721  0.91615470650144248
  0.92646921025695328  0.93682527645911873  0.94708616717757377  0.95742729092264856
  0.96805848413932449  0.97862954519337964  0.98919630501655920  1.00000000000000000
 -0.00223050586670000  0.00918148687425984  0.01879666575961483  0.02879330277224823
  0.03861747121068822  0.04849138938751499  0.05841432008863134  0.06825074907955159
  0.07812752171127098  0.08837194471838591  0.09873614536910806  0.10915253998882898
  0.11978304327942955  0.13059858850130848  0.14147626934095714  0.15228348643288084
  0.16330813551192497  0.17482466648630271  0.18726036572400881  0.19834119725470120
  0.21029894526292503  0.22166466803127174  0.23326871560357282  0.24431678123559819
  0.25536938439482959  0.26641541228482901  0.27733267423340963  0.28819842031419307
  0.29813868284700895  0.30789250160371234  0.31787810385387227  0.32792170018284039
  0.33810873424882959  0.34842728067831008  0.35910664154197053  0.37004370824820321
  0.38067035850823083  0.39114959033207258  0.40153036889569083  0.41178946731823485
  0.42212189818113188  0.43254883350510365  0.44286727315039498  0.45312057683366691
  0.46380202097645362  0.47450274244781615  0.48504045610167063  0.49539820633491910
  0.50612528065165086  0.51742152630365223  0.52751288878047176  0.53731708913127940
  0.54686439562940070  0.55664183575670201  0.56642209541380029  0.57598792790529740
  0.58560432853592881  0.59595162643651145  0.60640557403638140  0.61692391867554908
  0.62734190738002604  0.63804598662464551  0.64878334654197822  0.65943256858832866
  0.66991467924890080  0.68074037895870931  0.69178215350168770  0.70281198220844709
  0.71338104096331778  0.72364192402895322  0.73405846211386050  0.74423424726484344
  0.75462370085523467  0.76484214444752385  0.77529746771921504  0.78575532244930202
  0.79622384897770193  0.80670479182077381  0.81711071123420786  0.82747528852009999
  0.83769825146716270  0.84816264865083402  0.85883957452064008  0.86978850293167065
  0.88069261113704733  0.89172668557187829  0.90241427452437373  0.91291185697664401
  0.92354535885447298  0.93471678792243251  0.94538689462997449  0.95598108016743288
  0.96688546316618484  0.97819547603155599  0.98922447102522360  1.00000000000000000
 -0.00221439154953869  0.00733228109022321  0.01596011533091022  0.02413325396510393
  0.03233614497774735  0.04065134099892450  0.04927479267046864  0.05822109443316247
  0.06729192889326646  0.07637793108625647  0.08548112728906591  0.09472477904622953
  0.10416156096431041  0.11370305586739292  0.12344994666425456  0.13327791199459529
  0.14305404567113372  0.15333242601509259  0.16398365917545141  0.17478874523665117
  0.18562900518051689  0.19646848569440103  0.20728525027993494  0.21821030492211541
  0.22909731212610268  0.23984043059813814  0.25049816356108034  0.26111766813532206
  0.27170739347240164  0.28218996557164028  0.29296918276242317  0.30441021557745018
  0.31580869787806859  0.32693164348656828  0.33814131098361161  0.34955853239838858
  0.36105167666585625  0.37263178924650492  0.38459709653106994  0.39660272536355901
  0.40869106319807802  0.42105619617541945  0.43373430888130893  0.44626195151720610
  0.45867425618500413  0.47078504871679944  0.48289191834099748  0.49497186599835491
  0.50706020115073069  0.51901915159547574  0.53125107840368657  0.54361257932223672
  0.55587586215109230  0.56800288218467787  0.58063110661996642  0.59330210860646626
  0.60601254550477457  0.61832207129672434  0.63007429148153615  0.64161437190086734
  0.65338903424308803  0.66523254575830404  0.67677792156586936  0.68762615361506896
  0.69889857874293027  0.71002843975740171  0.72111820593053311  0.73225288656891818
  0.74347166390946817  0.75450390484643570  0.76527448198283987  0.77615705890701336
  0.78695028428870306  0.79720714691048167  0.80706764605545889  0.81685690949149703
  0.82655076979215136  0.83638344006514209  0.84670509423910789  0.85720926382469076
  0.86786381004698609  0.87801074489986863  0.88754778555711378  0.89688000226777209
  0.90573747095512247  0.91458609371496868  0.92339235615105564  0.93230614392691236
  0.94105429286871956  0.94974327363981315  0.95810152813610627  0.96668255333118769
  0.97523178750921236  0.98368364371577521  0.99188386609281975  1.00000000000000000
 -0.00251647581481600  0.00929390318650595  0.01945115980829114  0.03002423077712912
  0.04078139093498183  0.05132588277320449  0.06193955214308498  0.07270198228837484
  0.08332018800213471  0.09425545160488856  0.10508698535004476  0.11608539495882166
  0.12690075289196415  0.13822478952128070  0.14957244855849466  0.16105014826274894
  0.17223455490165124  0.18341759401998139  0.19367641474824002  0.20379503606540095
  0.21406823362052613  0.22412591019489939  0.23390580297342733  0.24349791854684866
  0.25348075086921446  0.26400141269790545  0.27468302897157693  0.28507094547721828
  0.29561339210397314  0.30586038678599742  0.31640666303685161  0.32703465230143514
  0.33767405636495834  0.34844761504312061  0.35966093109222286  0.37133070727426903
  0.38210441674210671  0.39233376209029869  0.40239877682055314  0.41239229197138738
  0.42261652054780879  0.43305198250022409  0.44325676203217190  0.45335132599061007
  0.46382113367594802  0.47460608866025228  0.48559392897835391  0.49602008685453880
  0.50661828186650792  0.51709352164670697  0.52748083729897111  0.53780049388396323
  0.54804639424391233  0.55814084049441848  0.56818694231658184  0.57859082427707287
  0.58926239099090694  0.60023744525904055  0.61121273091067196  0.62230113008148280
  0.63335489646137144  0.64439050542318843  0.65514071588639722  0.66550312099005438
  0.67604792500871791  0.68664986790358806  0.69719502934093336  0.70754825174031344
  0.71780574770912142  0.72843842528355263  0.73918015477173449  0.74999591435294310
  0.76085307042652317  0.77162835144856701  0.78253635391376430  0.79345561807944420
  0.80406783031938567  0.81450122850191387  0.82492586950585389  0.83528054309824518
  0.84563502171945848  0.85614852109209572  0.86709245744890284  0.87778478303417262
  0.88835091479461259  0.89856191502589433  0.90850832293684081  0.91844749700576889
  0.92819579002757324  0.93787597482065832  0.94771957135571583  0.95795229049232333
  0.96861865591519658  0.97949516429804517  0.98976420309770663  1.00000000000000000
   1.7349606898119345E-010  -1.0000000000000000     
 T F T F T F T F F F F F F F F F F F F F F F F F F F F F F F F F F F F F F F F F F F F F F F F F T F T F T F T F F F F F F F F F F F F F F F F F F F F F F F F F F F F F F F F F F F F F F F F F F F F F F F F F F F F F F F F F F F F F F F F F F F F F F F F F
  <DiscreteSampler_grid>
  grouped_processes
  1 # 1 for a reference and 2 for a running grid.
  10 # Attribute 'min_bin_probing_points' of the grid.
  1 # Attribute 'grid_mode' of the grid. 1=='default',2=='initialization'
  0.0000000000000000 # Attribute 'small_contrib_threshold' of the grid.
  0.5000000000000000 # Attribute 'damping_power' of the grid.
 # binID   n_entries weight   weight_sqr   abs_weight
    19   10   2.549351827418516E-002   1.901002843400943E-003   2.549351827418516E-002
    22   10   1.744630628106243E-002   1.112412979832554E-003   1.744630628106243E-002
    25   10   1.724002136462049E-002   9.353894833688595E-004   1.724002136462049E-002
    28   10   2.384493437086104E-002   1.441659521178377E-003   2.384493437086104E-002
  </DiscreteSampler_grid>
