 -0.00000001073298941  0.00001368754389309  0.00010153431601016  0.00029077224673075
  0.00058657131269269  0.00097443552558404  0.00143300401638756  0.00196471594162337
  0.00256903801570090  0.00323329162411688  0.00396240113357187  0.00475239376065099
  0.00558285974255616  0.00643646554955069  0.00737374513921985  0.00829448073162893
  0.00929115274389104  0.01028130425735466  0.01129783542936122  0.01237146870181254
  0.01346641214979791  0.01457176453659159  0.01575109255277878  0.01697575675287750
  0.01816080017876656  0.01933608465956894  0.02053859147156374  0.02179366703531952
  0.02305384725670990  0.02430426069101300  0.02557522930141724  0.02687749092699335
  0.02819288458276234  0.02950161098445736  0.03080136540834202  0.03209882037366817
  0.03340509485271321  0.03473525086831347  0.03609827166215702  0.03748693259926224
  0.03890173431039180  0.04030992205185086  0.04172894903368571  0.04313998114686726
  0.04456513203873853  0.04603793150092426  0.04754409484152195  0.04903803154587499
  0.05053628819608622  0.05204975940844787  0.05360564044598738  0.05516252295684238
  0.05672166065531420  0.05826319630057858  0.05979546194313762  0.06137273137493440
  0.06310485166439547  0.06480900071768761  0.06650211359990148  0.06822466184433984
  0.06995513580028288  0.07166016821264430  0.07337822618210352  0.07511283896657936
  0.07688205376666113  0.07869834009607729  0.08059660540055877  0.08259381153444605
  0.08467321908855746  0.08674022083676515  0.08882578988753749  0.09092731485854054
  0.09304410671552983  0.09517167968089596  0.09730193940487623  0.09947279575857459
  0.10167090234258444  0.10390916459487631  0.10637559163079802  0.10914379945117951
  0.11218620066915196  0.11525467637139469  0.11841449232706616  0.12161359923215875
  0.12487697085376387  0.12824270508522592  0.13167893452394944  0.13525724532256875
  0.13957747697097270  0.14473770470923158  0.15091990571929817  0.15822644172857389
  0.16723974125151475  0.18100081478258043  0.19386713321888119  1.00000000000000000
  0.00984683410604299  0.01473120094234414  0.02292857920164015  0.03241402740379120
  0.04234021167282490  0.05264034231863107  0.06334523386387035  0.07451273678638168
  0.08582178140615612  0.09684120828993330  0.10788124514164242  0.11894246311733658
  0.12949301975814451  0.13948322102115007  0.14958303739999224  0.15983165768636529
  0.17002016596773722  0.18009423981481498  0.19026284550488892  0.20061585327432527
  0.21072792426552769  0.22040116604821683  0.23005618953755586  0.24018485819931892
  0.25083479736775621  0.26143200225689173  0.27229544306877063  0.28332755943270893
  0.29408624967230751  0.30392498481785202  0.31382132192389861  0.32385346307239926
  0.33416377207366194  0.34419593902687357  0.35402149017008300  0.36386093074111991
  0.37383242692301399  0.38402200305260159  0.39432393383794168  0.40436256415221489
  0.41418864821003093  0.42391835142004114  0.43373702940525982  0.44384668509870140
  0.45392984772200995  0.46446195798184370  0.47486684643484850  0.48626916538699716
  0.49826276992633622  0.51004135895981073  0.52192591539207223  0.53375831195929502
  0.54522942070194613  0.55590387713827072  0.56681300250702948  0.57773989150991023
  0.58885954943307484  0.59980048252513363  0.61073068458008317  0.62149935367280318
  0.63197102066528044  0.64250424207345425  0.65311173026756675  0.66336000492056912
  0.67310989384536835  0.68289544266538216  0.69301235494276481  0.70312514054320407
  0.71343723967281181  0.72404490080680983  0.73485520160817808  0.74562060224443150
  0.75611330597278215  0.76653944876629809  0.77701899882728587  0.78745768669933003
  0.79786071381351664  0.80833129740669818  0.81891235523146400  0.82959969214514084
  0.84030936926046518  0.85076354070970750  0.86065096261668961  0.87024426516154318
  0.88020632984639025  0.89037430721693478  0.90016697162197712  0.90983232993664664
  0.92027214910552901  0.93160834220450228  0.94327922898586836  0.95475616984281686
  0.96623742065264728  0.97781558190495854  0.98892302634669771  1.00000000000000000
 -0.00229230045777412  0.01030267581768164  0.02103537798694911  0.03155139198757546
  0.04188717690332080  0.05337476814491423  0.06457705274744482  0.07531823264584657
  0.08627243133512953  0.09805380643993777  0.10938574517746839  0.12019558773776727
  0.13200204138991853  0.14382593835619692  0.15494946795243217  0.16572195342914886
  0.17700472234041306  0.18799206732586321  0.19883103553810300  0.20940068199668824
  0.21983196625216486  0.23007942724167993  0.24012836994748205  0.25028083431805442
  0.25997731677819069  0.26996494245512787  0.28013376744145507  0.29035391010748346
  0.30020460944151017  0.31063218675107351  0.32119624146247422  0.33150131955398726
  0.34169047646212025  0.35168002225084305  0.36199628435137043  0.37264409914496821
  0.38355768533899598  0.39454641521438644  0.40445407925924098  0.41393858817826318
  0.42358396332116549  0.43349445999816888  0.44362040878539322  0.45392015149736908
  0.46433583781204035  0.47513275805688787  0.48601285059915156  0.49711836481955762
  0.50837199393168353  0.51956209382091234  0.53073865615013516  0.54149928552031334
  0.55128596160726684  0.56109855793447783  0.57121766644097116  0.58098966780643380
  0.59048333084304261  0.59987544304755358  0.60988167370670121  0.62029211745120927
  0.63082727048794840  0.64152756229057040  0.65248914253492751  0.66358967006767611
  0.67481191168709731  0.68602258133643157  0.69677643776251796  0.70715718623250345
  0.71744018514393793  0.72760154542981281  0.73758758379981260  0.74737397951762785
  0.75709572936348590  0.76682035456216724  0.77676907118497962  0.78686615172800012
  0.79697391721179700  0.80712198209767472  0.81753914315734544  0.82810056167616830
  0.83807705582804926  0.84773837857123935  0.85736067667075821  0.86733964327851421
  0.87764994845362998  0.88813994318785616  0.89892477953085237  0.91007871565451226
  0.92180173767821627  0.93366314820825713  0.94520633247659680  0.95652263707305007
  0.96718526263450566  0.97852468365344825  0.98922003253588386  1.00000000000000000
 -0.00267038124257398  0.00975729772995549  0.02064968177621140  0.03206670126288032
  0.04331034302136937  0.05465243586649556  0.06592648359493461  0.07711073192472759
  0.08890587353960164  0.10088949124819326  0.11261580980583737  0.12432738055502447
  0.13599355444658587  0.14775587558869657  0.15935194294239186  0.17057171176643779
  0.18129348493728750  0.19280313083385234  0.20494545644897955  0.21722199357437130
  0.22938398305839422  0.24148919586012030  0.25346293247025936  0.26475633638418428
  0.27614976816991832  0.28707962087915040  0.29785442107395360  0.30798673392344217
  0.31778101455813135  0.32732757284150010  0.33713364679202873  0.34754986841515306
  0.35810674522551056  0.36838323175820398  0.37859778337860972  0.38877217430979855
  0.39892645561361889  0.40867792244129597  0.41851120977978301  0.42876496928019653
  0.43933396480582065  0.44958294474177413  0.45923779259149433  0.46830429830213388
  0.47739152633866772  0.48670345894838746  0.49598181254429169  0.50527541695332867
  0.51477186765968130  0.52499570293050535  0.53611769625646133  0.54696146806494705
  0.55765434111703460  0.56836930398076102  0.57926267156834954  0.58981834177154446
  0.60010150728230216  0.61056271065301482  0.62123649201277054  0.63164814085258902
  0.64210448871917858  0.65270294918594862  0.66342197700752714  0.67392197814650701
  0.68448662056001397  0.69540113188167740  0.70626175946050707  0.71681043020227608
  0.72725958317120276  0.73777220884610151  0.74808473851564883  0.75815557279825108
  0.76833163770468604  0.77852405450374951  0.78836841480563014  0.79841007583232804
  0.80883028071460539  0.81909443774418000  0.82921566797550383  0.83993278003815552
  0.85099769329671349  0.86134668796299485  0.87138391082739053  0.88145286536860723
  0.89175111251226236  0.90203017013232278  0.91217301344928825  0.92230794227133472
  0.93248714977940050  0.94247720640270283  0.95187287413641042  0.96097344974259735
  0.97013924958919617  0.97969562240232055  0.98981949663839142  1.00000000000000000
 -0.00256632986667265  0.01039232233986701  0.02071172783181630  0.03136135196940321
  0.04215002466625975  0.05344446598847034  0.06461373277694812  0.07491408595890735
  0.08480507459356876  0.09475093110790314  0.10492610774345883  0.11542470659060436
  0.12584811918600805  0.13620370559259359  0.14673556831253143  0.15688297290622044
  0.16668477134096982  0.17638787620176735  0.18643494559682619  0.19715085561092335
  0.20796939471365464  0.21840303026227759  0.22870529958321043  0.23921305333794710
  0.24984903939582526  0.26040921248248533  0.27102473780246633  0.28202164908591493
  0.29312127509544850  0.30382978447754955  0.31419610967929279  0.32439553841508317
  0.33453708102515806  0.34445427698060588  0.35420121395563631  0.36400349832307227
  0.37383637783113982  0.38384268375296515  0.39398635317022362  0.40462855133624465
  0.41565586907292057  0.42639131329601032  0.43684864203438328  0.44736411295594181
  0.45790077589053269  0.46834686283416882  0.47875787029330175  0.48912178087897967
  0.49940350385935428  0.50955316438952025  0.51969425821934800  0.53016545382999902
  0.54047712141138238  0.55097444624236025  0.56151561579326115  0.57242383664426522
  0.58317494441838869  0.59391205885024112  0.60464745884315840  0.61587428017996182
  0.62724502727291187  0.63845311307424157  0.64954461617151371  0.66045213337099595
  0.67121893657179277  0.68162281903229771  0.69169522197696454  0.70168682133955151
  0.71186872638096921  0.72251343950193703  0.73349453083421345  0.74461621862373939
  0.75589913724684488  0.76736120357023430  0.77877154792952574  0.79015338575799143
  0.80165477846725075  0.81335391008083036  0.82433996945767174  0.83566037839448748
  0.84610175507848406  0.85653515497910393  0.86617871304583471  0.87586563718258337
  0.88591405451205452  0.89590274179097340  0.90621686816702818  0.91627702050598980
  0.92627973125622776  0.93609709396214846  0.94583678043720698  0.95618500146373386
  0.96695234834627064  0.97793026688901630  0.98891412418184632  1.00000000000000000
 -0.00245271758687385  0.00870181863316115  0.01822654208722644  0.02855844038206233
  0.03925055278503334  0.04953280960599040  0.06025614958623881  0.07187544513717679
  0.08330768125513723  0.09449691263799502  0.10559640549720677  0.11842885283585612
  0.12986038091891650  0.14095451515344265  0.15143682107944872  0.16186265188132584
  0.17221445051091053  0.18223516762924327  0.19225537698284373  0.20235578760551470
  0.21218520804035670  0.22275111440680614  0.23302950425857508  0.24278692823931916
  0.25264723601376848  0.26277110679037086  0.27320776923571777  0.28368668870129027
  0.29465328294581505  0.30653346844636020  0.31861873283531028  0.33006090808204303
  0.34142000883937246  0.35319518587528520  0.36452569973696763  0.37601905431262755
  0.38689850378358243  0.39788209377841749  0.40884445023320731  0.41899657628652981
  0.42857762929469473  0.43838017161349607  0.44833751578941505  0.45834855493127130
  0.46808187707022442  0.47829274666574179  0.48952110851811131  0.50081649837790299
  0.51162335591149233  0.52223974224893521  0.53221550170160270  0.54203106058976269
  0.55142367530214398  0.56071615236071037  0.57057492696012768  0.58094399004904385
  0.59198624865639393  0.60345157899069901  0.61515864093814154  0.62652144966100543
  0.63720802820142752  0.64798430233767179  0.65880161973653939  0.66924989296985937
  0.67935591167087328  0.68929178606194030  0.69898151995620572  0.70882965187034364
  0.71912445454301932  0.72964318641007408  0.74053466566437454  0.75144253134158445
  0.76221452227159270  0.77260288771146068  0.78291678441995072  0.79300660912348675
  0.80317167620145247  0.81356433014408946  0.82469058276795904  0.83611980433433863
  0.84711224602787660  0.85773976347646752  0.86813248073343074  0.87862994056943766
  0.88913467534133384  0.89970985231371481  0.91041676774903024  0.92081925084258054
  0.93086145695674494  0.94071571040947410  0.95052396355987823  0.96036298625922967
  0.97006009733521470  0.97974716125004646  0.98969589706171446  1.00000000000000000
 -0.00203932814442697  0.00721408813800000  0.01570922038905738  0.02416141984622762
  0.03270277333050619  0.04148503557377056  0.05020863930436881  0.05919371497158597
  0.06844045670196237  0.07783541571202082  0.08727536274818441  0.09669632603271948
  0.10622388675540931  0.11590091291943641  0.12575282618598316  0.13564114030698327
  0.14569536394850829  0.15569798465988988  0.16554774999272970  0.17547291845127949
  0.18580899363578027  0.19684628097808260  0.20841739878639279  0.22025280576236164
  0.23176848963790092  0.24285119719969522  0.25390844565781545  0.26510926891889125
  0.27594833253120843  0.28652787804759106  0.29721654174175582  0.30796421510091510
  0.31888965185466828  0.32981069817219483  0.34097206065276309  0.35235752875800697
  0.36383649257973227  0.37536743858393307  0.38666154405385256  0.39783779021153010
  0.40900365804366751  0.42062384681828963  0.43278752844005797  0.44490447012085554
  0.45711706536429936  0.46951785666424772  0.48185905294501208  0.49444164223569548
  0.50679173948307443  0.51912369580272621  0.53155084598464353  0.54400562966889965
  0.55589825966657958  0.56785036058966509  0.57991255426943034  0.59194056876428891
  0.60352166661615825  0.61482366781619602  0.62596781791372536  0.63704297499894258
  0.64809261796046491  0.65910382408348145  0.67021495372311235  0.68151013317933362
  0.69231251133097149  0.70270904195483908  0.71317308241665145  0.72335623671619675
  0.73315679539194745  0.74249907877678922  0.75288098813184479  0.76426796297892163
  0.77601207212269818  0.78746684989230953  0.79919176168636752  0.81152879976542203
  0.82280722260431771  0.83426573430655382  0.84544194924523497  0.85588533362454866
  0.86578693027506726  0.87561993905125313  0.88566400340405493  0.89563214901982002
  0.90504192092053681  0.91395274815238214  0.92282864819730670  0.93165913820349644
  0.94054696157218409  0.94933893035145234  0.95804421615560953  0.96674592372007184
  0.97527500271673817  0.98367759609422090  0.99183896949789141  1.00000000000000000
 -0.00210491455408997  0.00904726044795509  0.01861459765294545  0.02925293184768698
  0.03951524430119931  0.05060313330067397  0.06165786785465011  0.07314965469233081
  0.08387559767898753  0.09407896219891124  0.10458692428480251  0.11536224070995182
  0.12624148425317686  0.13655027071005743  0.14718683482457048  0.15807385872493149
  0.16864683800799371  0.17957542261271961  0.19050998296223659  0.20185353754491278
  0.21385382828327279  0.22580173473144211  0.23762573626623310  0.24897909344030228
  0.26021388130764805  0.27147914273050605  0.28228839803304673  0.29315789888614369
  0.30360553200346657  0.31404213169721490  0.32423763393841720  0.33426735447889655
  0.34393672797716424  0.35336943724079400  0.36293398740599087  0.37249073603707950
  0.38213520745562785  0.39131176598176642  0.40077831395533220  0.41061631059969217
  0.42063219894717185  0.43078964115474355  0.44157212580571226  0.45352725290490914
  0.46491776014937963  0.47591955796585705  0.48678824008548688  0.49764787504246027
  0.50797923348242568  0.51824659962957931  0.52862708354111443  0.53914899053639631
  0.54999349630086825  0.56103981833138716  0.57245802587250472  0.58376577996893508
  0.59472757697054446  0.60530537236747073  0.61525968617499827  0.62501024034966612
  0.63511608341576886  0.64507863023051515  0.65610421794050522  0.66729344556896975
  0.67830484028973714  0.68873361977468039  0.69856280676515869  0.70844025715034287
  0.71885484675020261  0.72947909467874983  0.73990943520403152  0.75047966198331417
  0.76146425108213533  0.77292194494051736  0.78458118949463662  0.79597931919129739
  0.80678744411158287  0.81732309613634213  0.82745160196592471  0.83758250969069581
  0.84748171024488639  0.85766967680365891  0.86789832722657667  0.87786768066244891
  0.88827340917729725  0.89888141566600566  0.90949055138909751  0.92002236277621141
  0.93023858397622738  0.94039619026035559  0.94997972772613914  0.95950466288124026
  0.96952819000195578  0.97957195835271660  0.98980518634590586  1.00000000000000000
   1.4300735661373110E-009  -1.0000000000000000     
 T F T F T F T F F F F F F F F F F F F F F F F F F F F F F F F F F F F F F F F F F F F F F F F F T F T F T F T F F F F F F F F F F F F F F F F F F F F F F F F F F F F F F F F F F F F F F F F F F F F F F F F F F F F F F F F F F F F F F F F F F F F F F F F F
  <DiscreteSampler_grid>
  grouped_processes
  1 # 1 for a reference and 2 for a running grid.
  10 # Attribute 'min_bin_probing_points' of the grid.
  1 # Attribute 'grid_mode' of the grid. 1=='default',2=='initialization'
  0.0000000000000000 # Attribute 'small_contrib_threshold' of the grid.
  0.5000000000000000 # Attribute 'damping_power' of the grid.
 # binID   n_entries weight   weight_sqr   abs_weight
    19   10   1.372869596852336E-001   3.425079230342548E-002   1.372869596852336E-001
    25   10   8.103136531392084E-002   1.213593028402017E-002   8.103136531392084E-002
    37   10   8.702642889829529E-002   1.466297090027315E-002   8.702642889829529E-002
    43   10   1.224057562044631E-001   2.431482891206211E-002   1.224057562044631E-001
  </DiscreteSampler_grid>
