 -0.00000132167039571  0.00021320928153545  0.00065297194591133  0.00111525073975333
  0.00154863698375738  0.00198769887294052  0.00240851808269910  0.00280861043952417
  0.00322053599834979  0.00361709287408041  0.00399648146592157  0.00437756131101312
  0.00474161410055376  0.00511231267340506  0.00549259667519191  0.00586808082098922
  0.00622863222838820  0.00658070040231259  0.00692458680827304  0.00726347902309289
  0.00760183191163315  0.00793690574564591  0.00827020342390730  0.00859709339184625
  0.00891720876650604  0.00923621547881084  0.00955552232650754  0.00987005404301300
  0.01018880539974253  0.01049778787688319  0.01080439714007725  0.01111392659031983
  0.01143464691571602  0.01176753162753525  0.01209933504604559  0.01243574936419821
  0.01277934485739108  0.01311866559115969  0.01345486762091345  0.01379580510448008
  0.01413236467052961  0.01447129088509542  0.01481230044064670  0.01514521010394449
  0.01547035200323621  0.01579899344276969  0.01612681832137081  0.01645457543418784
  0.01677812325275293  0.01710841734081994  0.01744780385460057  0.01779412259550612
  0.01813880924776535  0.01847973004619045  0.01883865036233572  0.01920935678664947
  0.01959565699401766  0.01998327107170935  0.02036342403323460  0.02074557264189105
  0.02113226775541438  0.02151781336165315  0.02190248564856793  0.02229630970879966
  0.02269346883010787  0.02309716888855416  0.02350951429330284  0.02392885650662835
  0.02435500943879038  0.02484111449766460  0.02531154059717456  0.02577813784405648
  0.02624953003477566  0.02673249571517533  0.02722810629401693  0.02771872157637399
  0.02822134475572333  0.02874001922936147  0.02927252842197623  0.02982274503625266
  0.03039615378485679  0.03097137198471220  0.03158288504531112  0.03228405057325912
  0.03312536866245728  0.03400051210707164  0.03489425169648923  0.03581555399507910
  0.03679353942995163  0.03787989870167612  0.03906024641298746  0.04042952132322036
  0.04229259178107701  0.04520436520168009  0.04839132332082031  1.00000000000000000
  0.00928469392538052  0.01711800453412859  0.02616835268550726  0.03718478918926102
  0.04769840553399757  0.05762635520184943  0.06799968291749987  0.07897959613900939
  0.08965442585999778  0.09982203301062322  0.10992012425224915  0.12115750926928541
  0.13259324017638735  0.14386750936406431  0.15403898728707488  0.16406649339277352
  0.17424614050801118  0.18477571193786971  0.19433856388438997  0.20351411314601256
  0.21289349803936583  0.22270798835044389  0.23231363908492622  0.24217337426148941
  0.25232845328516201  0.26300465802010109  0.27357793150696164  0.28445681923888055
  0.29536514635179273  0.30535610907968391  0.31524933374928360  0.32562081083772781
  0.33658586583180333  0.34803960551964774  0.35954840733250620  0.37075787484687606
  0.38098096985991969  0.39017526576339079  0.39901748113606150  0.40828176439587799
  0.41794310536907742  0.42794805441668193  0.43793334693611585  0.44807907885908782
  0.45780220298295166  0.46693550104980003  0.47635149067202176  0.48619429010237247
  0.49723358918105082  0.50830495251003194  0.51929351263127199  0.53045245997202040
  0.54145401149413730  0.55202308898912633  0.56226949190691322  0.57244167769262444
  0.58323435868759854  0.59382556354296212  0.60469765045286317  0.61584040212398505
  0.62758011636605870  0.63943796972326372  0.65064205389905450  0.66138796280736789
  0.67218680548202603  0.68334715627277864  0.69461970321917454  0.70658722009385166
  0.71935273097883667  0.73277512255250432  0.74375693732582437  0.75487641355984825
  0.76563749212351240  0.77535174407239171  0.78485025469075631  0.79459421823841658
  0.80465654504624373  0.81480575328839155  0.82466235153040746  0.83481608667154772
  0.84554288556745805  0.85678129132044367  0.86897551515147087  0.87969243050837564
  0.89012245605969975  0.89991324341335099  0.90985285797214632  0.91956308680779264
  0.92910738997985443  0.93882988793216349  0.94948402656688180  0.96012505757935940
  0.97045536410789235  0.98034884573370906  0.99137204134015688  1.00000000000000000
 -0.00351461041380128  0.01275276821995067  0.02575414295212987  0.03753181929202627
  0.04902274427507281  0.06013239573202304  0.07075641233409444  0.08138384928664133
  0.09227766043813852  0.10348379180368028  0.11471201084074698  0.12574344384886793
  0.13741746005497846  0.14923672803329313  0.16210254930413132  0.17275119297797892
  0.18229045240150413  0.19178229339732958  0.20149714745932459  0.21159752097573548
  0.22177233474174407  0.23191906756727335  0.24256804050918268  0.25239400481865087
  0.26183022633722225  0.27171767818537734  0.28224658352514220  0.29284019397501759
  0.30291917743116686  0.31303767099820856  0.32330741598220780  0.33370882365478693
  0.34383297563001786  0.35402657693189854  0.36447091213196742  0.37515648364130333
  0.38612395943475908  0.39675970089376633  0.40711441927474845  0.41749701255992400
  0.42849975457692779  0.43954298265265651  0.45040495342532838  0.46112775862464533
  0.47132447756864021  0.48116504506336405  0.49083915340442896  0.50066600726118837
  0.51046408277892086  0.52043815052944942  0.53109069479839399  0.54245009377977982
  0.55415153298251085  0.56512855415538510  0.57518741889085823  0.58547451803618866
  0.59464946149162334  0.60400271233389036  0.61287093759117894  0.62325246941125978
  0.63375934521816879  0.64400055342607321  0.65359851442504335  0.66394156376086622
  0.67379580875174561  0.68470258985074839  0.69547962667136765  0.70616008744194347
  0.71678350334827878  0.72704183557988078  0.73816463073861549  0.74943071221435542
  0.76044713050299739  0.77097616690253257  0.78072770060363805  0.79037741268084705
  0.80023680047590606  0.81013042587598405  0.81982425787810798  0.82890144060226933
  0.83829499619040271  0.84798667501496860  0.85799186787039183  0.86838736802561522
  0.87900894990348721  0.88927895867791817  0.89959016587982388  0.90978885887032912
  0.91968045052779535  0.92949439993402738  0.94028808708776090  0.95191128038785833
  0.96350355091896833  0.97477941963053716  0.98666666381350687  1.00000000000000000
 -0.00237029461960249  0.01081399101094697  0.02096558959294655  0.03095151279449777
  0.04102657861611328  0.05048210928897300  0.06060209334405648  0.07101917226753610
  0.08174942214091425  0.09223874088975138  0.10278804253004384  0.11298545018021655
  0.12276197334932630  0.13203347135566604  0.14144854242409113  0.15180071810291307
  0.16284079371100785  0.17355096748299498  0.18374865299889215  0.19391621838852652
  0.20382570112739190  0.21341446096198724  0.22278167043832803  0.23248901936283253
  0.24266352795433901  0.25336155424423579  0.26442154577139126  0.27568087761271498
  0.28665992359331455  0.29792690300415631  0.30949872153844943  0.32140326319143575
  0.33320879418264909  0.34414892471758918  0.35449127891401389  0.36429868284543859
  0.37399150673599851  0.38413433834005889  0.39433875470598273  0.40523404535394347
  0.41638184985979648  0.42755057767523136  0.43962111505409679  0.45185429352284412
  0.46292428404049085  0.47248145142705694  0.48215724374140329  0.49135817260449044
  0.50055773295249084  0.50947406624533331  0.51833380823921293  0.52794220995785246
  0.53764430681546438  0.54834361899013173  0.56019426013266338  0.57174145700441426
  0.58294504337227171  0.59383562905784637  0.60495832284616624  0.61570775025952007
  0.62607937219345999  0.63637160906687118  0.64673199295658945  0.65729974591429496
  0.66813013626552553  0.67908843657568085  0.68994325641535625  0.70069144653501803
  0.71111097663818312  0.72143486575261639  0.73139661659753974  0.74119139572230608
  0.75129882637361456  0.76162238487751466  0.77205765776858182  0.78270965798648262
  0.79415935835268570  0.80665093094538987  0.81894390604290301  0.82925968062865352
  0.84004161641588715  0.85118164586949285  0.86202373687226685  0.87295676612322082
  0.88580735003427125  0.89958727465595023  0.91153597510209439  0.92192453120843953
  0.93221528949189636  0.94180391649707040  0.95119742780341210  0.96078532658244609
  0.97042625514780090  0.98007429456661666  0.98987627305892123  1.00000000000000000
 -0.00249144791207517  0.00897784479046384  0.01842781689117847  0.02868182933664107
  0.03881807840474581  0.04849793524958836  0.05781342886906299  0.06752012325277190
  0.07759650155756993  0.08808868479545008  0.09858881024230415  0.10899318907853231
  0.11938799926032723  0.12965873879024073  0.13984386973248808  0.15016703231736717
  0.16095261473208688  0.17205165805531364  0.18325971023092941  0.19467654084567598
  0.20613690364402587  0.21706388415294287  0.22752014465238851  0.23929138862668564
  0.25062635314724824  0.26086404313391942  0.27061131935226790  0.28124786021307008
  0.29217665690413414  0.30235253507701093  0.31264345569371821  0.32358471425868390
  0.33426313448594847  0.34452416008199799  0.35519947339961072  0.36674669234118673
  0.37794580458361693  0.38826131415049231  0.39846840153929081  0.40863848894549903
  0.41836387379786144  0.42773718400773625  0.43723820547998732  0.44694892023077282
  0.45640911269594664  0.46625858505314638  0.47616930972338506  0.48602440520421630
  0.49575118961510561  0.50600406654413810  0.51660550075873302  0.52749371024861480
  0.53883195771085823  0.54976063774140826  0.56062815951016620  0.57166210823045149
  0.58271055657509707  0.59395070066600597  0.60474833816344475  0.61446123368475880
  0.62375172648308819  0.63295552653445364  0.64225461303946052  0.65160672777642592
  0.66096156081949975  0.67045634604244408  0.68022308833164169  0.68969122763259660
  0.69928870332323911  0.70934036547574186  0.71990116049876496  0.73060261994984166
  0.74220102734679616  0.75503436671631552  0.76787013736812770  0.77940906090319173
  0.78994015291393305  0.80155537763214502  0.81302770593376217  0.82371848496350741
  0.83453709438022161  0.84611192821848968  0.85815992559961540  0.87023266138672528
  0.88242860127116896  0.89498078292621608  0.90681698902013630  0.91797038447423385
  0.92833910818668064  0.93856855733198663  0.94872343525669345  0.95874876766846628
  0.96851111911692045  0.97828411679479721  0.98887868969989923  1.00000000000000000
 -0.00175943312478907  0.00816536909690100  0.01698456258805656  0.02627332621410624
  0.03552177698023171  0.04471383178740335  0.05432166332616256  0.06424620030372095
  0.07443510985447771  0.08477858853144672  0.09526759479586720  0.10592347672275956
  0.11706644243389498  0.12864268068172671  0.14046079290516414  0.15202419314340959
  0.16329507568713261  0.17378360694191600  0.18410227630789675  0.19410384852385526
  0.20405281289921856  0.21368491577127824  0.22359431880120798  0.23398319626913974
  0.24409781679555931  0.25365922319339085  0.26342258647364475  0.27359980901246606
  0.28426389724685702  0.29512843723295890  0.30635856273095197  0.31783369621065205
  0.32907991532684777  0.33907468531924939  0.34843286010338670  0.35851835597162435
  0.36941354651505498  0.38034279838449447  0.39126273586823135  0.40303694941259188
  0.41514384743945026  0.42649423093356198  0.43762943562385032  0.44906243882670493
  0.45999518921199922  0.47041638830507815  0.48072031507917717  0.49102501288613210
  0.50106189649896749  0.51072352823698330  0.52033022832954356  0.52984336579847591
  0.53936136784295252  0.54964319900157776  0.56047210506642220  0.57197553853316008
  0.58336252020980039  0.59417858546385438  0.60511968699050156  0.61643254191769081
  0.62783988920281919  0.63913629458499999  0.65038189048858208  0.66160186152277833
  0.67263202468952410  0.68372180788268055  0.69554653063406713  0.70898246878299120
  0.72158629343648906  0.73362251486450492  0.74535444617762836  0.75511082342633085
  0.76472520015495082  0.77400395345076578  0.78349974723133609  0.79298143816206612
  0.80186539591858175  0.81069523867511284  0.82010906875992051  0.82999681391644031
  0.83935202003722598  0.84876840096463735  0.85850325689652052  0.86956079405744457
  0.88016786837642980  0.89058456090428184  0.90224952160966898  0.91457335007497387
  0.92598905080190042  0.93683644837253655  0.94786416786951477  0.95847743582329892
  0.96840356851671772  0.97814948100785337  0.98899631057724791  1.00000000000000000
 -0.00206658511489258  0.00707596539032585  0.01561005643929723  0.02471995331625909
  0.03444489458022323  0.04483672181468858  0.05568216258049207  0.06629727485666517
  0.07654055602495825  0.08601365930025902  0.09467921561412303  0.10323808439295554
  0.11161120605443074  0.11968218416074418  0.12772561826825787  0.13623004802467681
  0.14551987395509622  0.15663297366887780  0.16737370483227651  0.17801667040655944
  0.18858190417042714  0.20070664546546707  0.21263332112175451  0.22490635929754665
  0.23707131213322438  0.24926637319742301  0.26126421739687772  0.27318958510909347
  0.28510735528454756  0.29683313612152856  0.30864767718113956  0.32130814194961660
  0.33452153969503262  0.34722556366236867  0.35976626989176436  0.37259211220661570
  0.38448291948317370  0.39597125098942759  0.40733015014661117  0.41858492435321526
  0.42939101659204598  0.44077938456646737  0.45372759344137842  0.46706971387456753
  0.48041317773463921  0.49265175605353101  0.50404883085985697  0.51532725958346803
  0.52715219819429204  0.53874476663729642  0.55154920474031843  0.56449125714238646
  0.57678067600198502  0.58874064955292138  0.60066629318846487  0.61253658762558638
  0.62502280533599963  0.63714247878269703  0.64924247981287619  0.66061264709034195
  0.67252312161363281  0.68572455484305850  0.69978109391662013  0.71311846498321241
  0.72446321421572346  0.73454633780674228  0.74445086896708579  0.75426993575239198
  0.76356911689395079  0.77239454746272840  0.78100907573930645  0.78974154812906050
  0.79853268419492318  0.80719768521677204  0.81595033823788099  0.82502829932776234
  0.83464351688745309  0.84490072923503245  0.85534146495197050  0.86519827920028425
  0.87471742388004114  0.88343155324509171  0.89228597071955362  0.90060664281853442
  0.90939074890938354  0.91784730196996067  0.92625596739238703  0.93444700324027674
  0.94252180576152345  0.95072147676171270  0.95908304992108462  0.96746390804783222
  0.97576934279883809  0.98399636672678681  0.99204528351339405  1.00000000000000000
 -0.00295333382147640  0.01138841411997413  0.02310846791715872  0.03513914544239174
  0.04638683781336189  0.05748769155296584  0.06806471825499316  0.07854453270404266
  0.08908846709700424  0.09935497825444926  0.11028174790373933  0.12137307008746921
  0.13269493784595437  0.14401730942488677  0.15506538380944632  0.16573251592652921
  0.17619751585540799  0.18670034227246526  0.19698156086151072  0.20735342025102660
  0.21759845045315143  0.22746884651512134  0.23683460943483012  0.24593408016634086
  0.25547539933411839  0.26549379114605387  0.27591029601415912  0.28682518627600184
  0.29808090703138340  0.30919817137024774  0.31998743578436833  0.33105781511954491
  0.34287439832716299  0.35515995575180959  0.36718889683886052  0.37806824664926669
  0.38751681677636268  0.39652803058342795  0.40506887649756584  0.41357896689206736
  0.42231764284172219  0.43131756578810992  0.44084233731609951  0.45062009904582595
  0.46029860545827861  0.47035288761056099  0.48073143044203814  0.49186065595888689
  0.50307624746920765  0.51408368824859085  0.52527848300342694  0.53672565602302824
  0.54748595626441487  0.55783035251985125  0.56783155222678017  0.57793177673061569
  0.58801279591306332  0.59776321871520521  0.60757754432371358  0.61769642008453951
  0.62845128790286608  0.63993218845986477  0.65178470714046077  0.66373875278248606
  0.67605123582059956  0.68772776879915665  0.69830517141787285  0.70841327591601311
  0.71833965487501716  0.72840871176960387  0.73858268800201998  0.74872927528268174
  0.75903726546874073  0.76953044136340154  0.78082930548064522  0.79227883515851361
  0.80331393207361157  0.81445247808825882  0.82580845634835953  0.83682393952445899
  0.84722263399999553  0.85728528911640611  0.86760373345975750  0.87826606138683738
  0.88884245734616563  0.89888552103629704  0.90869647595050007  0.91873985403393021
  0.92889232340944716  0.93892584364524456  0.94869205275167856  0.95875691044522515
  0.96896817681608549  0.97920137883214231  0.98933581261077119  1.00000000000000000
   2.2759522456079959E-022  -1.0000000000000000     
 T F F F T F F F T F F F T F F F F F F F F F F F F F F F F F F F F F F F F F F F F F F F F F F F T F F F T F F F T F F F T F F F F F F F F F F F F F F F F F F F F F F F F F F F F F F F F F F F F F F F F F F F F F F F F F F F F F F F F F F F F F F F F F F F
  <DiscreteSampler_grid>
  grouped_processes
  1 # 1 for a reference and 2 for a running grid.
  10 # Attribute 'min_bin_probing_points' of the grid.
  1 # Attribute 'grid_mode' of the grid. 1=='default',2=='initialization'
  0.0000000000000000 # Attribute 'small_contrib_threshold' of the grid.
  0.5000000000000000 # Attribute 'damping_power' of the grid.
 # binID   n_entries weight   weight_sqr   abs_weight
    10   10   3.233419794111739E-016   3.662540669366605E-031   3.233419794111739E-016
  </DiscreteSampler_grid>
