 -0.00000275693308876  0.00011023453902943  0.00047903898967080  0.00100602416412610
  0.00166354828437982  0.00240356262796372  0.00321560834218206  0.00410662706769629
  0.00504982786862697  0.00601589952385613  0.00700242529928695  0.00799159499063495
  0.00902191080356411  0.01008052331111110  0.01114703667321813  0.01223907387095944
  0.01334546991586487  0.01444739996998891  0.01559372092968020  0.01675943582258054
  0.01790916080133658  0.01906593680566583  0.02025463005432373  0.02148682845813212
  0.02269542409375374  0.02390645706870080  0.02511181086349503  0.02632816831417280
  0.02764397176745368  0.02894144777096055  0.03022769522684599  0.03150197633813907
  0.03275920243728626  0.03404247736137832  0.03537402846817916  0.03673827848464593
  0.03809085090760705  0.03943632959450106  0.04078344199361724  0.04212964242779634
  0.04346946130845049  0.04479980017859147  0.04620082719625325  0.04766653996995521
  0.04912737516495028  0.05056706006381721  0.05199508072921680  0.05342755175822671
  0.05488873038062381  0.05635331267397534  0.05780541591509492  0.05923783114264418
  0.06068586969101902  0.06226549459190476  0.06381458331540515  0.06537217589716116
  0.06693374823751037  0.06849964181605740  0.07008376534323428  0.07169117227760653
  0.07332449524705291  0.07500881943764186  0.07667375402175836  0.07837457620998844
  0.08007760148465348  0.08183166044238983  0.08362971498007522  0.08544489426972525
  0.08728156857051302  0.08916469748536771  0.09110304053480148  0.09308902817321982
  0.09508837418962568  0.09709706849585657  0.09912250174280836  0.10117900317563826
  0.10324612029159159  0.10539115953293648  0.10768475225967224  0.11014242107111848
  0.11273440024388728  0.11542750560506111  0.11822944490841558  0.12111373019151676
  0.12410580900321143  0.12719292160444531  0.13043360682069419  0.13384357044013151
  0.13781684842551070  0.14245044623785771  0.14797095217216644  0.15471392873045667
  0.16336891999660011  0.17770973266467177  0.19477924315090914  1.00000000000000000
  0.00942406447695436  0.01673438116016935  0.02684529081316413  0.03718267195494410
  0.04752911145779179  0.05806089362421124  0.06865483337592826  0.07896282465201135
  0.08924071178821082  0.09919638010018363  0.10927989871670443  0.11959428262783497
  0.12986721788164357  0.14013839409657589  0.15072439889683656  0.16167348474454568
  0.17245580131805668  0.18298204151877490  0.19368557907089368  0.20448904169185128
  0.21524493344827458  0.22584634355333974  0.23639595589553145  0.24651210922678346
  0.25641588921276232  0.26632390724602140  0.27649322912168028  0.28698285549345826
  0.29757619836455573  0.30813482870891368  0.31843377346472257  0.32853233114079233
  0.33855473707485606  0.34859186741129744  0.35852124642459604  0.36845960671895200
  0.37854064502140011  0.38895303985218133  0.39955635205481094  0.41037697879167961
  0.42141907813076190  0.43249168434631957  0.44350357568805943  0.45417433500169735
  0.46471094156982995  0.47508680287346722  0.48552963954090883  0.49613020971444877
  0.50694699579915237  0.51774028535834671  0.52831158196941519  0.53857651617481983
  0.54864833565230164  0.55882388045204601  0.56934144113784757  0.58012535162724332
  0.59063675194683618  0.60112168901389018  0.61192896954858167  0.62317323694770477
  0.63410093688271263  0.64481803176431096  0.65541382463353182  0.66576040419638660
  0.67592986377151321  0.68605355041522298  0.69664986340472390  0.70724164269317635
  0.71794493932143866  0.72870083138888597  0.73969130865978339  0.75053075888240972
  0.76113873820585765  0.77168816929496697  0.78234953063400903  0.79314057163449259
  0.80426064968320876  0.81547587032928959  0.82675401984722474  0.83762228330315469
  0.84823234732737696  0.85876008307647433  0.86911012161359946  0.87892598603614613
  0.88836139215796295  0.89828945696363094  0.90843797615233346  0.91825943958755885
  0.92791243289287095  0.93757951266444839  0.94825073607028765  0.95860815570253832
  0.96895250764948115  0.97909410825944354  0.98945617266278463  1.00000000000000000
 -0.00245233883530887  0.00954510004882950  0.02018847407806499  0.03080053460110533
  0.04155044311010157  0.05196826495498501  0.06211670116408707  0.07296393192140523
  0.08277036599344598  0.09346114169442310  0.10348596018990078  0.11472855379404431
  0.12561008379973698  0.13605872835085298  0.14692844184023934  0.15721847509523346
  0.16730773822327621  0.17768327806642886  0.18829612293636425  0.19918229940266452
  0.20985678250763060  0.22093251243802056  0.23146361334602059  0.24188835062323560
  0.25213691013923634  0.26261312658277242  0.27333060941551290  0.28436788185455381
  0.29542008479628235  0.30631836808582763  0.31722001227107843  0.32772130537803101
  0.33815533388139174  0.34858093736009937  0.35926702705307340  0.37022997991928652
  0.38094624462411741  0.39189029964175709  0.40221296045199795  0.41217912535083173
  0.42187586305855740  0.43153340616640889  0.44117966922283802  0.45062353652060111
  0.46045895332984577  0.47102466668119441  0.48194109013376513  0.49277117632717404
  0.50361509189050557  0.51428657422642465  0.52499447887704676  0.53578398849362630
  0.54705104175606378  0.55894600733024036  0.57026445377376322  0.58114032361646462
  0.59182879902200014  0.60235038255899920  0.61253105910114647  0.62254240646639891
  0.63290928511120581  0.64333892260391057  0.65410659891590628  0.66424974965113182
  0.67532006319929583  0.68586590615950827  0.69648356558785396  0.70721665015804902
  0.71793084194123036  0.72894782480644182  0.73960165950524959  0.75020494996039555
  0.76082765522070506  0.77174629546218121  0.78281528729640981  0.79371758154258010
  0.80408876401648999  0.81417433974768849  0.82433299188067333  0.83484118277731689
  0.84564852086809761  0.85637776370886720  0.86725908326500412  0.87810121313724010
  0.88902092831795698  0.89953235150078137  0.91009331059718834  0.91998189934192554
  0.92974303533548286  0.93939713768567557  0.94948433820035749  0.95952980337054083
  0.96937629978986983  0.97922681677311130  0.98963722429950340  1.00000000000000000
 -0.00222025089451985  0.00888734021323575  0.01897817432442522  0.02990222788340430
  0.04129043034965543  0.05213195569770362  0.06270993179506153  0.07343457315836169
  0.08376427203873046  0.09391128005470821  0.10389279670129345  0.11461738828815950
  0.12536475574751665  0.13629861770513713  0.14712849474871598  0.15791585894949700
  0.16853666365571068  0.17918955056954311  0.18978246513208233  0.20062551801660139
  0.21133984432593345  0.22226983831812661  0.23307375751543666  0.24422823988235737
  0.25512808229986883  0.26572423027006653  0.27641633556043288  0.28711771615827603
  0.29815874210180204  0.30899405525130075  0.31985164173089065  0.33055782534345918
  0.34117284690518995  0.35175001401126221  0.36239043927854875  0.37306480687062388
  0.38387979417448376  0.39481934329385332  0.40549886435381638  0.41594739864875296
  0.42613811939076135  0.43651252593210410  0.44737286387993347  0.45851966323655186
  0.46958827407698450  0.48041397891814841  0.49099214285776821  0.50148466979632689
  0.51192045026711464  0.52231758226345204  0.53297617530680208  0.54380226810618348
  0.55490845392974220  0.56562076885667034  0.57598617307937872  0.58598527581156701
  0.59588224815639856  0.60574690508575624  0.61549006358061664  0.62515245815733278
  0.63489691811653093  0.64472143633087342  0.65460451528909802  0.66481859129820153
  0.67526976191836141  0.68578986072429449  0.69630000849025475  0.70672595215445866
  0.71750737200101322  0.72836175874920572  0.73909490276055378  0.75018867045535487
  0.76140577167190759  0.77215244963058938  0.78221305390965867  0.79249196161233637
  0.80290031954192054  0.81338251348321333  0.82379754017110063  0.83388590935652662
  0.84388069340935246  0.85382723051702825  0.86440374452464253  0.87476693171395836
  0.88511373309192798  0.89549212651083832  0.90597619098398274  0.91666002579099082
  0.92707870949328830  0.93755467922983315  0.94778562027104729  0.95773168610115977
  0.96803414448939940  0.97833095968988248  0.98912501857946411  1.00000000000000000
 -0.00244604650805856  0.00937597384642124  0.01936149806301051  0.02974441550421357
  0.04026367740622799  0.05134434197113736  0.06251479077898077  0.07401039066038649
  0.08501484392838829  0.09570294577809918  0.10692642595253785  0.11889076536589124
  0.13047474767311229  0.14152680926679759  0.15238489842371844  0.16306177654623416
  0.17328951683276586  0.18308869234866371  0.19322338422192642  0.20367113111804480
  0.21370406672433498  0.22339878630832416  0.23313420337755328  0.24283887988062344
  0.25275058889967933  0.26233914607030395  0.27180212872058995  0.28167995227583409
  0.29154455764227455  0.30187314547953609  0.31239926886913266  0.32309150664475395
  0.33372654814691011  0.34406564643166843  0.35470790795637164  0.36575538434158988
  0.37691421149190280  0.38832225089482286  0.39994852861153718  0.41157915333269035
  0.42290108831071754  0.43383894256321048  0.44435389443969592  0.45453695714963560
  0.46471097144541229  0.47504626680572415  0.48554295459529018  0.49602828898433027
  0.50656919510087395  0.51726834080362782  0.52813588060406702  0.53921850062702725
  0.55015707561489458  0.56121039402822137  0.57215090303030258  0.58300418398850951
  0.59349799049206364  0.60402104970668202  0.61426034402119589  0.62453385530627037
  0.63463659135366934  0.64507057769175868  0.65548835103359204  0.66624873593935197
  0.67637360971236993  0.68634042708706688  0.69610161048893049  0.70576178633956010
  0.71572786536854127  0.72570459766960316  0.73623186821901521  0.74714686084588555
  0.75796890393420246  0.76881058872024610  0.77986684428104269  0.79120032763104320
  0.80220009581486129  0.81279738246893185  0.82369036633305848  0.83447276861736108
  0.84492047086890099  0.85537660347764932  0.86576378812231325  0.87639232127540445
  0.88649882023941085  0.89661787250106129  0.90642327740722939  0.91634884258496663
  0.92637690944880113  0.93674727490388132  0.94718800065703967  0.95788277328326854
  0.96834190014612642  0.97878704939375727  0.98921942929892159  1.00000000000000000
 -0.00235280533437351  0.00904300635700542  0.01871183506799058  0.02908140094716554
  0.03899507865809129  0.04968255463427980  0.06030422272951689  0.07123568273704348
  0.08216750106168294  0.09283868477939287  0.10344273808151223  0.11404584687022253
  0.12487069274610250  0.13525735819135759  0.14571569259898903  0.15630838723338072
  0.16679767731475040  0.17738958102870034  0.18780946343196891  0.19839282828820007
  0.20883847680837622  0.21932081305225257  0.22979342049961177  0.24031802827793994
  0.25075494669065090  0.26110193828826678  0.27135126243223923  0.28162226066278861
  0.29212111178855288  0.30280540061021050  0.31358990256512242  0.32423632190857266
  0.33482096907616560  0.34549572726555472  0.35595624998335906  0.36629358775052434
  0.37667436242913543  0.38716168874787099  0.39766208909557493  0.40804278344419120
  0.41870850396217252  0.42972498973830836  0.44105767993581330  0.45246465705936867
  0.46380003527789337  0.47517965132634726  0.48631368355419785  0.49690932670907911
  0.50713617018910917  0.51730548055819869  0.52759059335602798  0.53813314256558931
  0.54881340247025157  0.55946317310314719  0.56991336403616832  0.58034154344856803
  0.59081955481532789  0.60113071231772686  0.61140927028198166  0.62180294716688078
  0.63245286138468182  0.64324638927775601  0.65360177581210510  0.66359116101017235
  0.67367100308244210  0.68403926463878328  0.69509471104443477  0.70591046374099364
  0.71782695321541534  0.72935657405876408  0.74018704748880382  0.75083165895210346
  0.76122736365486166  0.77159960100483149  0.78181409969144811  0.79200953402406526
  0.80214475099529081  0.81201075045641580  0.82200130944951433  0.83210844073154222
  0.84265611109896554  0.85305128708489120  0.86344887934521253  0.87377822205086131
  0.88397778075591893  0.89439163246028996  0.90492532706618156  0.91538604071471386
  0.92571802339544884  0.93601289102942009  0.94691963024733894  0.95776021971869207
  0.96804784443164238  0.97839652682139666  0.98918020902569892  1.00000000000000000
 -0.00235703945764982  0.00767840356045365  0.01698419739193886  0.02597598244525295
  0.03484941063614322  0.04372011122354497  0.05260838570074081  0.06153060888397971
  0.07049783099612646  0.07946713172318527  0.08868658378527054  0.09828883344706732
  0.10805306892286957  0.11790085514815726  0.12776333119189062  0.13763759642819243
  0.14779099287293376  0.15800945589351459  0.16834642984903339  0.17871238497286168
  0.18925711529115283  0.19990275525596563  0.21060019078073849  0.22131850794620322
  0.23208227254972752  0.24318605609368824  0.25400595343452947  0.26492075041959678
  0.27591607683860914  0.28716026636424519  0.29841203535172162  0.30974835819235458
  0.32187900902250799  0.33400636322802263  0.34602874003688033  0.35776432183542828
  0.36973384774494994  0.38177017069195940  0.39402779796568616  0.40625122117728896
  0.41846884759599612  0.43070707600081476  0.44325654484256877  0.45580172055689472
  0.46849658377467829  0.48114167905620248  0.49380774039157965  0.50652773454802025
  0.51947064112382380  0.53148996194597675  0.54333326014838856  0.55547527023078236
  0.56793159888356015  0.58021240630487658  0.59243720017744494  0.60460807940226713
  0.61637905932153414  0.62789537277397289  0.63942015294772814  0.65110080966004802
  0.66263385255662466  0.67412712848666900  0.68570473336585414  0.69727683984241662
  0.70882042761633457  0.72004197554376426  0.73108932397288229  0.74210653241147473
  0.75290152073940908  0.76349820080639996  0.77393278017910205  0.78449982209048574
  0.79498116949377273  0.80504901205064094  0.81495448155698214  0.82493264033400981
  0.83489143947253108  0.84456601928873221  0.85407095292566870  0.86354018655546527
  0.87295601222203378  0.88216406353544397  0.89117206157630613  0.90005951349438229
  0.90881271485298420  0.91760384039989873  0.92630093502724620  0.93491743544993899
  0.94334555483442173  0.95183763843870728  0.96026530887010031  0.96859608850246159
  0.97689954925109834  0.98474199070199875  0.99252719686319291  1.00000000000000000
 -0.00255150083163441  0.00971949601273268  0.01934065792774706  0.03006994032568915
  0.04072807148597318  0.05237175571770385  0.06370136265080216  0.07449166657246789
  0.08519925917441344  0.09574059727680900  0.10619253388031347  0.11679417481830789
  0.12724213632537595  0.13774544816452514  0.14816582764089681  0.15855530416777663
  0.16894344890692048  0.17898612604998432  0.18892183961839870  0.19900159160550829
  0.20930783316445134  0.21948846871677041  0.22983528486111773  0.24034180173435857
  0.25103993725588025  0.26163843825675226  0.27239879381079529  0.28366107480408292
  0.29524654355872421  0.30643441613462302  0.31724273135337416  0.32799104090100384
  0.33852731620668958  0.34878741035852057  0.35901269795799368  0.36922204242629514
  0.37935962780246102  0.38930672992968035  0.39943499952820150  0.40980892312764183
  0.42036384971647012  0.43110176624818630  0.44172442273828189  0.45271099747910787
  0.46361296994255574  0.47476863579432399  0.48586685523461831  0.49673992959906649
  0.50767946828970156  0.51879094042094664  0.52958850758773057  0.53997154986318863
  0.55006304826260799  0.56042709065948360  0.57120865806902010  0.58225439228169429
  0.59301214092235399  0.60434442833568902  0.61556426672252706  0.62683472196211532
  0.63769888059475610  0.64845421882065102  0.65940001973346940  0.67003604626857149
  0.68069101000685228  0.69122744647896139  0.70177065004465244  0.71233000358190479
  0.72285686011735928  0.73339485295956608  0.74401385702398981  0.75457523490283762
  0.76498379418382778  0.77527090638817575  0.78562606040769123  0.79600962859884283
  0.80630672455829344  0.81644347841441256  0.82648985145513232  0.83647299492514560
  0.84614819183521373  0.85600019594329280  0.86592650010819860  0.87610068891130644
  0.88658212272280190  0.89708126207660099  0.90751114084506856  0.91776090090980378
  0.92801388275670083  0.93842866122309188  0.94848936262526806  0.95853171330097708
  0.96854215248402931  0.97887055979880977  0.98930458302439683  1.00000000000000000
   7.1573267995858753E-010  -1.0000000000000000     
 T F T F T F T F F F F F F F F F F F F F F F F F F F F F F F F F F F F F F F F F F F F F F F F F T F T F T F T F F F F F F F F F F F F F F F F F F F F F F F F F F F F F F F F F F F F F F F F F F F F F F F F F F F F F F F F F F F F F F F F F F F F F F F F F
  <DiscreteSampler_grid>
  grouped_processes
  1 # 1 for a reference and 2 for a running grid.
  10 # Attribute 'min_bin_probing_points' of the grid.
  1 # Attribute 'grid_mode' of the grid. 1=='default',2=='initialization'
  0.0000000000000000 # Attribute 'small_contrib_threshold' of the grid.
  0.5000000000000000 # Attribute 'damping_power' of the grid.
 # binID   n_entries weight   weight_sqr   abs_weight
    19   10   1.505247729514687E-001   3.310916305569966E-002   1.505247729514687E-001
    25   10   1.460471952728180E-001   3.272483740976353E-002   1.460471952728180E-001
    37   10   1.333899622104307E-001   2.461205809545700E-002   1.333899622104307E-001
    43   10   1.376570316030666E-001   2.555454340582736E-002   1.376570316030666E-001
  </DiscreteSampler_grid>
