 -0.00000264136185812  0.00010965351191757  0.00049540413739249  0.00103322591780402
  0.00166752331425103  0.00239249214544979  0.00319839539014222  0.00407041723133014
  0.00498505262597696  0.00594960359685464  0.00698298880218350  0.00802710616682056
  0.00909963089971654  0.01016842656752564  0.01124652151834110  0.01236859413762165
  0.01348966180453735  0.01460297398781365  0.01576957754643403  0.01696539811254377
  0.01815299918116642  0.01935286529375800  0.02057252874930146  0.02182381630636232
  0.02304582117057676  0.02425974409947863  0.02550092768086774  0.02675621575754279
  0.02804150388259330  0.02930003333762764  0.03055935070297009  0.03182517599888517
  0.03307807367212577  0.03431697238477073  0.03563625776293797  0.03698103440550624
  0.03831433649940486  0.03962734494728052  0.04093983840136087  0.04223767892294639
  0.04354405674261588  0.04483237051188733  0.04620005096636937  0.04760507311800034
  0.04899496785855365  0.05037190722397832  0.05175679714038397  0.05316258198552318
  0.05456690151403618  0.05595819538462195  0.05735237208044992  0.05877178716995178
  0.06025547251485001  0.06180447031511037  0.06337381712349675  0.06496162282251972
  0.06654645750546360  0.06811259272315955  0.06966404641131764  0.07121221982940920
  0.07277595789643572  0.07437278850464706  0.07599659836866590  0.07765816500540616
  0.07944738905686205  0.08124810553110011  0.08316148824157141  0.08512893367824627
  0.08708549670163643  0.08903535056087565  0.09099493803217931  0.09296694211721046
  0.09495146270005950  0.09697067804011841  0.09905640564258800  0.10114325446128657
  0.10315906322121364  0.10544163032741607  0.10786203011471722  0.11035361806660637
  0.11296409271777504  0.11567567748435757  0.11843028324445445  0.12125931125912572
  0.12417330970121548  0.12722660484444728  0.13040829775672583  0.13388152864064326
  0.13775457396173701  0.14241055199957595  0.14791929047544644  0.15442323405014308
  0.16250338474197723  0.17519666236030043  0.19582927886861451  1.00000000000000000
  0.00937752848978699  0.01680051326416264  0.02639377500939139  0.03681102455548430
  0.04718168109590901  0.05763783810547471  0.06834511420318801  0.07923405433867758
  0.08976790337669735  0.09996566009263090  0.11051881618952082  0.12137006138381624
  0.13194889977468161  0.14217148124130979  0.15257968819828319  0.16292411342577373
  0.17328023226546233  0.18333992121343298  0.19335088558128524  0.20320911142212811
  0.21319353221149687  0.22345495285962910  0.23389704492714772  0.24446168458944836
  0.25500298950167583  0.26544515151631171  0.27598379030480302  0.28647444869228600
  0.29716736309545527  0.30784825448114428  0.31871534768481624  0.32982317174770226
  0.34039834211197723  0.35073322268910839  0.36063808799157837  0.37064395909629583
  0.38091132482980655  0.39145567343434179  0.40194039340120713  0.41247137797200384
  0.42329360609104533  0.43440486023484132  0.44530640605384075  0.45604235158787459
  0.46661170384103567  0.47701490045084799  0.48715898976608557  0.49734768939102175
  0.50775176739987093  0.51825764671925412  0.52860008994940222  0.53886866899301999
  0.54912456682564237  0.55921749557175682  0.56915966751654989  0.57909788774289928
  0.58935355602532724  0.59988566926132714  0.61056726059376021  0.62162709779113612
  0.63250499897847501  0.64311067677733147  0.65321629360222355  0.66317447860571432
  0.67315497071060193  0.68327455661584124  0.69392612281982835  0.70457838581601151
  0.71497670642565836  0.72542800818927922  0.73614523810770649  0.74713322269994642
  0.75815375944839958  0.76883362726810622  0.77920380607736039  0.78972705507158270
  0.80059262367625483  0.81186543642769893  0.82255655834549346  0.83308574783840428
  0.84336615462148090  0.85404594906928533  0.86440840835932664  0.87503906996582326
  0.88491610604585802  0.89483082041847084  0.90459892369094930  0.91443870559890006
  0.92427556194085148  0.93416068643979722  0.94431935046136151  0.95511523971416945
  0.96581004765137346  0.97661987771344017  0.98798948084303917  1.00000000000000000
 -0.00240479035519811  0.00909382223666381  0.01959979563319826  0.03001005284374739
  0.04076595779753622  0.05153586050797097  0.06219208548478126  0.07233382318668975
  0.08239615017581871  0.09264106605621845  0.10328424629173645  0.11366411035133654
  0.12382430359049308  0.13379709265477957  0.14409328554184428  0.15454842021843512
  0.16502013878669913  0.17541772833394789  0.18604375112549362  0.19699802654636384
  0.20799475036459036  0.21835608868695000  0.22822233522170690  0.23807556666514304
  0.24806525041211822  0.25860654005435219  0.26951369169750294  0.28076698000072725
  0.29183367457265091  0.30254199225121570  0.31324894778684803  0.32409153971140359
  0.33468258283409996  0.34491129096678758  0.35515442184698803  0.36561806496405075
  0.37600951709651437  0.38626820772128800  0.39669028062435130  0.40715279156633954
  0.41761694978735642  0.42809472496659851  0.43862842573022232  0.44906184139337690
  0.45946281291731023  0.47009307748472395  0.48074765531461106  0.49125125279660403
  0.50145576298779437  0.51164651311257148  0.52208347687091017  0.53277212759290427
  0.54343516509310041  0.55387844712869871  0.56450010453194477  0.57533777392731922
  0.58608707909461422  0.59661540120162937  0.60723773219909294  0.61815767731369753
  0.62906431291760900  0.64003483130338201  0.65094920007465562  0.66171892463897097
  0.67251730697527345  0.68355559230858709  0.69421354001312030  0.70509330831968742
  0.71548622777856330  0.72559871146377120  0.73565319316525357  0.74552110098713820
  0.75523951273242562  0.76468915126412351  0.77435651863660060  0.78472554205318645
  0.79478900982649781  0.80465769108789831  0.81478160175238989  0.82561335880255449
  0.83659185950264636  0.84737967154742933  0.85799541063295304  0.86881055524849493
  0.87992314289368490  0.89102559489157918  0.90242928037205816  0.91404305015356879
  0.92593352213151270  0.93742063200456205  0.94841933062974404  0.95921370647281479
  0.97004222921710692  0.98031653246952988  0.99024145078874137  1.00000000000000000
 -0.00238432927688890  0.00945347262976599  0.01917263414398795  0.02981674410025804
  0.04028842579112844  0.05092960945432609  0.06181266721729222  0.07251387990401478
  0.08304480458786354  0.09301165512828939  0.10305000953788421  0.11363916749600557
  0.12430711569438031  0.13505762009023140  0.14547142983463335  0.15623822432230050
  0.16689694763669874  0.17792766838939275  0.18882277071262027  0.19988601159263192
  0.21051810562893922  0.22057171567349582  0.23065316239135411  0.24106965763275115
  0.25145415735006721  0.26201950551967085  0.27249580519388594  0.28318373441720296
  0.29381310616686723  0.30441832282223663  0.31502295607852004  0.32544928664510370
  0.33565542654582770  0.34572334307471575  0.35609790871416669  0.36653992831373655
  0.37665545660506389  0.38655040857853562  0.39660297298761243  0.40719587896899184
  0.41791752313553959  0.42850211679200834  0.43890889906155978  0.44933615315893694
  0.46001906572927587  0.47109442578653804  0.48232741112032518  0.49317539614890893
  0.50415736679961742  0.51537988970608706  0.52642661555506720  0.53707953817722098
  0.54752597000167769  0.55757757114496620  0.56742977209344936  0.57735726517630148
  0.58730531046429246  0.59736490493992056  0.60745132284674164  0.61773285373326514
  0.62821065894809680  0.63844167097113891  0.64849965155399070  0.65845547360295775
  0.66866948387812852  0.67918659594324293  0.68979087142560924  0.70050923033587864
  0.71138718341674978  0.72275727204009832  0.73414208598147113  0.74539954712159340
  0.75655322986880713  0.76778680530313570  0.77865472929822233  0.78920836559761187
  0.80017513055069345  0.81154821494994056  0.82269694690274420  0.83360440894421861
  0.84421833071588803  0.85470847345650391  0.86494059239143473  0.87524921518824528
  0.88621823369036257  0.89711106608642743  0.90830521420556276  0.91934996410947845
  0.92945015779886109  0.93959218589928428  0.94950312608325904  0.95941640977536291
  0.96934114903378343  0.97921953214537472  0.98983073981394942  1.00000000000000000
 -0.00222493326098172  0.00864916410937430  0.01820421472127103  0.02858319795706906
  0.03856783035483579  0.04848348233647342  0.05871886087588697  0.06899709735660370
  0.07934938383429707  0.08972637698659237  0.10011000418122296  0.11044452038883916
  0.12089246281894216  0.13139172190320350  0.14222961793011032  0.15290946330567923
  0.16380227733901170  0.17410962733877575  0.18420093465758250  0.19427840338465605
  0.20471816593024900  0.21541317824054876  0.22608929049850499  0.23671242945800017
  0.24745271242052219  0.25797077573222327  0.26839332886693362  0.27897684429523728
  0.28973281457666722  0.30037021218190918  0.31074394974644787  0.32115901182115730
  0.33133142015879874  0.34153773540458027  0.35181494172758959  0.36229225426104139
  0.37306744455855367  0.38380410891942124  0.39450086444711691  0.40509895670391799
  0.41571800517938418  0.42622772520712454  0.43642272406211513  0.44636248205946388
  0.45627911458668391  0.46645348295760319  0.47680700046610558  0.48725077973971609
  0.49768648345811706  0.50800298574575808  0.51823741697526216  0.52852244187641284
  0.53912357472147354  0.55017969497022912  0.56144301502493554  0.57262424487136498
  0.58350443754700232  0.59389936486589823  0.60423937609368672  0.61464031790156182
  0.62483219230523412  0.63491190270859632  0.64532062438904281  0.65631055836950924
  0.66716349900097005  0.67757717599613709  0.68800126455958033  0.69847962539668962
  0.70892005745867215  0.71915168922274619  0.72925412444934457  0.73967984283990895
  0.75048776464780642  0.76166424777561026  0.77298151057527242  0.78373700044955685
  0.79431309738563838  0.80485396004186027  0.81540576150264510  0.82609366944989537
  0.83677443533048435  0.84764698675787331  0.85844477703697120  0.86930253252078871
  0.87994202624212858  0.89033004849024289  0.90083891345935296  0.91161651727494997
  0.92254710509753757  0.93364567659484643  0.94468653622770205  0.95608547084818940
  0.96697476094260526  0.97831769664628110  0.98907306246921767  1.00000000000000000
 -0.00239350567277593  0.00915835160773453  0.01892790251815558  0.02943097529685271
  0.04017434748711683  0.05053336157974424  0.06084612424486203  0.07090398825883025
  0.08092657519120929  0.09087384200458068  0.10070514862155745  0.11060850714510448
  0.12108952198100599  0.13142712765624379  0.14189485639765867  0.15191274352511433
  0.16178590088164740  0.17196610941789714  0.18240479056517847  0.19288672113918962
  0.20334582207531038  0.21398243504624459  0.22500689617318051  0.23582239293104143
  0.24662541812022928  0.25759244491507455  0.26881934079325714  0.27984992325455027
  0.29075466691772101  0.30180552196581306  0.31306670949818211  0.32449294926833239
  0.33551220368035639  0.34614336803117363  0.35655614725885953  0.36701825803770621
  0.37718861369180201  0.38709041259916643  0.39723200676951986  0.40733830348935846
  0.41764243155854258  0.42774048140446358  0.43783226080500587  0.44792183830928711
  0.45782165631166305  0.46802479305889033  0.47862934647847627  0.48933876581916891
  0.50001023057252825  0.51080204521280925  0.52164115102487463  0.53213328699066786
  0.54239848376468180  0.55258351833498320  0.56262480821055161  0.57244442917299387
  0.58203951135998522  0.59169412707784508  0.60147108928211490  0.61171948686633315
  0.62233068282275450  0.63326622248154563  0.64403990469059647  0.65453827916839546
  0.66497277675038435  0.67595141233768241  0.68743460582263327  0.69896652189576947
  0.71052346527011456  0.72215541206109712  0.73324352526836400  0.74371839018281050
  0.75426353443318772  0.76476678776591078  0.77521695294321180  0.78552154232030413
  0.79601013778546825  0.80685728977139126  0.81816419985303002  0.82972295292542331
  0.84102735186173672  0.85196865962595025  0.86292107105625249  0.87411989584784477
  0.88442783514863621  0.89507853982162200  0.90635268240834721  0.91755829968545055
  0.92792829507535568  0.93800070793171275  0.94822919969934116  0.95832974130872628
  0.96851112280603624  0.97874483498159048  0.98947686796658585  1.00000000000000000
 -0.00169878243715178  0.00663797617127833  0.01457179479976173  0.02257416136458157
  0.03065712972235086  0.03850293602791877  0.04643697848528097  0.05443168340598287
  0.06272949423879097  0.07121945708474230  0.07950335604623347  0.08867906897318351
  0.09811397202272376  0.10745252820737404  0.11686674637861848  0.12652428664711465
  0.13632888297100768  0.14619968573159164  0.15614333977392925  0.16615591437886751
  0.17622403650472893  0.18643230795394430  0.19677698750606429  0.20717729764337997
  0.21748247594983727  0.22813488886231964  0.23923719712382682  0.25039298635390833
  0.26141132109889292  0.27240118120916840  0.28349016953814982  0.29455927391252357
  0.30580441531230107  0.31727258949534676  0.32912290972183089  0.34123244496472765
  0.35347829380772589  0.36565818136488520  0.37807383468600059  0.39093584028519973
  0.40363093663694039  0.41600307784674573  0.42824745311679568  0.44042812587342467
  0.45245854954085046  0.46416545897628936  0.47547604380007158  0.48700032714066094
  0.49883112839683463  0.51065345401835549  0.52255959049089529  0.53475275626854279
  0.54745156305452936  0.56033420538071443  0.57303584921177120  0.58558124892612340
  0.59826660890813410  0.61084522692674514  0.62328815050672381  0.63581175333440099
  0.64824089545222874  0.66025886184708982  0.67185529197923100  0.68303607867291893
  0.69397135650400410  0.70483133910329954  0.71596571142898002  0.72731068987357284
  0.73837184067467077  0.74909828661485756  0.75959375682027530  0.76993152078597682
  0.78023850716477794  0.79066681850569465  0.80112154819861714  0.81128599342644214
  0.82102364792528093  0.83058995489619036  0.84028876397764618  0.85005268462739547
  0.85991076108458386  0.86987018743108102  0.87996530518208527  0.89019272874093758
  0.90036636428285277  0.91038819124382375  0.91996900203986320  0.92913669474113658
  0.93819720198569923  0.94728408968227473  0.95665533351698051  0.96573197343131667
  0.97444995179905680  0.98294467302810373  0.99151132540381748  1.00000000000000000
 -0.00250309370511260  0.00991048385702029  0.01957684987586405  0.03025251281674090
  0.04047003288357835  0.05084035874974432  0.06095877836652785  0.07199648402082243
  0.08299525027713144  0.09319668472130678  0.10336281561303748  0.11464272208422507
  0.12556133913661927  0.13669660798494351  0.14754826563179374  0.15906156506199989
  0.16982007019629319  0.18042308698025269  0.19087959335415133  0.20132452173006998
  0.21151560388333601  0.22104886979349095  0.23052813522560964  0.23998905454033614
  0.24964403986459002  0.25934010996798573  0.26918185780896459  0.27948480310614920
  0.28993406894878998  0.30015973432521331  0.31020435086148257  0.32054014846783252
  0.33127419549902115  0.34211380379305845  0.35301112521933098  0.36416215291536008
  0.37538421406219552  0.38625704692987312  0.39717001715114492  0.40761117282016546
  0.41816807312355581  0.42803810132566478  0.43800548235462206  0.44853478914351852
  0.45915193021647499  0.47016401535728708  0.48122628672218148  0.49319321419805290
  0.50506104985093425  0.51629220570085532  0.52739485676332665  0.53879461812753804
  0.54958356264880937  0.56062403298920005  0.57129597557333889  0.58191059913572285
  0.59230928345344802  0.60291535784690453  0.61361156780132409  0.62426486082944799
  0.63466644770106762  0.64517269840352820  0.65566858544158035  0.66590382218224631
  0.67591996092084139  0.68595045562770129  0.69654555114485894  0.70717775628620605
  0.71789634296764127  0.72870951374161941  0.73977491023709530  0.75063807010733696
  0.76087070546303193  0.77085770630614403  0.78095152748094576  0.79112793636782452
  0.80118879220514161  0.81119075992917122  0.82163818991563553  0.83183840160598410
  0.84217615050253380  0.85256061330404487  0.86349730167972805  0.87473569971343723
  0.88585240643903151  0.89683224883291401  0.90751700358237553  0.91810278712155058
  0.92850891052755602  0.93872138174017816  0.94874557752081368  0.95884273294949796
  0.96910063243254807  0.97951348748062073  0.98980124008932302  1.00000000000000000
   7.1533548641706139E-010  -1.0000000000000000     
 T F T F T F T F F F F F F F F F F F F F F F F F F F F F F F F F F F F F F F F F F F F F F F F F T F T F T F T F F F F F F F F F F F F F F F F F F F F F F F F F F F F F F F F F F F F F F F F F F F F F F F F F F F F F F F F F F F F F F F F F F F F F F F F F
  <DiscreteSampler_grid>
  grouped_processes
  1 # 1 for a reference and 2 for a running grid.
  10 # Attribute 'min_bin_probing_points' of the grid.
  1 # Attribute 'grid_mode' of the grid. 1=='default',2=='initialization'
  0.0000000000000000 # Attribute 'small_contrib_threshold' of the grid.
  0.5000000000000000 # Attribute 'damping_power' of the grid.
 # binID   n_entries weight   weight_sqr   abs_weight
    19   10   1.510083680248557E-001   4.645316556136302E-002   1.510083680248557E-001
    25   10   1.859640782374700E-001   5.702012882988228E-002   1.859640782374700E-001
    37   10   1.472441367790288E-001   3.536664599349797E-002   1.472441367790288E-001
    43   10   1.841036459938894E-001   7.576805085931100E-002   1.841036459938894E-001
  </DiscreteSampler_grid>
