 -0.00000266318976584  0.00011168099514712  0.00047576575113367  0.00099348470602199
  0.00163242952894944  0.00235783189738001  0.00314314976762382  0.00400802618907778
  0.00493849396038643  0.00588779193973298  0.00687110788760796  0.00786756743906577
  0.00890534047222727  0.00995670408639415  0.01101866533569617  0.01214418971775030
  0.01331277505216465  0.01445377670271963  0.01563874317680856  0.01684679669863180
  0.01803623899389457  0.01921424216715728  0.02040476888968895  0.02165668634838730
  0.02289590254515502  0.02412736481091383  0.02536456719003324  0.02664795008088031
  0.02796501014809016  0.02929109675193961  0.03059964280372609  0.03190118936565252
  0.03319571733032575  0.03448669078136187  0.03581676080381043  0.03720154659966092
  0.03858805677578168  0.03995549368504671  0.04130851626203226  0.04264361426062942
  0.04395780652062549  0.04529921054554610  0.04669199947090853  0.04809530823729733
  0.04948631183213010  0.05087462361522378  0.05225657197847294  0.05365083592132951
  0.05506368657817619  0.05649294699687457  0.05796999408487107  0.05946037283181230
  0.06097142225942351  0.06248089624337369  0.06400285826628901  0.06552621961735970
  0.06705313532916855  0.06860047749296963  0.07017096116601695  0.07175475653429039
  0.07333790730499259  0.07491188085552487  0.07646738532848507  0.07809502910500810
  0.07981613875689074  0.08160319949826625  0.08345548998399274  0.08532994629703089
  0.08723202087713368  0.08915799400151354  0.09110206479748967  0.09305952447782222
  0.09502546730459902  0.09703518659139103  0.09905045356470471  0.10108162292779371
  0.10321961223399986  0.10544413573019712  0.10777824793208811  0.11038871937752254
  0.11307534200291629  0.11578783312932059  0.11856662990482714  0.12141466301037285
  0.12435503733120941  0.12739922434544285  0.13059108831088445  0.13397006841952966
  0.13727631324607223  0.14218301703283143  0.14789276667762169  0.15465203327724722
  0.16309298715968412  0.17583099585009015  0.19558322175794454  1.00000000000000000
  0.00941572079489845  0.01643027809252010  0.02643985520326315  0.03771844530073475
  0.04841661935331298  0.05930289310536373  0.06965385996107336  0.07968542174413083
  0.08969357090578901  0.09964389187256181  0.11000464171231060  0.12059841342680816
  0.13110318597627521  0.14175406545067817  0.15224658391654144  0.16271454704592483
  0.17287543133611488  0.18291196208255245  0.19290661471759263  0.20277770583428412
  0.21243438368263301  0.22232934334436857  0.23228849231974705  0.24274887056682226
  0.25318856606305279  0.26340512417912970  0.27324545178274345  0.28306998670879430
  0.29311816526171408  0.30356183179524321  0.31397663989843028  0.32484092825967681
  0.33569027939844104  0.34677645765665088  0.35763797921773854  0.36837104703424955
  0.37887195730131001  0.38920193922078850  0.39977075343743085  0.41067018862626919
  0.42155929136421821  0.43208084126765228  0.44240021329722407  0.45243342032430639
  0.46242612573842184  0.47217347020852107  0.48237911105495723  0.49280418776537549
  0.50308779736105402  0.51345965170523067  0.52379129152371273  0.53413042485755025
  0.54452517039327364  0.55536812342067166  0.56589213064228028  0.57621673716373045
  0.58654003058435822  0.59693174527033865  0.60738673032071566  0.61760871295234798
  0.62775142659322503  0.63785190180835472  0.64795357054739711  0.65826265856263311
  0.66852484354669139  0.67875403653435729  0.68905605688737770  0.69984423666077111
  0.71060232244892774  0.72107649420487263  0.73175350175985321  0.74265895199764309
  0.75344520441837559  0.76376660641470218  0.77424408068590655  0.78495195756386260
  0.79574401317767829  0.80648747944523846  0.81730684578200052  0.82812127495625354
  0.83870029543777369  0.84907493803661693  0.85938310585721622  0.86959395361571679
  0.87995574871284021  0.89042379306465413  0.90082899376401027  0.91095694384908255
  0.92160783518843026  0.93247353917917997  0.94356238532769998  0.95436683792507715
  0.96550319996316303  0.97662012999896486  0.98805210606973448  1.00000000000000000
 -0.00228862286169792  0.00896971367523162  0.01884468667762239  0.02925313953390541
  0.03971733734027554  0.04993351080422670  0.06013811428217247  0.07062694689872680
  0.08126944612285529  0.09175029872572101  0.10223999728371137  0.11274795098195410
  0.12335529887552392  0.13381030855346146  0.14382084633616687  0.15341613469697490
  0.16283230085376887  0.17253080417814268  0.18238482565709102  0.19243831627433841
  0.20279249696613871  0.21339788555816114  0.22408731023151257  0.23474193771736718
  0.24537990856599731  0.25634719778057663  0.26724856306102768  0.27789967519690767
  0.28845669331501228  0.29920378666774194  0.30992990669663834  0.32042488430717536
  0.33053535797217343  0.34041552883652476  0.35013383385206903  0.36000251128793115
  0.37026597359486951  0.38083480022448685  0.39134470574644359  0.40177370262696760
  0.41221647277988727  0.42271563130310902  0.43321216942491853  0.44390513560130107
  0.45453938412672834  0.46524116987387337  0.47612012322831976  0.48731481437498225
  0.49899051064177902  0.51096641808202758  0.52311543953195694  0.53484252160783896
  0.54622250841486009  0.55702263766907745  0.56797968820050704  0.57906538710633393
  0.58955262957564769  0.59984249326562666  0.61048790515908657  0.62139552783722196
  0.63194683162736720  0.64242887143916616  0.65295755304937508  0.66362679025102111
  0.67446604365869112  0.68569443888364379  0.69693966440642863  0.70777288821245976
  0.71822042068334713  0.72854128801533269  0.73882739082507909  0.74940937476439884
  0.76075334624694635  0.77229476183652079  0.78359903891268257  0.79454916891610561
  0.80511197085750097  0.81523595386823255  0.82504648841042227  0.83453914757739367
  0.84373931725456819  0.85314926988592299  0.86295098196119302  0.87286061549044658
  0.88275925576309566  0.89266991734994716  0.90329893881472512  0.91442296737860906
  0.92495137809904338  0.93556366272374170  0.94652335111180197  0.95782198078178338
  0.96824765775080801  0.97849691499835312  0.98912559052957716  1.00000000000000000
 -0.00238069029037135  0.00954089201908270  0.01915938370021224  0.02957151701460667
  0.03979019247857139  0.05061064283231161  0.06160506743848335  0.07176964559228802
  0.08198734628624288  0.09198213395120906  0.10206076445603852  0.11218943830798372
  0.12239706778490413  0.13247966273130024  0.14236351837733130  0.15238549081650449
  0.16232265713821273  0.17258681780601315  0.18289627466116076  0.19338569538649425
  0.20385068966392134  0.21444712474212960  0.22532881655488710  0.23606370917963537
  0.24664157300939868  0.25740352989606002  0.26834377905942230  0.27889796955029206
  0.28939536412651568  0.30018439156699667  0.31090396267146586  0.32151181519948668
  0.33217765726129755  0.34314817600625441  0.35389626670339480  0.36428258447019923
  0.37454163722090389  0.38545323929167219  0.39653898972261553  0.40728327425362082
  0.41809917298377558  0.42904644082466803  0.43969551661930784  0.44988231894548875
  0.46029883126603394  0.47181021088521513  0.48329112272742586  0.49454390405440618
  0.50607729195647311  0.51752861947889450  0.52772563079127832  0.53772249444965747
  0.54782482771974805  0.55812141154643746  0.56835966797375748  0.57852769396530157
  0.58880469772247201  0.59939425040391869  0.60969331516993075  0.62045099258861924
  0.63072456656880782  0.64099197790706430  0.65128506834956024  0.66237893866493291
  0.67288090940376921  0.68329120381863861  0.69346214671339246  0.70376664666002964
  0.71393779965821647  0.72394186509383185  0.73418883544293800  0.74479351799730442
  0.75523302510958412  0.76553497975746942  0.77640600164738161  0.78781872487342230
  0.79927311315342631  0.81047996142580814  0.82172801297490716  0.83248860710988948
  0.84271873731172797  0.85295889788775059  0.86322485150401207  0.87374853124453888
  0.88455189932277201  0.89544384389461729  0.90604012309514426  0.91659632247643130
  0.92670531959515579  0.93676359140222409  0.94700396862379133  0.95734446595117006
  0.96774321631785076  0.97805915562280299  0.98908528811307206  1.00000000000000000
 -0.00270083563253365  0.01057141951877126  0.02101379045970372  0.03151141494214861
  0.04187088618531086  0.05266607444345737  0.06387126495077786  0.07519402631100873
  0.08612275064937594  0.09684306028055920  0.10753645647080619  0.11810795376409909
  0.12856195655414285  0.13892189356558191  0.14968512622408012  0.16083777147794759
  0.17191364819517055  0.18272063517784298  0.19339221404265533  0.20369601087036901
  0.21374038281181096  0.22364871621898932  0.23376336902227812  0.24410752083348586
  0.25461762816568445  0.26537750119512848  0.27604542293014406  0.28653873167424398
  0.29716007616673384  0.30800044118430814  0.31867479175198654  0.32933378657349255
  0.33975676971000612  0.35030962494602796  0.36105579010807709  0.37196027633483603
  0.38248767583518523  0.39263548519629982  0.40264411609526002  0.41286059289437949
  0.42303248940144494  0.43319552288988300  0.44345901290443823  0.45385557093838969
  0.46441010783753117  0.47506827808177637  0.48595060226750408  0.49692090434761205
  0.50790055402571310  0.51869495819637257  0.52901000465931680  0.53916458831215675
  0.54941537773209204  0.55974067693830576  0.57006348500136417  0.58027177542623032
  0.59048128217938334  0.60049816082721474  0.61088557449004854  0.62116142169188893
  0.63148300536228141  0.64187777812370461  0.65237558684516506  0.66319559419751029
  0.67403226320705112  0.68444112924247580  0.69488716047582033  0.70501198571933121
  0.71582868016641454  0.72658761092961888  0.73698909071301044  0.74728678884118549
  0.75776251873431322  0.76848260191198814  0.77926411695076481  0.78955325336950710
  0.79961064564758477  0.80957697876251145  0.81976879168851025  0.83032855108137671
  0.84103656548083505  0.85153540742732425  0.86155581546486004  0.87134061183328604
  0.88121518264153764  0.89113363301977799  0.90160340159053953  0.91243671478811528
  0.92403710029632347  0.93570699476906449  0.94686301768376768  0.95746436606242891
  0.96816978940322707  0.97869530317010045  0.98930702113305502  1.00000000000000000
 -0.00239754160950549  0.00972328313510041  0.01999400500307540  0.03089119965896266
  0.04169359145066109  0.05256947895628335  0.06316021785102721  0.07347146428657753
  0.08404568334159770  0.09417342682564042  0.10432992488924513  0.11410358183129703
  0.12411086605948432  0.13445970839872107  0.14512720018978129  0.15587443299844522
  0.16644241275677457  0.17649998875031297  0.18657926912191927  0.19695941676194356
  0.20723478061255507  0.21744117502267571  0.22765742025908478  0.23840416423978031
  0.24975246240870702  0.26093670555186554  0.27199352841421337  0.28283008674835391
  0.29370541580177834  0.30443254146598303  0.31477268146881343  0.32494265284531110
  0.33535730608302511  0.34574494553648366  0.35613961892470680  0.36621643644688501
  0.37642645403374575  0.38653718749078159  0.39673938608911552  0.40718471597234057
  0.41777481050203052  0.42786425632831743  0.43801561342382661  0.44802321359823533
  0.45822804568834363  0.46835793674288217  0.47853898561856217  0.48901447070588544
  0.49951518416272461  0.51024353599439853  0.52123789426839928  0.53237183859717185
  0.54354539039706562  0.55514017116164094  0.56665471615649188  0.57831271361611569
  0.58962886793133285  0.60181573116993692  0.61218546388450801  0.62268378761758514
  0.63317073861481166  0.64360992674373962  0.65389876118957357  0.66376045449055721
  0.67368677795261045  0.68364105652490648  0.69378972936338013  0.70413772081203319
  0.71501960276522469  0.72614424648791265  0.73725051022667376  0.74795360154747426
  0.75854034610877064  0.76909156320374850  0.78019014166842737  0.79133771346014459
  0.80153748376321410  0.81149121125552415  0.82183854627092756  0.83230838708603894
  0.84213162435984712  0.85203626038264313  0.86260695197974180  0.87362911573955959
  0.88419576198693994  0.89431814760796735  0.90486173653367463  0.91560967716827779
  0.92595159911708469  0.93617190855382215  0.94677031304081616  0.95757798314781184
  0.96814050174047650  0.97837373140283235  0.98913170182807564  1.00000000000000000
 -0.00193610432564921  0.00730388798493921  0.01555054438549662  0.02389441093469447
  0.03220571054495910  0.04030336453353656  0.04855994742305818  0.05681094489859181
  0.06544525405769967  0.07431591361939066  0.08340902470655073  0.09267869434970641
  0.10194477098626147  0.11113922888121062  0.12053695241543355  0.13008447902148251
  0.13985735233630334  0.15008215457924270  0.16067054098681541  0.17125327525352441
  0.18166136420747864  0.19198165379029294  0.20246503930406859  0.21314750022376239
  0.22396127477249239  0.23456925514107266  0.24520462338973525  0.25602665763375249
  0.26702634093916772  0.27804038141582910  0.28901994161535827  0.30024223840320419
  0.31142615672096846  0.32265188266883560  0.33396310394733042  0.34564923419022703
  0.35807230495823478  0.37065247911354848  0.38303324688692614  0.39526326668247458
  0.40756419706034869  0.41956603068303799  0.43126780814746829  0.44338441346054452
  0.45601299922653854  0.46834967197091548  0.48075517334184326  0.49327572142778198
  0.50589993002016942  0.51841102797266359  0.53128653038536000  0.54386452302812627
  0.55644545464609163  0.56927041348931673  0.58256977011902278  0.59529838381897537
  0.60780265274432277  0.62003000121915819  0.63202457438667248  0.64380583866073759
  0.65545644234788536  0.66705064550207649  0.67835553846782071  0.68957628237407764
  0.70094420209473196  0.71220894937814294  0.72312154182967214  0.73400769286510281
  0.74488152704905264  0.75547020084492134  0.76533365100083395  0.77531795717282515
  0.78554988220266886  0.79549882224530266  0.80490223127887550  0.81413333044498737
  0.82361425645221342  0.83338028136371112  0.84324138971416873  0.85293658120600913
  0.86267945133982449  0.87249445785671453  0.88221536729787464  0.89184173193329119
  0.90137268619751199  0.91091199451133575  0.92030722913613672  0.92953851212046479
  0.93867124875531727  0.94766403474910677  0.95647794644689654  0.96514448538206499
  0.97386706914284593  0.98263640773328320  0.99145706983070092  1.00000000000000000
 -0.00241825133775389  0.00935296355490851  0.01989621229253451  0.03116928501098419
  0.04207438859499889  0.05272736591379776  0.06325987479357649  0.07385218066786045
  0.08451048631588289  0.09509362416993283  0.10575214427624730  0.11648065421020515
  0.12698804077005990  0.13720993185655556  0.14739487861802564  0.15761557683402488
  0.16775255575415945  0.17801752547877042  0.18844760096703261  0.19881243931932571
  0.20923100542564080  0.21978697061887043  0.23016857611390323  0.24046740770213573
  0.25092579313875346  0.26167728670307999  0.27216552054280085  0.28226262663124996
  0.29212537539564026  0.30197716880689651  0.31194373372511636  0.32227248830864802
  0.33262921246012439  0.34304917134104795  0.35350342335718549  0.36418466864002907
  0.37488452755156332  0.38585567310134561  0.39676677964615953  0.40746235541628800
  0.41787714927889280  0.42809166992488501  0.43814191244042761  0.44809435828506616
  0.45810135119668449  0.46835312864151957  0.47875729890678581  0.48912280660922752
  0.49942295213125387  0.50961850482722160  0.51963270235694992  0.52975090874701791
  0.53984280916542038  0.55012111675485842  0.56041808864878806  0.57059393555531257
  0.58058073913561437  0.59053861193325274  0.60035703066658763  0.61011530189381125
  0.61975060751022515  0.62982902525182760  0.64029013866933193  0.65111914739126631
  0.66232316586149398  0.67368928732882660  0.68510282014302548  0.69635760499013599
  0.70723404800192291  0.71783337714144002  0.72841511536495473  0.73918425424440271
  0.75010740765273320  0.76119168022734551  0.77225144071987772  0.78309153429216805
  0.79381044652663346  0.80476819458107152  0.81589930117664256  0.82691246851589872
  0.83783761281697045  0.84824954395041496  0.85877868642083177  0.86944665986390202
  0.88011596498076883  0.89087960042548264  0.90181504622998532  0.91286776650297519
  0.92354618589708126  0.93394515215337892  0.94453660792235750  0.95570896318749043
  0.96635769752625555  0.97770920110937576  0.98865477815172464  1.00000000000000000
   7.1247910210578297E-010  -1.0000000000000000     
 T F T F T F T F F F F F F F F F F F F F F F F F F F F F F F F F F F F F F F F F F F F F F F F F T F T F T F T F F F F F F F F F F F F F F F F F F F F F F F F F F F F F F F F F F F F F F F F F F F F F F F F F F F F F F F F F F F F F F F F F F F F F F F F F
  <DiscreteSampler_grid>
  grouped_processes
  1 # 1 for a reference and 2 for a running grid.
  10 # Attribute 'min_bin_probing_points' of the grid.
  1 # Attribute 'grid_mode' of the grid. 1=='default',2=='initialization'
  0.0000000000000000 # Attribute 'small_contrib_threshold' of the grid.
  0.5000000000000000 # Attribute 'damping_power' of the grid.
 # binID   n_entries weight   weight_sqr   abs_weight
    19   10   2.010194028253762E-001   8.395433134531220E-002   2.010194028253762E-001
    25   10   1.492316805531211E-001   5.130152031782498E-002   1.492316805531211E-001
    37   10   1.597394223677673E-001   6.476927040382992E-002   1.597394223677673E-001
    43   10   1.811552681325009E-001   6.775247777016416E-002   1.811552681325009E-001
  </DiscreteSampler_grid>
