 -0.00000001034344583  0.00001269904001593  0.00010063224519939  0.00029467326760912
  0.00058214929389883  0.00097417630083559  0.00143680855976001  0.00197047188925427
  0.00257463307757653  0.00325257452860493  0.00399065413077115  0.00477125709587049
  0.00557895918352443  0.00642771640497258  0.00733269669574377  0.00823813965281303
  0.00922567263601034  0.01023393499330302  0.01126372366462934  0.01234173723206923
  0.01343263075101642  0.01451227095494485  0.01567405497487653  0.01686274504367328
  0.01806541740320167  0.01926672465059833  0.02047480032210495  0.02171683151876021
  0.02292060883938809  0.02411922940065606  0.02532374534823536  0.02657604182260722
  0.02785896907454112  0.02915412372463571  0.03045497284085045  0.03173633303405249
  0.03301774543882655  0.03433339744831053  0.03569379393045197  0.03707737261827929
  0.03843589983579170  0.03978571537654460  0.04114199201845013  0.04254230472447996
  0.04394741233657733  0.04537281986504663  0.04688338778377452  0.04843325602058122
  0.04994322437124816  0.05143426023830808  0.05293587962007698  0.05444180774007441
  0.05597102788185825  0.05751582948464067  0.05910746533673944  0.06075483421780885
  0.06243262005693818  0.06418372099137085  0.06591507282291695  0.06765183171603721
  0.06940903063791476  0.07117685481787357  0.07293642641645764  0.07468333429370434
  0.07641922909114435  0.07823955246342661  0.08007865604536454  0.08210619021021881
  0.08423714548528050  0.08630516680436552  0.08834568655023481  0.09046125722417206
  0.09258957022790611  0.09473113171865137  0.09689579758599048  0.09908445703357523
  0.10132985418342384  0.10353406680446989  0.10599012348812246  0.10878325285772576
  0.11177823504223514  0.11469507835593358  0.11762617350813054  0.12068082708634054
  0.12391071382323461  0.12732122649997596  0.13087562109901046  0.13468144995332026
  0.13910903650101428  0.14428526107003692  0.15038541800525146  0.15740448026804565
  0.16580693810718847  0.17707252159979425  0.19624331883143686  1.00000000000000000
  0.00996116622453954  0.01453257933729326  0.02233694026998729  0.03139312134074548
  0.04126453920731304  0.05182375077354033  0.06283073261382663  0.07389443121495702
  0.08484112761099320  0.09541927063752063  0.10590947779304116  0.11646650212731878
  0.12716573774143297  0.13798893371226581  0.14864272637864931  0.15903914983869138
  0.16944207887686635  0.18000580941715918  0.19088968693848532  0.20212169288559606
  0.21343696775624660  0.22441250160573134  0.23477493542312255  0.24458293308050477
  0.25426582047438134  0.26401188901332018  0.27410123389591107  0.28452754507116873
  0.29486717275880325  0.30509699028565923  0.31514051983289681  0.32514868465202446
  0.33494315714917594  0.34486665556829754  0.35511044743746450  0.36637984327219147
  0.37765378114814557  0.38877789396255763  0.39984895363902079  0.41098843399325546
  0.42250521338810298  0.43428637326944725  0.44605116855341770  0.45740343722383381
  0.46788765660469467  0.47763917870973110  0.48686770362244280  0.49632259291872682
  0.50635416468287353  0.51631355892337982  0.52635815948769604  0.53659443805581297
  0.54665884698015765  0.55759672310536024  0.56848697348015942  0.57981377333238016
  0.59037650895437377  0.60114992013780666  0.61190716720576588  0.62269055467243362
  0.63304326906516029  0.64321673102817190  0.65361413404190360  0.66376918107454108
  0.67433304830379925  0.68507801502417309  0.69633269763388517  0.70762244855915368
  0.71863780284380940  0.72933615167522947  0.73958168004964597  0.75025809257940435
  0.76100131516428793  0.77118741011714753  0.78130561089897566  0.79125626294461582
  0.80133441392991323  0.81156172556232953  0.82237022169328200  0.83349823710755599
  0.84445307090737931  0.85523033832802597  0.86639985531728758  0.87777014127478348
  0.88890803450583444  0.89917851939109328  0.90943902382294084  0.91984550187692471
  0.93034181673617644  0.94070125308480290  0.95102278187052769  0.96137607635379063
  0.97153739051035759  0.98154578308940488  0.99131840685769013  1.00000000000000000
 -0.00210560848525698  0.00821278737280362  0.01687233238587115  0.02671649296509263
  0.03692414028648339  0.04727253499794536  0.05753491782246312  0.06760890627494520
  0.07814681231711955  0.08850486591586748  0.09909330201373193  0.11006013287236742
  0.12167111799841068  0.13327646001601368  0.14509766013691980  0.15511548947398918
  0.16494166398701571  0.17485079524563285  0.18504367901795798  0.19565047791813961
  0.20591048896786149  0.21684675707012613  0.22772258923362190  0.23865915594077700
  0.24944738351008217  0.25996933399573791  0.27050585095765217  0.28113257109184842
  0.29176832329525731  0.30220346074195314  0.31267237285082727  0.32348200872628324
  0.33439577910327117  0.34512242354536649  0.35579851649393401  0.36649027101087533
  0.37736709480689645  0.38776093642383253  0.39776097245268555  0.40756307832649791
  0.41739284391676834  0.42710636810072306  0.43662812243016874  0.44623913280576954
  0.45586583668681735  0.46687387138302766  0.47800229602570504  0.48846381345066670
  0.49870723311007203  0.50959166698839686  0.52047870509541494  0.53143252440443733
  0.54230244396810046  0.55326842992873515  0.56407243374435323  0.57514121972135679
  0.58602928923307229  0.59665142629148671  0.60714615179580067  0.61758263827706239
  0.62800191119653193  0.63812848094037078  0.64820999010891933  0.65820017522006025
  0.66870951880416252  0.67910326187663905  0.68929499440031394  0.69914866413937204
  0.70926302591089097  0.71965980033030486  0.73038975733652167  0.74134579582174753
  0.75256278855918979  0.76369454354053345  0.77475413232301016  0.78583326051643598
  0.79658435479579937  0.80735804206486994  0.81803915199916011  0.82832871087478122
  0.83834753031404852  0.84791416742515657  0.85801040979129783  0.86860847185983237
  0.87989742537946747  0.89227027352039612  0.90361235666898909  0.91503405239532654
  0.92610153275640583  0.93687745948977363  0.94698294862388044  0.95721305376900701
  0.96800329991252032  0.97879299200636471  0.98917560393737558  1.00000000000000000
 -0.00294053111874988  0.01070907454696378  0.02198592242356230  0.03261078951745085
  0.04305370892002573  0.05348011984521624  0.06397624683655183  0.07363632337578897
  0.08306535213607319  0.09236934338611846  0.10199468204518423  0.11122614464137778
  0.12048250667228609  0.12975294696674466  0.13961183336596711  0.14971044307436515
  0.16046578858442914  0.17136847100508720  0.18273513086815035  0.19369805759000869
  0.20444485985183258  0.21583978556043523  0.22703633312440183  0.23773813743357661
  0.24835983332207298  0.25893990208766882  0.26962582061611096  0.27972092429408335
  0.28991076384154096  0.30027739847578611  0.31085474160978938  0.32187048315937178
  0.33327486196630368  0.34494551314013394  0.35644369497381240  0.36742560291243337
  0.37801863517507595  0.38861439999743619  0.39896241958604622  0.40910297025411074
  0.41938920896269127  0.43001002690619344  0.44045963212936518  0.45056569556143350
  0.46093124460236323  0.47158252046768429  0.48223523145802444  0.49289447546442000
  0.50385542062209476  0.51554454011505124  0.52692995297060685  0.53815337701380295
  0.54905891188108646  0.55990039393339708  0.57098921802934577  0.58214645293781420
  0.59313115554879803  0.60382511015870732  0.61464554418690243  0.62541560661770146
  0.63596920398301504  0.64644372160016783  0.65694367555763844  0.66745999431775938
  0.67760497392650587  0.68784591582298671  0.69808891871142797  0.70846518747309994
  0.71884203895025478  0.72938590670747672  0.73909311314976167  0.74862895366491811
  0.75828268554449918  0.76803119024694844  0.77790417006072965  0.78754045513480220
  0.79788725579132502  0.80908353657712628  0.82021589847526066  0.83166975594982129
  0.84185700539302222  0.85247397067323039  0.86292458843379605  0.87351281531468183
  0.88358341924917250  0.89329844279384840  0.90328512131770677  0.91352842383704547
  0.92414691672881255  0.93529139909134074  0.94624486435104527  0.95719716504820762
  0.96773532362556447  0.97847652142378860  0.98913916483784159  1.00000000000000000
 -0.00249935135498500  0.00927238780738030  0.01943232064920594  0.02980761349508598
  0.04025643139530806  0.05109271645773382  0.06198998969743366  0.07315949915497480
  0.08400196487217018  0.09443777445952461  0.10473556247670562  0.11529351080225869
  0.12564290225062347  0.13579777491754894  0.14574238546453125  0.15592506478767962
  0.16625956138692205  0.17680681865142189  0.18747513855102146  0.19830674490443176
  0.20892636734948961  0.21967069343319409  0.23019525780069611  0.24122628539686136
  0.25204831659111360  0.26298463391484095  0.27419573247621354  0.28592779934271995
  0.29719956068639836  0.30798200848660851  0.31856570205617896  0.32872769009879943
  0.33858550442713087  0.34794845740093833  0.35769922086848727  0.36778170885273864
  0.37776027256889244  0.38723433868243895  0.39686901014137388  0.40664730951078826
  0.41633419376136910  0.42596162745995758  0.43601563463172482  0.44686531261778428
  0.45784443366354011  0.46859475937706058  0.47941280005579234  0.49022391522336395
  0.50096381593635197  0.51129449184425824  0.52158638142562985  0.53166542265255168
  0.54148917154956844  0.55164810741821035  0.56195933657292063  0.57255596036985990
  0.58315883445484851  0.59400244225880749  0.60515886177236478  0.61674234124777760
  0.62828558666716205  0.63983996748740035  0.65116614459508426  0.66262554376494176
  0.67332499748429375  0.68400103402461077  0.69456323188891966  0.70525945334040219
  0.71596970447715835  0.72682276666163692  0.73764233117215705  0.74857860006505217
  0.75962844175017452  0.77054889799806769  0.78125316085131113  0.79166755998359750
  0.80193984563696086  0.81216670314668582  0.82210566808976182  0.83214187983131249
  0.84219828242409123  0.85233966493199764  0.86274395760874167  0.87387411098269319
  0.88563889390066763  0.89742883094072123  0.90881531535017390  0.91952335709766975
  0.92989522785007750  0.94001276431779368  0.94987483077527868  0.95960997891132127
  0.96942318998040089  0.97923907935691090  0.98960548285678562  1.00000000000000000
 -0.00194963993863019  0.00855976143909192  0.01764358923182322  0.02776682810105026
  0.03795801064193222  0.04859458391320055  0.05912185335031087  0.07052912530080263
  0.08240442112035237  0.09357464313713805  0.10442063462854603  0.11490371392801557
  0.12518482570700773  0.13533628873975059  0.14544985500476729  0.15578415392547387
  0.16622195876505541  0.17676322148221624  0.18713086212519137  0.19757984785944871
  0.20848016132096805  0.21942687516896964  0.23020230175637535  0.24074195475924590
  0.25083298365411527  0.26067362109632480  0.27056115206573961  0.28163176016406044
  0.29281963374069914  0.30375268670026745  0.31443165133578738  0.32540603155488634
  0.33605685057033802  0.34620587682525938  0.35638628415962592  0.36717383262666209
  0.37802013715789912  0.38856189513311323  0.39872326720429330  0.40953046898097478
  0.42008323992695878  0.43076267762470993  0.44172975294274353  0.45290767360144640
  0.46366474391340678  0.47399959319677404  0.48474332732401948  0.49559151679174995
  0.50675684810721988  0.51778883561415923  0.52905141582778514  0.54038505951893889
  0.55176966061194432  0.56292754190001359  0.57386289343445773  0.58495765942858358
  0.59616244231609916  0.60681870577681096  0.61702899260776012  0.62746494532886588
  0.63823181363843207  0.64906771293923804  0.65989331658334860  0.67051853969554698
  0.68131202027552618  0.69193358066711530  0.70273639595886206  0.71324278643564987
  0.72361553043704685  0.73415191641015920  0.74466159924486830  0.75485411753420661
  0.76473568316660956  0.77468388862052073  0.78481542697879803  0.79516637288904646
  0.80564946681812799  0.81625734198168320  0.82665083964949060  0.83690927876355503
  0.84751202153909300  0.85794378622512890  0.86814779916590934  0.87858147499315686
  0.88975765914331706  0.90047897082091888  0.91039337138639165  0.92028581590857905
  0.93044967565037140  0.94063626743627793  0.95064952299599137  0.96070323513842693
  0.97066894596938491  0.98071514248457869  0.99034168349213569  1.00000000000000000
 -0.00209745841728255  0.00776231473926509  0.01612173834711854  0.02417337867558930
  0.03193800085531597  0.03971618483765507  0.04776461225449700  0.05580247077334449
  0.06396694277609397  0.07207856383650735  0.08047215126763906  0.08938166650802193
  0.09845694467643173  0.10777196738441404  0.11708880068012620  0.12649343191179974
  0.13653330433571645  0.14637005653264176  0.15599095538770347  0.16578604481558842
  0.17594111964473388  0.18668018577309586  0.19680709755438072  0.20718044330744997
  0.21760244522791167  0.22765027423436507  0.23743803242804565  0.24698088205091215
  0.25705663840960064  0.26823971556165349  0.28007536982434211  0.29231314771594430
  0.30416392373411250  0.31603441756810513  0.32795115174050027  0.33985847684246850
  0.35172823246145080  0.36370543263190697  0.37603755724323978  0.38736684317100922
  0.39890780124709546  0.41053927450037903  0.42234657838140044  0.43403065765583260
  0.44648946004907936  0.45960307356380370  0.47239425230932292  0.48526641077556909
  0.49802003115677601  0.51049758208712248  0.52260923068589071  0.53512845543682885
  0.54765850642152980  0.55999590719523407  0.57220677525064156  0.58408901650383871
  0.59577247673554867  0.60766356907868668  0.61997891390481741  0.63275671691316848
  0.64539937449259099  0.65744485344434611  0.66898248456203935  0.68011747084391216
  0.69140964098478364  0.70251317305953220  0.71359731443678565  0.72452412495257679
  0.73566046804829788  0.74653402166864258  0.75735604534423973  0.76809355532717538
  0.77845544493959773  0.78871580416748543  0.79920823148199915  0.80963774850478443
  0.81914581082204974  0.82822858358710794  0.83738881053395453  0.84685848422599541
  0.85623331952768089  0.86546886624044217  0.87482221977510877  0.88480236506658538
  0.89526211826424573  0.90572037667214655  0.91610932610976881  0.92626497632726745
  0.93598599868726273  0.94521603565203272  0.95417003495073405  0.96335413702164230
  0.97248705996153684  0.98157197749076386  0.99062018979699384  1.00000000000000000
 -0.00270027366730186  0.01042649674222667  0.02117986142916662  0.03139825832104414
  0.04130291595373602  0.05174136439480789  0.06261620703219366  0.07307614636184323
  0.08346571862473075  0.09406304415756994  0.10468231620711420  0.11552905965484569
  0.12663313664262174  0.13798425314198801  0.14916951816040050  0.15965602254963271
  0.16967631037016553  0.17950325678803430  0.18939130276712490  0.19933425191573562
  0.20959722084810126  0.22058703215834347  0.23161280002086893  0.24245684218844868
  0.25331137894895123  0.26417393010288431  0.27482590598846934  0.28530507796799481
  0.29582143446299541  0.30656384628408451  0.31693165873810181  0.32694539119847560
  0.33700387594775838  0.34695402117601520  0.35714868655889348  0.36766106298818196
  0.37802224345340774  0.38804828092074362  0.39814990126247890  0.40876334107508411
  0.41940734075263131  0.42927759801012971  0.43891730014179303  0.44960110964917060
  0.46098133394775093  0.47293969808533054  0.48544469908182014  0.49817211253503119
  0.51005530401952004  0.52157523964779251  0.53298257019033646  0.54410797828343849
  0.55519627376659475  0.56668708944889479  0.57815733325901586  0.58890052288099837
  0.59932019164243844  0.61008266070310913  0.62107834364796266  0.63174091878089300
  0.64223983576180910  0.65277876991343287  0.66342628072325305  0.67412006694407289
  0.68452665999566187  0.69445819796967045  0.70414734075896002  0.71399750433503051
  0.72426691320458292  0.73481049765180817  0.74544889995731489  0.75588093945645707
  0.76607632473211573  0.77659986830784589  0.78719366569338978  0.79714171530332512
  0.80664870253089860  0.81596633848759925  0.82534645956508357  0.83481706099478215
  0.84426677874696110  0.85360832818976407  0.86410812021394412  0.87436217224508794
  0.88439639950721383  0.89420862284159774  0.90442895556972247  0.91459050798130170
  0.92477130336578062  0.93478039652952205  0.94508023477681768  0.95529947181239094
  0.96623108299762528  0.97765337223845383  0.98873745105347455  1.00000000000000000
   1.4462384990979460E-009  -1.0000000000000000     
 T F T F T F T F F F F F F F F F F F F F F F F F F F F F F F F F F F F F F F F F F F F F F F F F T F T F T F T F F F F F F F F F F F F F F F F F F F F F F F F F F F F F F F F F F F F F F F F F F F F F F F F F F F F F F F F F F F F F F F F F F F F F F F F F
  <DiscreteSampler_grid>
  grouped_processes
  1 # 1 for a reference and 2 for a running grid.
  10 # Attribute 'min_bin_probing_points' of the grid.
  1 # Attribute 'grid_mode' of the grid. 1=='default',2=='initialization'
  0.0000000000000000 # Attribute 'small_contrib_threshold' of the grid.
  0.5000000000000000 # Attribute 'damping_power' of the grid.
 # binID   n_entries weight   weight_sqr   abs_weight
    19   10   7.348485321439094E-002   1.241125350909749E-002   7.348485321439094E-002
    25   10   8.084014490268707E-002   1.161832821835990E-002   8.084014490268707E-002
    37   10   8.240200782549779E-002   1.085185034503241E-002   8.240200782549779E-002
    43   10   7.672007879586498E-002   1.319696482664013E-002   7.672007879586498E-002
  </DiscreteSampler_grid>
