  0.00941550363725168  0.00943824780690902  0.00949221910870368  0.00955620738039061
  0.00962018188955179  0.00968519648642845  0.00976309277386903  0.00984082134018242
  0.00991809781165387  0.00999558555444512  0.01007500448906929  0.01015563314653271
  0.01023712719589629  0.01031897176766917  0.01040061163270128  0.01048301604322023
  0.01056619016336113  0.01065001185366939  0.01073420272937274  0.01081840079592844
  0.01090388531142995  0.01099188007162126  0.01108060443524564  0.01117074216059458
  0.01126192242936509  0.01135384856515750  0.01144635723536619  0.01153880588922548
  0.01163250166858270  0.01172817768580205  0.01182636677137417  0.01192497669118412
  0.01202441323713748  0.01212602707199527  0.01222935176130052  0.01233240690019250
  0.01243640374747332  0.01254270192077663  0.01265010193307249  0.01275742878314210
  0.01286385966391066  0.01297416717610808  0.01308493139584316  0.01319701249818480
  0.01331116622954100  0.01342764448355643  0.01354506207198818  0.01366478555259957
  0.01378731148221665  0.01391117213622258  0.01403617081060574  0.01416323273209833
  0.01429307825135970  0.01442409288266978  0.01455877057363004  0.01469537153582545
  0.01483439794611909  0.01497813172468384  0.01512538774447215  0.01527365155812409
  0.01542539189219721  0.01557794288313173  0.01573520772332596  0.01589736588205111
  0.01606211348880198  0.01623180753729060  0.01640278496039521  0.01658017500950863
  0.01676106356486156  0.01695046986927186  0.01714505714157361  0.01734737387184282
  0.01755222107862447  0.01776451035041442  0.01798050609127325  0.01820701023989665
  0.01843953216333201  0.01868534064982017  0.01894150134734291  0.01921288647437721
  0.01949463431944650  0.01979146054402641  0.02010461469497880  0.02044487319973984
  0.02079996005121431  0.02108678446605241  0.02138362053344869  0.02169971399539817
  0.02204393092299480  0.02241974077460746  0.02283628560872906  0.02331756794055219
  0.02389984369787022  0.02470423830745769  0.02536974564193344  1.00000000000000000
  0.00964145699577316  0.01549406133588837  0.02392421834129378  0.03397157543487794
  0.04394659332625636  0.05464515597801153  0.06536550283418036  0.07589253232312385
  0.08614803322872516  0.09663880317735377  0.10698982605550275  0.11777736991174001
  0.12828757081977024  0.13924414922101397  0.14994172143595302  0.16060318907064972
  0.17090315018202407  0.18165908962472413  0.19354766563975712  0.20509023126911205
  0.21604944544132185  0.22687757586912449  0.23775395639545710  0.24837316183965746
  0.25800354014187349  0.26751003052992439  0.27735142330445661  0.28794682570095492
  0.29829597859487145  0.30856680522399266  0.31859721700347832  0.32916810212560510
  0.33959302495521032  0.35011624249743251  0.36058884400734620  0.37081309836814469
  0.38083441314025995  0.39070498110162116  0.40096194334420815  0.41171268106557879
  0.42269311423300315  0.43328247043907553  0.44339446978849489  0.45319124416534695
  0.46296519296346200  0.47282075146623370  0.48269397886339910  0.49254971198865299
  0.50234509664713967  0.51214234860792573  0.52181535662916378  0.53133998701404850
  0.54070563748580580  0.55028077159378896  0.56037520731436075  0.57123136440294164
  0.58279109131396900  0.59437101843718110  0.60551968083267427  0.61629870801803788
  0.62673969671239316  0.63696510394999273  0.64750966230037110  0.65796085524162529
  0.66865408177045849  0.67919732059391480  0.69022757421315528  0.70115286074394867
  0.71144011553250042  0.72122367534514664  0.73082079566654334  0.74069258747565148
  0.75075420529643244  0.76153533464353496  0.77208786068972668  0.78219662219012509
  0.79213467777594038  0.80211773745478088  0.81271529595378222  0.82341451366587304
  0.83404000787367705  0.84405208867062231  0.85406355392424671  0.86435799413108860
  0.87476956808505224  0.88478851842632578  0.89486373396462138  0.90540454806248583
  0.91594032020239069  0.92631499472644774  0.93659895734038090  0.94728417320702596
  0.95801274397249336  0.96871817270834726  0.97976039835704909  1.00000000000000000
 -0.00286394612037415  0.01018307084803116  0.02108330754253620  0.03189922785426941
  0.04233726844195349  0.05268848355780847  0.06312176173072104  0.07394364143240659
  0.08489901113586779  0.09562818879207387  0.10624060835428595  0.11720776268646657
  0.12872411438814563  0.14075436825747772  0.15274536090189222  0.16443406764662466
  0.17547036747131006  0.18610664431963059  0.19657002186925276  0.20695425540668336
  0.21715656080358658  0.22726730481686561  0.23706965084796594  0.24662371034917668
  0.25610261802868767  0.26576274073034301  0.27578254944966951  0.28569522462422592
  0.29602700039623003  0.30662557142748420  0.31697324568021679  0.32710094089792402
  0.33716236663232785  0.34737719895186470  0.35774567828624948  0.36784544483961873
  0.37756945267376019  0.38730862942481070  0.39743800083569669  0.40822589644936907
  0.41926125148156601  0.43018314726885387  0.44097107431765142  0.45188952372965091
  0.46303264876299471  0.47473919590405012  0.48633899611150372  0.49722584532653891
  0.50737456677893822  0.51732251640864857  0.52745056245829325  0.53765236713720999
  0.54806121033924748  0.55885000226119186  0.56987475119496689  0.58042539377378166
  0.59056621781812102  0.60076486700820597  0.61140668701812861  0.62166358544066802
  0.63137401654674874  0.64080005869065881  0.65035125010787231  0.66024539912801661
  0.67039743307051169  0.68084380586791626  0.69139640586611517  0.70177375450979629
  0.71227771774214588  0.72276471346965998  0.73329022252274345  0.74379722806088444
  0.75468720012521395  0.76583998606377246  0.77665019743768327  0.78733387920266473
  0.79805116696674017  0.80869865868019375  0.81916209076820701  0.82975491944442747
  0.84086920440854607  0.85200419251068016  0.86311936872848793  0.87381264054133567
  0.88429536760070104  0.89436850418256786  0.90459252823168357  0.91490388198361072
  0.92545426108480056  0.93594819938941298  0.94687971531194359  0.95825609558981728
  0.96901920055850910  0.97952336842086862  0.98963624743707257  1.00000000000000000
 -0.00218075597389606  0.00894317347360693  0.01843140474178567  0.02884280381384638
  0.03957021068836422  0.05004745845376282  0.06031633383599366  0.07010009619231324
  0.08064702533756428  0.09128500345329335  0.10322055357250112  0.11420686723549704
  0.12484046312900814  0.13516353755382723  0.14585115699701270  0.15638730831083814
  0.16705799724404127  0.17808913195272227  0.18913645472811047  0.19994486593888461
  0.21060503413124362  0.22126829454683514  0.23153979268439812  0.24185903039042245
  0.25245246101577257  0.26336269812100116  0.27402919913844570  0.28473382280320048
  0.29564530625273883  0.30666691039892147  0.31750138654853227  0.32803537303018426
  0.33832277163176205  0.34834390257626346  0.35871668020947106  0.36959079710895831
  0.38049894034210502  0.39128583096802722  0.40176879584355296  0.41196191149725103
  0.42201969712432497  0.43201346982867062  0.44208093457501846  0.45254724605869884
  0.46332808910681983  0.47438964263018651  0.48480238035184875  0.49488918551798600
  0.50530325664509657  0.51618023804597446  0.52660740029480346  0.53652210522565280
  0.54656853787135573  0.55673202978968961  0.56729389194453395  0.57788869001665755
  0.58942415919235625  0.60054049704643764  0.61135849200245362  0.62193101828468389
  0.63291883197354337  0.64405899794322863  0.65472346463166131  0.66543075298031884
  0.67602783042257653  0.68625114978687851  0.69617912896383094  0.70620804089445510
  0.71664252630049896  0.72758227187233127  0.73890698682460265  0.75050505116055943
  0.76164434742116038  0.77209565680635139  0.78221891516377473  0.79235429851195360
  0.80280052928881007  0.81315083289983414  0.82328070915003748  0.83321724029027355
  0.84300621334649128  0.85263809317494055  0.86221672938818761  0.87215477985203482
  0.88236550198779506  0.89249467553776785  0.90257606917941946  0.91278476805003783
  0.92340778091897746  0.93410415429892912  0.94478721549335087  0.95501531296629594
  0.96518349436888784  0.97576476224168307  0.98727692903444897  1.00000000000000000
 -0.00258112515192241  0.01122063545214415  0.02156548648154030  0.03238721090479580
  0.04292361458652981  0.05441952313093923  0.06592494609327593  0.07683434350968156
  0.08747104047258282  0.09774886196119080  0.10831535336602785  0.11921333014543030
  0.12993120594380414  0.14049316078000673  0.15084713628745786  0.16093494706549172
  0.17073839244633007  0.18099349433294770  0.19199471809997742  0.20366522529169528
  0.21427921325070673  0.22506678250891987  0.23627727145863278  0.24754051465514865
  0.25869182327367518  0.27003355575673788  0.28136296169389491  0.29200694088713913
  0.30237118266683483  0.31271203804174208  0.32380896070956883  0.33456588494583556
  0.34522234621878295  0.35571671856318621  0.36635441435965810  0.37750401847669068
  0.38833149929350563  0.39881056255681263  0.40870052482939767  0.41872831224232648
  0.42907304006509844  0.43931647195086987  0.44926461562536990  0.45937098611454136
  0.46989800930688647  0.48080100544590509  0.49158461886653981  0.50247762894264270
  0.51335865733856068  0.52423261063167359  0.53530958838369058  0.54645324631774805
  0.55756843713809023  0.56845784686118150  0.57933335132072716  0.59019024122884023
  0.60092307984131632  0.61133994514633216  0.62209020745084043  0.63273319654795812
  0.64311700333297128  0.65296674681510680  0.66277294405548237  0.67253006204811372
  0.68241205683368045  0.69237561387802615  0.70237990968152120  0.71221843405562335
  0.72196110567748994  0.73210121623999980  0.74271639472556694  0.75292555805503036
  0.76269594337921554  0.77255588028944455  0.78243647787561843  0.79250171257688473
  0.80219162583614423  0.81231946487759688  0.82253744041697652  0.83268820702905311
  0.84284618436987180  0.85342554968737727  0.86415714617537187  0.87429109727455934
  0.88424926383040903  0.89451553036111342  0.90469563123868790  0.91524147975748116
  0.92638144389777743  0.93796197337886633  0.94841682778589687  0.95832750340014194
  0.96858159833073998  0.97940690867283053  0.98969678663975924  1.00000000000000000
 -0.00240891617456420  0.00910362906279791  0.01935417504327878  0.02993522843693581
  0.04107567566225615  0.05237712196467807  0.06377005507092920  0.07419930257234598
  0.08418505464231212  0.09393989520788268  0.10345317600307495  0.11316979093030413
  0.12286826686315926  0.13266828350881080  0.14248466938284698  0.15208255498102533
  0.16156852847921635  0.17125657092181013  0.18139212334617341  0.19186142596718553
  0.20239548232113785  0.21282225460622062  0.22341788401988399  0.23387649057373985
  0.24435725035554007  0.25471887932269444  0.26520430934573169  0.27564837524265667
  0.28591766371253730  0.29602206040463008  0.30602994857821658  0.31660781089684187
  0.32750073463663332  0.33856790537004716  0.34921413794596090  0.35983708275650750
  0.37056273541063783  0.38141100995410909  0.39222632811178798  0.40261212968562021
  0.41276642425024918  0.42351973623363470  0.43511149811636590  0.44663151849154947
  0.45772599518165247  0.46871786217769068  0.47927030631983114  0.48940090103979661
  0.49947035807907597  0.50991709160047383  0.52082675574999471  0.53176766716100310
  0.54290093912262016  0.55375794069124162  0.56460837240433692  0.57522038990175828
  0.58574537760491607  0.59610451316868018  0.60638945762545915  0.61678323664975143
  0.62755477187380260  0.63870661254133720  0.64991814914069723  0.66109301037247004
  0.67169878663822591  0.68159550276794889  0.69143686042591157  0.70158872260201488
  0.71210993528295530  0.72267142379006377  0.73323196516664590  0.74404732698247122
  0.75496975435404212  0.76598490097740257  0.77665966050618207  0.78697620367628762
  0.79706142766950205  0.80745194273269172  0.81775053353351390  0.82824104751679584
  0.83843389866969731  0.84881599085529902  0.85923809195143741  0.86963821077871162
  0.88007995468183098  0.89078986931532766  0.90198146431407011  0.91325287190423854
  0.92420310839546649  0.93539494069715767  0.94659197194392930  0.95800337781481770
  0.96904218518190899  0.97954291153558237  0.98994098609091175  1.00000000000000000
 -0.00186796742707736  0.00892059100363364  0.01930335118554540  0.03019428782694510
  0.04175974295492505  0.05306269736629532  0.06416917313096840  0.07468234344025149
  0.08523684706148033  0.09593142444401963  0.10711408133592228  0.11834254940219457
  0.12973007477056075  0.14134549387964840  0.15348520706571275  0.16511954096444337
  0.17628704614246615  0.18719973867620476  0.19862075542927279  0.20990604948692954
  0.22151120625719625  0.23312720616767627  0.24480347570351210  0.25640514820939481
  0.26782903571511241  0.27865250698035898  0.28929521955796128  0.30012425129597148
  0.31156290347536053  0.32338431035693416  0.33545414121213529  0.34761828934207240
  0.35945116313954784  0.37083173175581569  0.38189122457315655  0.39298104484237140
  0.40389838620543828  0.41459477118059895  0.42544806573836569  0.43645201830589109
  0.44733235979939251  0.45788628030262002  0.46829478684253495  0.47887464912376099
  0.48964467114929217  0.50055122911293881  0.51127235014273720  0.52216538103610688
  0.53305491297027907  0.54395879360608324  0.55463676518803962  0.56546120658175014
  0.57645537869342478  0.58744342688160578  0.59849399428213690  0.61004991485524473
  0.62219178727123969  0.63420267814308739  0.64552004643209382  0.65599542765083318
  0.66596075084674433  0.67569408490251615  0.68605784069515419  0.69701207912263530
  0.70806198141112575  0.71863871197298546  0.72881482014460752  0.73852635767214669
  0.74788570136930443  0.75683557590128281  0.76589440284196963  0.77508303575452009
  0.78453054132400357  0.79448047561167212  0.80432821191332970  0.81425125293602030
  0.82410539566906793  0.83409573017154903  0.84367700903016252  0.85265279856520648
  0.86159614436537757  0.87097384782768095  0.88092054015461763  0.89081219030190040
  0.90009711861933894  0.90899874462070351  0.91789066870051050  0.92702398961955734
  0.93664039036889812  0.94646992409359165  0.95604031078808072  0.96528213886091874
  0.97413062711557075  0.98310044555659426  0.99167639333005109  1.00000000000000000
 -0.00189264386902739  0.00920876643306343  0.01900015396391354  0.02982868268113369
  0.04032086662952471  0.05063588760721514  0.06034783470003412  0.07043086995253046
  0.08082789832208863  0.09202720747540316  0.10309441510311433  0.11406976616851482
  0.12488951685343513  0.13606952698516400  0.14703032496091228  0.15785973580164778
  0.16796265033871183  0.17756767769082818  0.18700765364249178  0.19632922435306371
  0.20572307129645295  0.21520055551620881  0.22452964755622842  0.23412876671040245
  0.24405090056903136  0.25477339606055666  0.26532409757376996  0.27590810572071772
  0.28612644269305337  0.29680517650381316  0.30774575920135516  0.31893968011748985
  0.32956690325139315  0.33979861152135854  0.35012222006752380  0.36084875984995579
  0.37184861877598596  0.38262429511430385  0.39324587223189772  0.40358027540292063
  0.41404406532561056  0.42480774784357556  0.43553098436601773  0.44646578970757694
  0.45671771849625425  0.46647465711696295  0.47582907253006007  0.48532310118395255
  0.49496327517406968  0.50495128028946756  0.51504986317806756  0.52576994337897975
  0.53667930196429248  0.54743868818136554  0.55808998996128734  0.56913524507591173
  0.58079959258042479  0.59245610519993097  0.60376522557830126  0.61505523440778254
  0.62658282314097169  0.63836986569217313  0.64964164057220097  0.66016562218680808
  0.67034821150217649  0.68044403962888189  0.69065277696963934  0.70100601150290065
  0.71170554438744971  0.72248976556086719  0.73341517909227727  0.74450144037113031
  0.75533922500054584  0.76605356414558534  0.77681815908246632  0.78846528061785393
  0.80004179308872092  0.81166452736988992  0.82265181857708547  0.83316223402753253
  0.84377550937008927  0.85395232021017298  0.86431168583898632  0.87435328560312786
  0.88497900885207370  0.89492561349100197  0.90473785004859675  0.91404943252499771
  0.92431304212405285  0.93496535118183788  0.94553622160432782  0.95658324312790888
  0.96743029877118081  0.97859530813898121  0.98920832813763648  1.00000000000000000
   3.7750389813330117E-011  -1.0000000000000000     
 T F F F F F F F F F F F T F F F F F F F F F F F F F F F F F F F F F F F F F F F F F F F F F F F T F F F F F F F F F F F T F F F F F F F F F F F F F F F F F F F F F F F F F F F F F F F F F F F F F F F F F F F F F F F F F F F F F F F F F F F F F F F F F F F
  <DiscreteSampler_grid>
  grouped_processes
  1 # 1 for a reference and 2 for a running grid.
  10 # Attribute 'min_bin_probing_points' of the grid.
  1 # Attribute 'grid_mode' of the grid. 1=='default',2=='initialization'
  0.0000000000000000 # Attribute 'small_contrib_threshold' of the grid.
  0.5000000000000000 # Attribute 'damping_power' of the grid.
 # binID   n_entries weight   weight_sqr   abs_weight
    10   10   3.010157432166094E-002   1.454222361382488E-003   3.010157432166094E-002
  </DiscreteSampler_grid>
