  0.00941577516896414  0.00949213176069456  0.00955418074924482  0.00961567661267809
  0.00967821555058652  0.00975478281258538  0.00982985473088812  0.00990575724958609
  0.00998336574494131  0.01005968815750706  0.01013818102954167  0.01021734742279972
  0.01029624585812066  0.01037692537025269  0.01045795739069075  0.01053978985902439
  0.01062316268778202  0.01070459469616199  0.01078691252355241  0.01087067710103438
  0.01095702257226442  0.01104617013308987  0.01113643459022593  0.01122772397177117
  0.01132169130354981  0.01141644510503440  0.01151054940157713  0.01160399021700925
  0.01169749431916422  0.01179288065257877  0.01189007128300756  0.01198960760426581
  0.01209271956668737  0.01219873967660638  0.01230389724811075  0.01240821386904859
  0.01251206064555395  0.01261607644711113  0.01272070759645741  0.01282730157473503
  0.01293671170273311  0.01304894680648067  0.01316149099577143  0.01327565849671599
  0.01339205808806905  0.01351098017957167  0.01363213265989624  0.01375373087412617
  0.01387705256158833  0.01399930232866269  0.01412213272612566  0.01424614671294382
  0.01437119127879113  0.01450000484898601  0.01463346583847136  0.01476916950703224
  0.01490665067923624  0.01504700759338644  0.01518937364403513  0.01533388429966023
  0.01547988814506556  0.01562799369427885  0.01578508045044116  0.01594686144808170
  0.01611260666801539  0.01627917228039574  0.01644804509837318  0.01662912145276359
  0.01681264051382920  0.01700354379259932  0.01719893561768036  0.01740114157173739
  0.01760926068748745  0.01782301351108729  0.01804272171454037  0.01826753820385814
  0.01850414773350590  0.01875593219679167  0.01901251558947079  0.01927893100268768
  0.01955899634347685  0.01985581503489551  0.02016558393472992  0.02049277509873508
  0.02083310246001496  0.02111033486666603  0.02141029774968266  0.02173051824762268
  0.02206646335955182  0.02243868951184511  0.02286036980473175  0.02333417074414058
  0.02390429244443174  0.02469960641594408  0.02536582946997584  1.00000000000000000
  0.00910681574853753  0.01674964181881811  0.02723322757246116  0.03746222296987513
  0.04783266639898785  0.05807255499845821  0.06801589101606334  0.07788362521783904
  0.08828551646798667  0.09939172633214949  0.11008379757759011  0.12060944272952853
  0.13086825304860178  0.14134234325655803  0.15226334780231077  0.16319226895747507
  0.17323620600669759  0.18244236185123633  0.19125901314046351  0.19955730452146819
  0.20815732676859244  0.21716729615827329  0.22701611279698503  0.23631107698422479
  0.24518621796421863  0.25393196600673273  0.26297489070594049  0.27258117613829458
  0.28270389233451915  0.29293430349551880  0.30311189112335263  0.31405269744527764
  0.32595953963095248  0.33781472653577382  0.34847980941678364  0.35886773786838994
  0.36934459911036710  0.37941366277286492  0.38933708994031729  0.39967854661244967
  0.40998244484309704  0.41994503010634332  0.42918764037366530  0.43854558454444759
  0.44833076277525868  0.45872095698910265  0.46997839663940943  0.48168708016041112
  0.49335053103344645  0.50481086614842463  0.51614987243577348  0.52736404671637660
  0.53849869206478163  0.54931462689341171  0.55965749074821947  0.57023419791436936
  0.58070193569767692  0.59130108775468115  0.60101428022431691  0.61091654297400999
  0.62052419789411095  0.63075367274530247  0.64066960089704450  0.65123399459155440
  0.66183134251343056  0.67232632980748630  0.68286168444960982  0.69336951786640255
  0.70452257428723242  0.71621268912752156  0.72707559045463466  0.73711963551453719
  0.74684285654611315  0.75709869281953246  0.76798279213314924  0.77872289728661737
  0.78959119961847457  0.80024130930373139  0.81106573091775713  0.82178347810714425
  0.83256448257443283  0.84351561165074340  0.85412214962584931  0.86484508080887945
  0.87556375210132575  0.88687873264251604  0.89815826820202105  0.90939860569488651
  0.92073395219572618  0.93156956824556136  0.94177463350175761  0.95155990327770490
  0.96208818351672265  0.97369717196942152  0.98668064821922719  1.00000000000000000
 -0.00001414169877661  0.00013871882874130  0.00032908288175643  0.00061241525103112
  0.00101915002144101  0.00148074548572541  0.00201466639695432  0.00263285209729391
  0.00334092616298941  0.00412257284664023  0.00492464717519428  0.00574740556476241
  0.00659488129466758  0.00754396311628406  0.00861226748963475  0.00972384913422702
  0.01086512535765713  0.01204352735520620  0.01320451741825877  0.01440279079569716
  0.01567394947596152  0.01700596373212341  0.01842232313723304  0.01993617912794244
  0.02152635573450957  0.02323119704777342  0.02493017131228982  0.02660258054008846
  0.02824192763603561  0.02987516039874866  0.03147809181196471  0.03308678071552540
  0.03475812724693847  0.03653847041841675  0.03841652219005194  0.04031731002768053
  0.04221129661955089  0.04412637552886493  0.04609449892325469  0.04810883240957915
  0.05016804621487143  0.05227817256320299  0.05442894065620092  0.05667698704922148
  0.05903669453504487  0.06142582856367609  0.06390081774514852  0.06633553612311006
  0.06882109414787836  0.07149760808126485  0.07422944663417184  0.07699902168553756
  0.07990811687323092  0.08276830773742389  0.08568214470950174  0.08870123415208059
  0.09186201124843311  0.09522768545211759  0.09871132696739912  0.10186046380917368
  0.10504388451758802  0.10824257098460391  0.11152815501077601  0.11496258764802862
  0.11856401180249418  0.12230041815361865  0.12612699529146790  0.13001333761388109
  0.13423671576616306  0.13860906436528805  0.14318997988209101  0.14805704625576058
  0.15325364297220653  0.15893086938415185  0.16453534961991326  0.17037325891017890
  0.17630612709536769  0.18246873991834117  0.18923755587752558  0.19654939980951547
  0.20380589331561041  0.21117723664535937  0.21879141540914329  0.22665421599549368
  0.23508878430198049  0.24443761324689517  0.25479427342126654  0.26599849064426651
  0.27822978025176187  0.29239558828010176  0.30708792737403756  0.32576885949708817
  0.35034591269642396  0.38857478665370748  0.41315879097650798  1.00000000000000000
 -0.00217180041359812  0.00878183214149673  0.01874131586533466  0.02810648368496946
  0.03724797737366914  0.04568962371249331  0.05385674620377708  0.06197379612917649
  0.07018860738057159  0.07870405481316367  0.08771353703606831  0.09735499120713667
  0.10748936857557111  0.11788691971204522  0.12846753463749880  0.13929314635055634
  0.14982330426040608  0.16023963995807058  0.17060048415254955  0.18095370385514103
  0.19121193789024721  0.20117720189000468  0.21105504654069471  0.22076645839919556
  0.23045359599914483  0.24003803042612251  0.24953593897568679  0.25929634149325653
  0.26940696131459574  0.27975222422415164  0.29023015815705144  0.30109309088056591
  0.31200786497844352  0.32265405177880874  0.33332398076661401  0.34415493541806269
  0.35478781353950972  0.36504715648030206  0.37505719555539968  0.38475346840150748
  0.39429878914572158  0.40350215107427695  0.41255420761789796  0.42186252054233569
  0.43186245504998477  0.44299405908347234  0.45424216792040201  0.46523986825571617
  0.47620221899378273  0.48700169949283811  0.49747843205504788  0.50786184449764959
  0.51841136935713905  0.52944945986932856  0.54035957101881005  0.55067761426158435
  0.56069861534753740  0.57068416757991924  0.58115966936674635  0.59188375111861935
  0.60262239187935063  0.61274428969059502  0.62260316604994659  0.63249773134680953
  0.64187699345900284  0.65166233030337095  0.66096018290585212  0.67137789634972322
  0.68252927589496848  0.69346758684690313  0.70532710121667697  0.71743961054086047
  0.73062755408992874  0.74219644441101973  0.75430545228320012  0.76658663356186174
  0.77921713317959995  0.79201732290126747  0.80479664007984875  0.81714749129537789
  0.82890090138775541  0.84096008724555860  0.85339272695542889  0.86532898196223274
  0.87745669809110771  0.88971831618304509  0.90090058475831047  0.91153137880340462
  0.92349703641083836  0.93595417043796103  0.94778813740559886  0.95890332192735717
  0.96958017614196579  0.97959357157068216  0.98994136234344743  1.00000000000000000
 -0.00154139982873587  0.00881407136877104  0.01765754320024618  0.02718380891174312
  0.03634391550664477  0.04608667048517890  0.05568974481285004  0.06562039847278286
  0.07561956888643508  0.08557022794572149  0.09474015454487453  0.10377354420825811
  0.11299021863301817  0.12313380443440278  0.13337976297439191  0.14378968498049943
  0.15376704295300256  0.16410748442837347  0.17478399208203485  0.18546512417051134
  0.19633706706055798  0.20695550161651005  0.21765596136357601  0.22776768860839819
  0.23871757378361291  0.24998971773436776  0.26142456716558832  0.27222578726251950
  0.28243874175731976  0.29253473925485152  0.30284229519247202  0.31331494963454015
  0.32352392853419376  0.33322701070387195  0.34304476858801264  0.35271772560763659
  0.36187993954763398  0.37086883187319158  0.38032540442147017  0.39033960056379047
  0.40102163491000342  0.41155741466980916  0.42294603688257626  0.43475530121369338
  0.44695133641530377  0.45918642595799891  0.47042137608626877  0.48191954777986801
  0.49311262056294280  0.50478573481815336  0.51673066359272779  0.52879149169096251
  0.54156649101469179  0.55498335118410580  0.56755489838237450  0.57941894247152592
  0.59046921684009157  0.60102375168839939  0.61087797826280055  0.62060400066689070
  0.63065134379644694  0.64085043408248210  0.65095782986117379  0.66077457126502515
  0.67063260770551247  0.68066756724623867  0.69117601015169527  0.70184886713647410
  0.71326312415174531  0.72397768427393250  0.73489713410325130  0.74554336416590083
  0.75673774924313209  0.76722889061632893  0.77724905878576422  0.78720568896192056
  0.79732650026387264  0.80804663168668456  0.81888031068581557  0.82992834239844904
  0.84073974015119202  0.85146145669901308  0.86210929093630462  0.87239118736385035
  0.88288077950052568  0.89327823083582125  0.90359448058181746  0.91391162744840082
  0.92450447871448505  0.93521827751564590  0.94574677977493116  0.95606899133790446
  0.96600961813223962  0.97618238524308198  0.98748463720484270  1.00000000000000000
 -0.00250313431827990  0.01071943409796900  0.02125621210347383  0.03265895407465955
  0.04418110675778719  0.05576997756066653  0.06746316088922176  0.07920027891899459
  0.08991842453542843  0.10025468267550700  0.11084301432635885  0.12217169939985614
  0.13400079132531637  0.14634485174667414  0.15828974466578599  0.17023187888194374
  0.18215949769820605  0.19399253376404091  0.20546500948060800  0.21674706234205127
  0.22732433011584660  0.23819686143978333  0.24909628799426906  0.26002892701910135
  0.27102940454440855  0.28132957303855016  0.29128351411928016  0.30077443328395576
  0.31066061916438359  0.32106693100422135  0.33184490287737450  0.34250844472098985
  0.35335273521814298  0.36450636658278085  0.37590607932772030  0.38631567191725108
  0.39621042575715487  0.40649255267139617  0.41725526623555681  0.42766445304214346
  0.43785719441408660  0.44950628073035970  0.46172898088397890  0.47365093538374903
  0.48480420876987046  0.49577474659559401  0.50644159507301290  0.51675178280198297
  0.52740076346932618  0.53775280480585985  0.54798803512790129  0.55790967008131997
  0.56782950090882789  0.57756838421361345  0.58765001298735231  0.59835377225804542
  0.60922155161199543  0.61927151840786854  0.62866599521585897  0.63819787258881777
  0.64836401853988146  0.65894987593839827  0.66916296691679389  0.67938944233443421
  0.68984422895723851  0.70093670413790499  0.71212979080043370  0.72305898030493931
  0.73385735385497874  0.74430467151450141  0.75446104797782121  0.76471682573708721
  0.77509025519093144  0.78528719983512929  0.79515789392225211  0.80477367951942647
  0.81427715023743485  0.82369331677782309  0.83319494243086678  0.84290191373652601
  0.85230758062239187  0.86164638567814367  0.87103789049165437  0.88080097052349748
  0.89102361072847192  0.90131136083515995  0.91148689197130250  0.92134996722144846
  0.93076708265406949  0.94000679544972765  0.94981141025363547  0.96071755466095454
  0.97107654346115968  0.98103266428665470  0.98985970532860235  1.00000000000000000
 -0.00271699662650255  0.01003256041343374  0.02042048332896750  0.03141458268336066
  0.04305270229234925  0.05486460981112250  0.06670316438917059  0.07851464810554792
  0.09025382915215500  0.10179922379122879  0.11262786586287619  0.12272827652898256
  0.13211516721826655  0.14140228515569081  0.15117152177492091  0.16115986706411084
  0.17180119256723589  0.18211360127345888  0.19291349814494815  0.20412960851741946
  0.21577332964534462  0.22679103255737787  0.23745248175806472  0.24795694782699615
  0.25818631332905273  0.26825426642746131  0.27780565399759816  0.28738632640642592
  0.29719337565906195  0.30729929637680320  0.31778104487628822  0.32848561834964651
  0.33989474508040579  0.35185890211981707  0.36361203362672512  0.37513012391858758
  0.38610863690828034  0.39618996586789895  0.40569132622448173  0.41544262049643182
  0.42614613655562578  0.43762013637006075  0.44908733638063902  0.46073074476522985
  0.47238845635697641  0.48445955705420796  0.49673078388738279  0.50843922036976330
  0.51916479786473957  0.52928806820459173  0.53929320725181173  0.54859574846845893
  0.55831375034217268  0.56764224330191482  0.57797325904472807  0.58801468146066205
  0.59796659607341118  0.60817098057270269  0.61851413330643312  0.62916534863712026
  0.64018262325699105  0.65079643562580791  0.66125784921108122  0.67198438043539688
  0.68279894152523402  0.69336546780834862  0.70425881352205377  0.71558322670177676
  0.72694915747952238  0.73798374106991027  0.74851066094421081  0.75863457206627083
  0.76824107449739076  0.77786556744011681  0.78770736527839635  0.79792932451997511
  0.80834919899855207  0.81853679952635217  0.82861646701507286  0.83892539552358625
  0.84994002841523941  0.86134108126869813  0.87218671885722843  0.88253368975308422
  0.89246911181578525  0.90246569002004928  0.91242897175683157  0.92269946209278364
  0.93379614272595513  0.94458877467889735  0.95509151142913473  0.96459607978886319
  0.97413615437085976  0.98317119829236954  0.99180199387843426  1.00000000000000000
 -0.00267228083155119  0.01172928813330175  0.02329244887398853  0.03492686595352467
  0.04614404106911774  0.05720914171986800  0.06846554321322572  0.07979621743603431
  0.09081277446940102  0.10180945141971318  0.11256030900096770  0.12303720887988674
  0.13287897682105371  0.14284318675437302  0.15283033686413941  0.16284043217795699
  0.17243548414329862  0.18212237054637737  0.19196766204676868  0.20171279646024187
  0.21165673744961644  0.22197419841903207  0.23285821643723173  0.24460747381704004
  0.25623948177052502  0.26739093845534606  0.27825756065528595  0.28894409675090754
  0.29947790301504756  0.30974963051415927  0.32021388949284169  0.33098766422969267
  0.34176215871739224  0.35216853856645519  0.36237415125847361  0.37210169573775437
  0.38201422108073624  0.39176019732702816  0.40188083307154987  0.41246107752800798
  0.42363078094078882  0.43475344961133194  0.44589933271351706  0.45677457312674985
  0.46749658327211485  0.47824097554162542  0.48886844239243565  0.49980148458684115
  0.51050262543621150  0.52124592223036259  0.53122777125709175  0.54120725653110513
  0.55149227409493229  0.56202366493261280  0.57228352367872903  0.58220114638882448
  0.59227054908338828  0.60284077949878223  0.61394663238352032  0.62493369180530600
  0.63521010966756486  0.64519981948674721  0.65511292980389857  0.66557673451491051
  0.67642437218499296  0.68758256899578984  0.69817881738261833  0.70780133501914133
  0.71703905711934623  0.72661075063535319  0.73746334232609712  0.74878353791893848
  0.75944047744856069  0.76988689300987956  0.78013396279899871  0.79012167600316463
  0.80006853193209748  0.80938448739017554  0.81928612415876967  0.82893733061953800
  0.83892838949791160  0.84949986292505519  0.86054749780576401  0.87177658926850021
  0.88295014927827209  0.89395632986329909  0.90442770378523596  0.91513765760613142
  0.92617201256322856  0.93755474832761643  0.94874317242390283  0.95950967209965665
  0.97004123341341686  0.97987364857975268  0.98986272190616087  1.00000000000000000
   1.7481927012668629E-013  -1.0000000000000000     
 T F F F F F F F F F F F T F F F F F F F F F F F F F F F F F F F F F F F F F F F F F F F F F F F T F F F F F F F F F F F T F F F F F F F F F F F F F F F F F F F F F F F F F F F F F F F F F F F F F F F F F F F F F F F F F F F F F F F F F F F F F F F F F F F
  <DiscreteSampler_grid>
  grouped_processes
  1 # 1 for a reference and 2 for a running grid.
  10 # Attribute 'min_bin_probing_points' of the grid.
  1 # Attribute 'grid_mode' of the grid. 1=='default',2=='initialization'
  0.0000000000000000 # Attribute 'small_contrib_threshold' of the grid.
  0.5000000000000000 # Attribute 'damping_power' of the grid.
 # binID   n_entries weight   weight_sqr   abs_weight
    10   10   5.712197814825095E-004   5.271676004152989E-007   5.712197814825095E-004
  </DiscreteSampler_grid>
