 -0.00000265122826707  0.00010972887850620  0.00048809661585582  0.00100665007840519
  0.00165030202636601  0.00240569972032965  0.00322949187078506  0.00410928662293243
  0.00505081432626127  0.00604253395037574  0.00706284998472692  0.00808921257755181
  0.00917195974180899  0.01027847705080111  0.01138899579926473  0.01251269294683872
  0.01363082517507927  0.01475051321655767  0.01590886521303360  0.01710196290296903
  0.01829189922234676  0.01949593731758641  0.02073398242566996  0.02198366838554908
  0.02321938825935152  0.02442275082692026  0.02562818644275650  0.02686132625593920
  0.02814210821063491  0.02938317293301665  0.03065675505510775  0.03192730730638753
  0.03317993450638808  0.03447378143551464  0.03579316675060342  0.03711295036964393
  0.03842905125095818  0.03973773601332188  0.04106550325433428  0.04240020830888212
  0.04373309005731913  0.04509860540575598  0.04650166073201416  0.04792037864010550
  0.04934286573941057  0.05076786848880289  0.05219624996379648  0.05363094504426381
  0.05508306442490489  0.05652020507755687  0.05796974688691648  0.05942787335651078
  0.06092802941845248  0.06249546925676609  0.06406803693287579  0.06561646469055682
  0.06717139952258169  0.06875230587254380  0.07034170820495417  0.07193774512793581
  0.07353899513287891  0.07514324474981365  0.07675719911290717  0.07844376654870626
  0.08016540049646613  0.08195125330552512  0.08381110064162489  0.08570370988557495
  0.08760703982076597  0.08952324793374110  0.09145728074588526  0.09340818219486709
  0.09538522290339325  0.09744016587589543  0.09948875591284621  0.10157494331488286
  0.10370537375656787  0.10598000683355052  0.10847741667957025  0.11112773386539451
  0.11383599583261392  0.11657313000353250  0.11938124930112778  0.12228930963075332
  0.12529897557143815  0.12851633626831557  0.13182722542080577  0.13529093370388151
  0.13937314349753355  0.14408286822052532  0.14951766745960501  0.15588742175990788
  0.16380057190695088  0.17546969435521786  0.19615863212369217  1.00000000000000000
  0.00936564131758581  0.01680551474732940  0.02710122772371659  0.03756231844364972
  0.04761453704874184  0.05781613679509293  0.06817593955114810  0.07847059406908771
  0.08891323086757168  0.09944811505728185  0.10999300437307676  0.12059866954954825
  0.13142450638115799  0.14238538921154342  0.15330892503763185  0.16408569634965445
  0.17466482536310785  0.18508602743655980  0.19561302417818488  0.20616098911189229
  0.21656272633387383  0.22697115086087483  0.23754779629252964  0.24821040970012381
  0.25853484073747474  0.26876568287884878  0.27910393630046770  0.28978995548666364
  0.30061291309893701  0.31162305441755339  0.32303939539801163  0.33430860897219383
  0.34533474818957866  0.35603458680012051  0.36695870861562996  0.37762970929649464
  0.38830569116265162  0.39889322466645594  0.40942219732321622  0.41973193417814492
  0.42969624489344443  0.43952755007050048  0.44955685482136831  0.46012334953452633
  0.47100254505957889  0.48155484686460137  0.49169548216876124  0.50186968037416846
  0.51206309327082122  0.52227436847629760  0.53208954734686364  0.54162894160814923
  0.55189967592379052  0.56234650774639661  0.57276912550347492  0.58245746813450683
  0.59271517412946362  0.60284745061640599  0.61339557274816225  0.62389203854993180
  0.63448854489571260  0.64513087986726836  0.65563147923112952  0.66655439124537874
  0.67722083664915400  0.68762237479760624  0.69772995342533706  0.70787619571632610
  0.71822178795357561  0.72906383163521216  0.73975021599144375  0.75048997700060505
  0.76076580861672627  0.77089797478716515  0.78133278119792149  0.79181132167737300
  0.80177657066750063  0.81247469403737016  0.82239549756227925  0.83360529776761316
  0.84313470943351199  0.85255833763252686  0.86201417979990425  0.87161844555821999
  0.88137561729384628  0.89126498721484948  0.90127267646372888  0.91181909963857077
  0.92268947189534622  0.93378301826509658  0.94486299341219449  0.95608993038617662
  0.96695443837077466  0.97759297516468480  0.98836614702894210  1.00000000000000000
 -0.00208672181045738  0.00865793314901111  0.01800547890437791  0.02867405459635172
  0.03936424063741549  0.04970508147848764  0.05980475511137845  0.07082774666377227
  0.08259632634982432  0.09367981202378210  0.10470313887684425  0.11603415712230680
  0.12722463952141383  0.13758591423116773  0.14748117966294433  0.15745690836280429
  0.16783092142656153  0.17827691161220785  0.18901704840893119  0.20092807579047750
  0.21252215970215380  0.22343669358319718  0.23437642070224957  0.24563730885001239
  0.25704564541603286  0.26809539139328337  0.27862683883718553  0.28894562322027134
  0.29888094680048538  0.30885272735131192  0.31874291854904424  0.32895918672672797
  0.33917578395198228  0.34966620860008968  0.36038288110758349  0.37106811180805394
  0.38134736959262083  0.39143992548613943  0.40199232361860998  0.41280759381731980
  0.42344411613853461  0.43397482320698866  0.44458240119459791  0.45513320395480122
  0.46553079368905637  0.47613523781659439  0.48657612426788854  0.49719256550132335
  0.50775845585815549  0.51818284856732832  0.52822008453975433  0.53813726474222212
  0.54842927955398091  0.55904599137730238  0.56950918915050663  0.57993202321524839
  0.59018437467053941  0.60042293556401272  0.61083298986057177  0.62125012844676430
  0.63195406322575187  0.64223372144308932  0.65255883125717595  0.66294210424967670
  0.67377730666311697  0.68505642014436319  0.69589285981159810  0.70639912183323050
  0.71710492469470088  0.72777421122964148  0.73842163350148260  0.74895139006366340
  0.75921973884846339  0.76942997959030357  0.77955225865926447  0.78964380106060261
  0.79986387779608292  0.81010521505478694  0.82063990150916288  0.83120578804871204
  0.84176565861505259  0.85233246745982760  0.86292468522116905  0.87372770206343775
  0.88403004621719128  0.89410821562452547  0.90432325508938005  0.91451554320266359
  0.92468101028046401  0.93519527379781031  0.94584800689550130  0.95651111002071398
  0.96729494235462843  0.97828041398509424  0.98923175707363264  1.00000000000000000
 -0.00230399017531089  0.00888031711010335  0.01934265427021493  0.03038578853447415
  0.04175128014499553  0.05319247734115817  0.06450276821003313  0.07561740593070099
  0.08623756515215997  0.09649094625064099  0.10627427377858312  0.11591719914820929
  0.12572433551459836  0.13583015441020777  0.14593828587974461  0.15592729690011067
  0.16626711315527110  0.17724125282083567  0.18807272224243846  0.19848489240836728
  0.20906299626026215  0.22000244034944402  0.23087465002855984  0.24140146236264712
  0.25208922939861372  0.26269300838490489  0.27306540827226483  0.28313387268610063
  0.29354892639353841  0.30440224428828710  0.31489905683968900  0.32506334987553148
  0.33529680708415899  0.34572354537812899  0.35621620124714931  0.36645628131342095
  0.37697517893154908  0.38774456916844108  0.39831585775267725  0.40872462818729666
  0.41916782597404273  0.42968054288473984  0.44000102186408629  0.45026565040804423
  0.46079483454029702  0.47140698747848914  0.48237530109349874  0.49325033841100807
  0.50430938955077809  0.51491774421189684  0.52595826575880933  0.53718400143546707
  0.54819364708659324  0.55896080791672331  0.56985622810329584  0.58089818986626229
  0.59193601137322083  0.60257251656612365  0.61323583876279464  0.62395823007796936
  0.63449369843060521  0.64487526104126824  0.65525222286857765  0.66554277281540253
  0.67557480697038341  0.68579554143832844  0.69614014110193434  0.70659209282114421
  0.71678632866769032  0.72692243802386514  0.73749651094948954  0.74830070854914277
  0.75925036477810026  0.77006979214507432  0.78065377139547809  0.79128814863485042
  0.80183841148923818  0.81254975417359276  0.82327543355343002  0.83452545866873895
  0.84591140830547851  0.85713169064269379  0.86793571680086379  0.87857012002823032
  0.88871625025714640  0.89882289314781538  0.90901447698852322  0.91916128627712612
  0.92900208467596124  0.93848311620168212  0.94821868148965949  0.95827995474100147
  0.96866638784080095  0.97902695210373913  0.98949213496865551  1.00000000000000000
 -0.00219982117546930  0.00928210865432262  0.01901721388472034  0.02930742328207217
  0.03951523308872541  0.05005628035914003  0.06054105890006323  0.07117097229010905
  0.08155088884289075  0.09251439277130034  0.10322437918183794  0.11448488101385670
  0.12551409848713868  0.13628298407710288  0.14673801637977837  0.15680656634794349
  0.16677737079802535  0.17654901445661433  0.18599090413826191  0.19535684537369383
  0.20479258043028048  0.21470681327258029  0.22485560848051522  0.23487886219975157
  0.24485068425705794  0.25470362750563275  0.26468683506394075  0.27488188599476077
  0.28525981707307718  0.29565246278982665  0.30609665725347313  0.31662919198113471
  0.32723014802740519  0.33773256531262363  0.34806866519056412  0.35849121114935556
  0.36906457718756797  0.37980688092352277  0.39042567253139515  0.40092258160873273
  0.41164975826793204  0.42212149427172968  0.43240038140072640  0.44281648233992138
  0.45346486131923680  0.46416744700417334  0.47456110276682673  0.48490596375205575
  0.49538165016786584  0.50611793515186865  0.51719947749685369  0.52843952232259317
  0.53976860360687262  0.55099256613208802  0.56204133544104606  0.57305798572176314
  0.58429288190344209  0.59540618866788120  0.60639401037682217  0.61667359486410256
  0.62730405651356180  0.63827770821528007  0.64916537013987186  0.65953931892586315
  0.67007329587156395  0.68077213739036702  0.69168900882429563  0.70247051311811792
  0.71346198190809407  0.72453374463802911  0.73492721236492031  0.74482913394705208
  0.75500768363199366  0.76584318955862829  0.77678191599688318  0.78734056522530549
  0.79804006091468571  0.80891453143925141  0.81962339752948188  0.83036284799434501
  0.84169400341345180  0.85282223674331159  0.86381069954956047  0.87458162003572337
  0.88540327548088260  0.89616320560502261  0.90716227099694102  0.91754463827377386
  0.92722271012594082  0.93684517546289980  0.94690413019224862  0.95701361187520706
  0.96765095707414794  0.97752537446789678  0.98887848486672181  1.00000000000000000
 -0.00235047798599849  0.00988951253450122  0.02017006957901886  0.03112444156451870
  0.04211886820676585  0.05425055556853079  0.06544648556134820  0.07585377101330225
  0.08609837624834119  0.09640097058575001  0.10660647628111658  0.11666941640980628
  0.12673569170243132  0.13694403396256941  0.14703015379063647  0.15712160633186267
  0.16731802276987986  0.17770480667735347  0.18768552282996567  0.19801082032658598
  0.20828223597089290  0.21853563294644621  0.22865230452141300  0.23906673777390838
  0.24940282053544083  0.25993189885254531  0.27013387705739350  0.28097245288227946
  0.29141118154155493  0.30205428897154646  0.31290702508947144  0.32325699827574927
  0.33353515882878271  0.34351144283837681  0.35379617043730982  0.36396530717749120
  0.37410937897793772  0.38504949007935968  0.39589274205044150  0.40663896670876659
  0.41740056843729395  0.42860663180726100  0.43980366956806000  0.45103151874398167
  0.46203246650985480  0.47322564045060383  0.48408547188636863  0.49487320184379080
  0.50539003330275689  0.51600468735452287  0.52621964568293089  0.53617257363517312
  0.54611455884636484  0.55649785443962207  0.56720334355724777  0.57787849117094670
  0.58821496109231586  0.59831609336310987  0.60860339053577917  0.61898759205739229
  0.62947403096151522  0.63999623775619829  0.65104064116119065  0.66215989292665456
  0.67294309155346455  0.68329713360160127  0.69353555455122062  0.70379607988397097
  0.71414080979018812  0.72426214351444096  0.73401071357669478  0.74348254260441082
  0.75318180426539638  0.76301467613005292  0.77293229752961656  0.78301707793753628
  0.79332124605098109  0.80381250511999847  0.81430891650847759  0.82484706468768232
  0.83570896639277992  0.84679001661899655  0.85779451691268216  0.86867889059062375
  0.87962141787095938  0.89067580538071001  0.90199249637904455  0.91352431351164742
  0.92454022273794190  0.93562249894189631  0.94662887293824494  0.95821369729333106
  0.96868590096778406  0.97933368065724813  0.98955536843279146  1.00000000000000000
 -0.00180098138158919  0.00678093186378994  0.01427561078638266  0.02214285550173299
  0.03044828291543067  0.03889009695327440  0.04741213177770231  0.05586970535070847
  0.06457877153296859  0.07375675059275297  0.08305250052719595  0.09232829210478156
  0.10176366764372577  0.11125565633826037  0.12070344196423724  0.13007623582664474
  0.13943251005903368  0.14884203801368240  0.15821211484321426  0.16790794895032654
  0.17804997649830995  0.18838040633086375  0.19820096966344686  0.20828723726959336
  0.21900803803093433  0.23024572285572958  0.24123960108554879  0.25239197937174229
  0.26376389784465182  0.27465167092715159  0.28505804761620646  0.29578345116160049
  0.30674329725697996  0.31828460134566539  0.33052317225408223  0.34291287716513552
  0.35525006860880498  0.36744866360235706  0.37983052926474115  0.39230227026737990
  0.40498440914070827  0.41804439538448274  0.43080728827215042  0.44333640293582099
  0.45570139606004184  0.46892673257371892  0.48163629382030582  0.49385929145775398
  0.50587163338135488  0.51828997784354858  0.53081533403350223  0.54340794336826104
  0.55620219094148071  0.56908396371832459  0.58174890729522766  0.59368275900760514
  0.60551524519400912  0.61742220377562262  0.62978096231783265  0.64232504531275902
  0.65445610526481934  0.66651820178269217  0.67847003435053077  0.69015231097395546
  0.70159879578390760  0.71292669937820619  0.72427241444089230  0.73568698742806893
  0.74697722139004075  0.75787339821270061  0.76850881212852762  0.77922658383586207
  0.78989697591296693  0.80020889798180894  0.81034634261031946  0.82031490610092039
  0.83024708645122758  0.83982370076716817  0.84928826944119473  0.85872653199786309
  0.86816352759587612  0.87742234249322282  0.88665231095102548  0.89588410840044352
  0.90517354003493133  0.91443966583147951  0.92363178013149028  0.93263581436216003
  0.94148674397242005  0.95003792938298492  0.95852249422304547  0.96701003007003217
  0.97547890924085923  0.98376336590649205  0.99183314440366233  1.00000000000000000
 -0.00242089475607256  0.00917167526136028  0.01934946487599173  0.03010793752309314
  0.04082161215011364  0.05162142820246226  0.06260088242512837  0.07271198776321099
  0.08300660648582170  0.09354531570002329  0.10420610919332481  0.11472105149492495
  0.12525277133190249  0.13602667478297695  0.14686801008141195  0.15737063360867529
  0.16785143837395552  0.17805944495472315  0.18838115088464058  0.19886257494032950
  0.20926585655871299  0.21975499941051282  0.22967559598118803  0.23943823111428705
  0.24921250383175855  0.25929263864995317  0.26953639700653859  0.27967040471119592
  0.28995930401950082  0.30063065914210796  0.31178065495321133  0.32301509112764998
  0.33425206771129040  0.34525710657604014  0.35608905529961282  0.36698986246436927
  0.37793573263656621  0.38843393146969640  0.39859326039820719  0.40888050194155595
  0.41926862703729950  0.42985215093386392  0.44014542641620580  0.45066347959534431
  0.46075220736974432  0.47130147950109935  0.48163501493099464  0.49253110602388761
  0.50330454156203075  0.51448735246998545  0.52528017041527597  0.53552750145191907
  0.54570836517545462  0.55538869273525271  0.56503168768799317  0.57432213373298824
  0.58372977650513935  0.59340114440094260  0.60318621719202115  0.61331512929499710
  0.62413205347945200  0.63558984367147409  0.64723384867260814  0.65830618336463465
  0.66904380965842913  0.67993701997308009  0.69107488221911118  0.70258489924354950
  0.71409134388974360  0.72518929609413096  0.73577813500600053  0.74578554614459014
  0.75608385839348924  0.76627642231012438  0.77649606827979933  0.78657017714187250
  0.79711921325064672  0.80803626670699469  0.81856110828062845  0.82889970056742412
  0.83921194644716846  0.84918221291050311  0.85903065771927190  0.86891902165373691
  0.87911984851140934  0.88972721959270684  0.90060163268828719  0.91165226623584283
  0.92262155092239839  0.93338449541458435  0.94412594892533941  0.95487649744106884
  0.96568973362204813  0.97706222362793715  0.98831449994995879  1.00000000000000000
   7.1452452775147664E-010  -1.0000000000000000     
 T F T F T F T F F F F F F F F F F F F F F F F F F F F F F F F F F F F F F F F F F F F F F F F F T F T F T F T F F F F F F F F F F F F F F F F F F F F F F F F F F F F F F F F F F F F F F F F F F F F F F F F F F F F F F F F F F F F F F F F F F F F F F F F F
  <DiscreteSampler_grid>
  grouped_processes
  1 # 1 for a reference and 2 for a running grid.
  10 # Attribute 'min_bin_probing_points' of the grid.
  1 # Attribute 'grid_mode' of the grid. 1=='default',2=='initialization'
  0.0000000000000000 # Attribute 'small_contrib_threshold' of the grid.
  0.5000000000000000 # Attribute 'damping_power' of the grid.
 # binID   n_entries weight   weight_sqr   abs_weight
    19   10   1.277732900063271E-001   3.058829952013472E-002   1.277732900063271E-001
    25   10   1.827984013427934E-001   6.273102749319473E-002   1.827984013427934E-001
    37   10   1.775385353585298E-001   5.376454110451086E-002   1.775385353585298E-001
    43   10   1.396574850177713E-001   3.464891227914359E-002   1.396574850177713E-001
  </DiscreteSampler_grid>
