 -0.00160483760924504  0.00768881689689735  0.01488820630316132  0.02222431117483246
  0.02971485741595768  0.03729035873786421  0.04494960410741289  0.05269427483407541
  0.06051636710132412  0.06843314514371449  0.07644275389275595  0.08452943738986382
  0.09271770036053309  0.10099165470139417  0.10936359172161327  0.11784832667610720
  0.12640646196432345  0.13509717398276697  0.14385312447078979  0.15275644913275402
  0.16174085100683189  0.17083983290722951  0.18003573720731561  0.18934542625034295
  0.19877700806511422  0.20832348406030377  0.21799324494551983  0.22777942495626541
  0.23769555287854380  0.24773184437039872  0.25788532640661749  0.26816229545173303
  0.27857043955489236  0.28911703950276196  0.29978671763576042  0.31057367335374536
  0.32148654302060231  0.33253231882872269  0.34371272774930878  0.35501558785594695
  0.36644166788763638  0.37799256365998546  0.38966376716242679  0.40144979683967696
  0.41334295202649640  0.42535558728090422  0.43746955654827219  0.44968093783682733
  0.46197196260348566  0.47434859701513044  0.48680704160724497  0.49934418232989009
  0.51194197487684356  0.52459412437991149  0.53729684812784662  0.55002096514465282
  0.56275151768132659  0.57548603741576942  0.58822958918540635  0.60097316907468101
  0.61370596281074685  0.62641270055840714  0.63907655032298349  0.65168609535017685
  0.66424634635171997  0.67674700256729936  0.68917883020375337  0.70152367493478063
  0.71377214615270068  0.72593638265648275  0.73796908341008660  0.74992209917877328
  0.76173332141175620  0.77347328591215647  0.78506540103385858  0.79655922827849723
  0.80790402080887624  0.81914149215075960  0.83022937250539341  0.84120147881167673
  0.85203069182068591  0.86275160814103480  0.87334344896792393  0.88381458606263030
  0.89415484499297437  0.90437664843750210  0.91447076930353954  0.92444424351582066
  0.93428378301324200  0.94401171405642736  0.95360654106485954  0.96310087105670672
  0.97245105848969848  0.98172659234375159  0.99087864712051665  1.00000000000000000
 -0.00239351333717933  0.00983991757564865  0.02006724272816782  0.03064624012411736
  0.04123986072760260  0.05188910123300815  0.06244647201857027  0.07308346019555302
  0.08372140634683851  0.09443278496454308  0.10508703542736116  0.11569734601669641
  0.12621109829176708  0.13670487025341016  0.14724007182444920  0.15778658636452614
  0.16824057285751443  0.17864521018373841  0.18906765065575751  0.19964606059005927
  0.21019433983983124  0.22075275336365227  0.23121866075632574  0.24169770387287401
  0.25212388789809648  0.26250389476196789  0.27286054577101493  0.28324919127011455
  0.29366134260822802  0.30416658758006038  0.31470427179150451  0.32527490599453435
  0.33580095667728249  0.34630433710072761  0.35685016691300769  0.36738861886647239
  0.37791761443353755  0.38841512405968165  0.39895951230657622  0.40956551919062689
  0.42018282893418818  0.43077340902357192  0.44130651662289644  0.45179704573585067
  0.46232960549682456  0.47291422389065013  0.48348823505155730  0.49401288398344140
  0.50450184568022050  0.51502455903647903  0.52552621119621468  0.53601221027733859
  0.54656711817625192  0.55721488029849520  0.56783774259566133  0.57846057128810313
  0.58900141354720104  0.59957357408768774  0.61009947196380221  0.62065337620479810
  0.63121101049254646  0.64175081226281061  0.65231330940324261  0.66286306145496976
  0.67339188181977450  0.68391619114871771  0.69445229620848326  0.70502756959498636
  0.71554354226683992  0.72606408818980139  0.73658241463134155  0.74710435487265303
  0.75763187659266418  0.76807653456803227  0.77854428414814969  0.78901300632065952
  0.79955594942684427  0.81019474819322157  0.82075939849772428  0.83132894531953327
  0.84183473385289009  0.85244422792636632  0.86299208316010501  0.87348145791380538
  0.88400333672709785  0.89456533987969367  0.90514167097152898  0.91562208273440804
  0.92606823172583064  0.93659750552996524  0.94717652178902012  0.95772806434024971
  0.96829071880053919  0.97878120555395198  0.98941637803107541  1.00000000000000000
   9.2430560966361395E-008  -1.0000000000000000     
 T F T F F F F F F F F F T F T F F F F F F F F F F F F F F F F F
  <DiscreteSampler_grid>
  grouped_processes
  1 # 1 for a reference and 2 for a running grid.
  10 # Attribute 'min_bin_probing_points' of the grid.
  1 # Attribute 'grid_mode' of the grid. 1=='default',2=='initialization'
  0.0000000000000000 # Attribute 'small_contrib_threshold' of the grid.
  0.5000000000000000 # Attribute 'damping_power' of the grid.
 # binID   n_entries weight   weight_sqr   abs_weight
    10   10   1.532939374543852E+003   2.510133839353084E+006   1.532939374543852E+003
  </DiscreteSampler_grid>
