 -0.00000263249750445  0.00011465082363752  0.00048378522352190  0.00100220321966256
  0.00164422652181626  0.00236723927183025  0.00316716576941761  0.00404652896635342
  0.00500168239043648  0.00597601901531143  0.00696417227610539  0.00794622350077516
  0.00895986505142713  0.01000664840272872  0.01106231630671253  0.01215823352096760
  0.01325731213762634  0.01432825804750883  0.01547603909726856  0.01665665726163013
  0.01781267723603258  0.01896211465443893  0.02014171372445133  0.02137018791789022
  0.02262638404178403  0.02387299913890259  0.02510450440826463  0.02636389139314451
  0.02764959509431451  0.02893647787775168  0.03022131929102158  0.03151258737996389
  0.03277796604157791  0.03407996779878761  0.03539365504699879  0.03674308742611195
  0.03809863572841241  0.03944897251737337  0.04083969932088293  0.04224936119910496
  0.04361491777690417  0.04499030119835414  0.04638539970690599  0.04779918027834251
  0.04923336680744050  0.05068838172786978  0.05214095465067983  0.05358149650435794
  0.05501790606393003  0.05644358936877553  0.05788729462289333  0.05934987414955968
  0.06084360354034193  0.06235993736163862  0.06392195536821520  0.06544664131583415
  0.06697881157471962  0.06850600924975317  0.07004116223043080  0.07159125572479685
  0.07316310229269517  0.07476665242310115  0.07639916970558362  0.07807135304251986
  0.07974170245096387  0.08149154172561049  0.08329101205716824  0.08514697375681107
  0.08703866885528544  0.08894183038188379  0.09085736383134560  0.09279558837499617
  0.09476530544781778  0.09678161696981952  0.09885017784860256  0.10086364084028808
  0.10299590283928962  0.10523987466264803  0.10764387582605597  0.11017805065030697
  0.11279561369470921  0.11551911926569866  0.11837204160455703  0.12135983238316593
  0.12454645532005518  0.12784143906989962  0.13130017349951464  0.13494511586864621
  0.13846644372898326  0.14327091517123919  0.14907679432662041  0.15574574855324061
  0.16410370222228082  0.17784024988480954  0.19490619930916428  1.00000000000000000
  0.00958831948987571  0.01589414559420985  0.02521023919897272  0.03541682375235657
  0.04539368755646970  0.05532312814363313  0.06543168989127697  0.07574897654784807
  0.08588334480585366  0.09599979056333202  0.10637493842000274  0.11700294879478641
  0.12746784078329831  0.13769429530581742  0.14776159128178851  0.15773909241607562
  0.16787283233622899  0.17810778435917010  0.18829462593403617  0.19820387317839858
  0.20802057374387556  0.21796322182148367  0.22793472564299941  0.23798851379488323
  0.24822429652529540  0.25848981563588375  0.26897070843190651  0.27945930262119173
  0.29035579043801441  0.30168122900116179  0.31303347123891812  0.32395253468717355
  0.33471808792879143  0.34525061370687044  0.35542483715707462  0.36519755211329757
  0.37497335819725486  0.38542704229461711  0.39622976357565498  0.40730250947639518
  0.41831588918410895  0.42887611315303115  0.43927252186887900  0.44950206653623909
  0.45946542392151812  0.46918955908023591  0.47872020092663625  0.48867012622485989
  0.49854928090801781  0.50850355532644442  0.51860718041969833  0.52940742930959528
  0.54017565621963370  0.55058917500678684  0.56071117537344339  0.57069570321817209
  0.58058790685269135  0.59047626111173712  0.60073741426736493  0.61149495595137138
  0.62216557055781629  0.63256776027944805  0.64290791207810183  0.65354143551454569
  0.66391579868948125  0.67377137531597275  0.68351598872791164  0.69365893908664777
  0.70408490258019341  0.71435042610936339  0.72437830183080532  0.73472565478591556
  0.74549746696406893  0.75622778410386227  0.76696500962591074  0.77799286412542934
  0.78924312231194993  0.80050376107752652  0.81158426980900633  0.82240740391767375
  0.83301135268912474  0.84334586698064362  0.85352014983201330  0.86372393530196934
  0.87404119067500841  0.88451285750811459  0.89524402895712896  0.90635505209915568
  0.91770703682653032  0.92869704733665182  0.93908982412233688  0.94956455976347820
  0.95989133375242275  0.97004096864318423  0.98054160823083736  1.00000000000000000
 -0.00211832591750078  0.00915044517229005  0.01897705603582708  0.02959759447511458
  0.04019377744866457  0.05029221995245022  0.06040493522357974  0.07102644976979701
  0.08173147176730980  0.09228751428370389  0.10250976169976719  0.11263133018412864
  0.12267857808504191  0.13311379545549118  0.14375333344300731  0.15418776412301399
  0.16460519459042067  0.17558676094733638  0.18647743866828626  0.19710403246213115
  0.20744181568470943  0.21900331079753591  0.23022793558394392  0.24141238030305781
  0.25183814493884038  0.26160166657185213  0.27123551350922781  0.28084739811097414
  0.29062974233207400  0.30077253522513941  0.31097579904105094  0.32164408568328090
  0.33249866747542373  0.34356799715907882  0.35438952056231049  0.36498173195755335
  0.37565615202491959  0.38593055064900589  0.39640840385063580  0.40616887741692331
  0.41592279779300040  0.42597798863978914  0.43625743107552545  0.44669357414650657
  0.45705324223355415  0.46748093866175339  0.47790168808473216  0.48797242701865817
  0.49793961590598845  0.50814725518432469  0.51819662497649355  0.52820298122051235
  0.53832771125781254  0.54877999528800669  0.55956223903431845  0.57025498501502014
  0.58121380284878454  0.59246504318014237  0.60412102055751760  0.61554399262162762
  0.62697016433882824  0.63826897069378241  0.64925493478197460  0.66003396981689766
  0.67085957345743319  0.68173694013660735  0.69279487699791942  0.70391733624064934
  0.71487328971670872  0.72591728440757486  0.73656827349368148  0.74721741380698259
  0.75790289116978160  0.76877067012347700  0.77981199405725110  0.79083598360501151
  0.80196287274248179  0.81293572838662764  0.82316486809939116  0.83356229280752014
  0.84467653526263331  0.85542917682458519  0.86568991669312534  0.87573714711862682
  0.88593852858199418  0.89609386866671070  0.90595013246813760  0.91607257090074712
  0.92664597845580254  0.93726548374587260  0.94785676535048013  0.95844430381883572
  0.96880985356047034  0.97920782194721101  0.98937403365790011  1.00000000000000000
 -0.00228584185513132  0.00908360088251286  0.01845965138794000  0.02866260072111821
  0.03865997417652000  0.04891543780101833  0.05971690391189531  0.06979693175289578
  0.07969538831087321  0.09001159053691131  0.10016065019341597  0.10975698517364080
  0.11884938917286428  0.12840916828760354  0.13861957549749643  0.14905986269776395
  0.15922231689347846  0.16939911619396991  0.18025961523228815  0.19138508019560449
  0.20246948497598974  0.21326682829726409  0.22399005463698557  0.23476940790606093
  0.24542949846198234  0.25583377381355676  0.26609157164219499  0.27676349752529988
  0.28788902561450808  0.29889072705512598  0.30968064878305229  0.32040258652394105
  0.33103071303035614  0.34162398061622595  0.35230630102538307  0.36319030128328933
  0.37387155440494368  0.38410780606075756  0.39442576572762550  0.40484832066235410
  0.41534526154370810  0.42609585801347116  0.43709477975768424  0.44860808972561572
  0.46019826225975102  0.47165840250871915  0.48309083143318404  0.49457720658825072
  0.50588423929134363  0.51687590865922628  0.52777504315698232  0.53828339436301775
  0.54832974154983694  0.55824819138330806  0.56863882007722122  0.57900118995499450
  0.58902955270212198  0.59889272705796792  0.60884785364887550  0.61872966960084885
  0.62851339737233813  0.63833399318011574  0.64829608209620293  0.65850873339460070
  0.66870209449218954  0.67880726469128261  0.68928465669632644  0.69953063319603315
  0.70962670635702974  0.71956649990471144  0.72979489866335134  0.74027494402510119
  0.75081972586403789  0.76140105719694140  0.77195993547681807  0.78231312835284550
  0.79260994693847631  0.80325280263600518  0.81412052767055298  0.82511980354928782
  0.83645070351978223  0.84811447450342647  0.85973582441121887  0.87109328751370774
  0.88229876503034277  0.89357380728528812  0.90481701321497021  0.91576609385713648
  0.92614390551737724  0.93658238903586033  0.94735520229403813  0.95823284843177647
  0.96874511577784284  0.97885154802335950  0.98945620074909191  1.00000000000000000
 -0.00266753733519301  0.01012661533013086  0.02106935841812771  0.03177677696092455
  0.04262407519218149  0.05377585948966586  0.06498467987851191  0.07603634623041700
  0.08674414404228478  0.09776596647854273  0.10844453065644895  0.11896394339881680
  0.12946715609969489  0.13988393192487933  0.15044387421477476  0.16077309464292081
  0.17155036182428604  0.18243844699029843  0.19293167283165624  0.20319584637687857
  0.21372370681257785  0.22426267369451131  0.23455684642212699  0.24463498686263732
  0.25495167291241810  0.26534971713961453  0.27539999787136776  0.28515102988467173
  0.29527762501079435  0.30570850608666161  0.31630653979275047  0.32715188424759994
  0.33780920589576402  0.34832071337400139  0.35872075232192630  0.36878544260515772
  0.37893781659473930  0.38929548933882963  0.39956403353556003  0.40974036591524005
  0.41985538739284528  0.43034913008695047  0.44071919230609308  0.45064469582700428
  0.46080301534344192  0.47108738096759928  0.48134577878299234  0.49134492117204948
  0.50142152032657983  0.51159256885758875  0.52182436659281040  0.53216138320498851
  0.54233807866230843  0.55283523993353068  0.56364442006475735  0.57480502187178606
  0.58604470738062919  0.59690574119020456  0.60802999164100358  0.61897778655813862
  0.62948428025002467  0.63983561624054874  0.65042625601343562  0.66134019729068794
  0.67237098927909056  0.68355241148025569  0.69491027716579845  0.70611911011809902
  0.71683329148843367  0.72699572190634587  0.73679541918431313  0.74636207567699275
  0.75594062859755917  0.76576569537758798  0.77611743360484764  0.78701364762294135
  0.79797596647868430  0.80899007210475660  0.82010127531239807  0.83139477272065054
  0.84212618054923116  0.85271647365818448  0.86308525590373975  0.87340737538524982
  0.88379232557582688  0.89426180310670422  0.90477747520349139  0.91524629025335702
  0.92574971535601069  0.93635032770719884  0.94702756646785602  0.95751914748959832
  0.96823069479896806  0.97872051691372153  0.98946286201276989  1.00000000000000000
 -0.00232792287915053  0.00954827231217069  0.01966809809518879  0.03038086327148415
  0.04140254483944384  0.05193769095302044  0.06232967730113077  0.07293404898616257
  0.08314506095936337  0.09369947289335227  0.10376261367578954  0.11461724686930949
  0.12529212552347008  0.13624995849774332  0.14703635823841055  0.15789751313573508
  0.16856325454103296  0.17938077183835616  0.19010437017930107  0.20069056945919628
  0.21105475672143878  0.22100088024288547  0.23070879826538376  0.24036591920908623
  0.25031136825776390  0.26054482337376839  0.27057393269051300  0.28066632892035503
  0.29123259873912860  0.30237467300915150  0.31394013461372405  0.32451401332993857
  0.33509030641799686  0.34594550105556371  0.35649552866483930  0.36690830292413984
  0.37747724114245729  0.38859315156099244  0.39968665111498863  0.41042008652578876
  0.42145001339412952  0.43233814275787530  0.44307310026025870  0.45354675415182533
  0.46393424627944729  0.47455781297691679  0.48526742250423671  0.49586824294072818
  0.50613183493753366  0.51640750610383257  0.52705139747264862  0.53787010041703021
  0.54823729470410887  0.55812386373216205  0.56803442157826523  0.57816619817055359
  0.58843270697300609  0.59864799862603446  0.60893568792532260  0.61914988818925187
  0.62957059723234532  0.63996220844768381  0.65086192689028477  0.66173395573059379
  0.67250407467934614  0.68294906366391694  0.69362813483090691  0.70460814427659169
  0.71556889392247736  0.72637836492239649  0.73706598449934813  0.74768368650002626
  0.75823145838988781  0.76861737069688496  0.77854675066164647  0.78838394172012960
  0.79840088645002116  0.80852516386324913  0.81880418327807369  0.82918040797400905
  0.83990821436659335  0.85085721593166297  0.86195042248653420  0.87314315372785989
  0.88396087029316384  0.89463101660406374  0.90534567002601274  0.91617381480101101
  0.92677630164669833  0.93725779870627468  0.94785549898288268  0.95836016833338278
  0.96881600671403445  0.97915092628247746  0.98946777914825035  1.00000000000000000
 -0.00202269091223568  0.00734827590482343  0.01631136359088537  0.02537252657431848
  0.03453785905832072  0.04368759607420657  0.05280032745208596  0.06206702492133274
  0.07144581485576627  0.08111360494923608  0.09037578871030001  0.09938309513288518
  0.10864334849549587  0.11777702312882450  0.12711695296228492  0.13659989290953911
  0.14643761820648982  0.15653650519518644  0.16688920503470897  0.17756999365442444
  0.18843383438608463  0.19961128545117826  0.21062607594771246  0.22131381020340818
  0.23182700463741399  0.24225912198668167  0.25305525221078212  0.26442772316122631
  0.27622528250539302  0.28811834745785764  0.29998074413955583  0.31200685370769954
  0.32432031797767508  0.33633478626234559  0.34759505056523637  0.35903121232602775
  0.37086561743905655  0.38258059048867121  0.39406347653610563  0.40596621737178901
  0.41781207150140059  0.42943567023687951  0.44159800555236567  0.45452110401088613
  0.46751846614313269  0.48031105702366561  0.49288640593654820  0.50526718753278943
  0.51737469119085855  0.52922538293300825  0.54129196271531799  0.55353600418419668
  0.56620440547217521  0.57899224262353266  0.59248545935284969  0.60546882049167638
  0.61802181401343070  0.62996203133326079  0.64142822385548559  0.65299208628916205
  0.66425944915409618  0.67637494084146821  0.68772019290068709  0.69915629447117766
  0.71032471967460709  0.72180759672681538  0.73292471348244503  0.74363748321673884
  0.75379693818596283  0.76332153012081949  0.77271324077305448  0.78213197290123282
  0.79161768439562430  0.80125752453472476  0.81080124878684734  0.82088969644329379
  0.83147142275111008  0.84225215024399891  0.85286635907095121  0.86297779896497617
  0.87251281149219406  0.88179548763715732  0.89097322861836081  0.89997887714205682
  0.90881825135098004  0.91737434864680178  0.92619775688790729  0.93478125537630929
  0.94326772116267177  0.95132853974068809  0.95970559540862788  0.96789897182004025
  0.97623803339112092  0.98433731671741498  0.99218054828383118  1.00000000000000000
 -0.00253372938694685  0.00961240375881091  0.02036657015595769  0.03115596502178796
  0.04204433491954926  0.05273768275124763  0.06302466044773887  0.07274855114012442
  0.08280020595514391  0.09318140378998553  0.10310073951478368  0.11336731527164731
  0.12324543480645389  0.13388235402752532  0.14455804345803930  0.15530523675069510
  0.16616668102039497  0.17670758402466388  0.18655505771711231  0.19633887735122038
  0.20619019751678508  0.21661874312169732  0.22712526804579036  0.23756880482591752
  0.24814266052840128  0.25897413812713266  0.26992412356900658  0.28091894090875291
  0.29148820045360607  0.30151529401264282  0.31162423028580832  0.32187954853003237
  0.33229524077188316  0.34262130466618301  0.35306158876827554  0.36397524092875727
  0.37494763488548477  0.38506062908012478  0.39497426250647072  0.40494240148925859
  0.41493574505167891  0.42474479543540361  0.43450895578683002  0.44455566906300742
  0.45440395461570859  0.46408585888162579  0.47398616304495006  0.48437396079884981
  0.49511052116893012  0.50577136145344914  0.51642610890827290  0.52710530220888707
  0.53810182954769514  0.54959164492263124  0.56151073569364496  0.57345722465235904
  0.58504094837250853  0.59591530114344338  0.60630345137673691  0.61659749789107521
  0.62650604690930822  0.63688112954070175  0.64710057620922934  0.65796558953283446
  0.66866782072648989  0.67932985435897253  0.68991132205353745  0.70021333339910297
  0.71062167053999192  0.72117487002267422  0.73175062533785240  0.74235840492961014
  0.75305686422776874  0.76408130556995324  0.77515485755692759  0.78588491655769455
  0.79615555550964534  0.80629993509927789  0.81668591735362073  0.82747046430754023
  0.83813334797382011  0.84880518257977056  0.85951090903950889  0.87029500314303920
  0.88093730167115936  0.89133618812964244  0.90203094315388421  0.91288160411721420
  0.92389789881435025  0.93516352101806477  0.94629821066839204  0.95757785878404611
  0.96805550175859911  0.97896621193740996  0.98909954023748170  1.00000000000000000
   7.1801320573744650E-010  -1.0000000000000000     
 T F T F T F T F F F F F F F F F F F F F F F F F F F F F F F F F F F F F F F F F F F F F F F F F T F T F T F T F F F F F F F F F F F F F F F F F F F F F F F F F F F F F F F F F F F F F F F F F F F F F F F F F F F F F F F F F F F F F F F F F F F F F F F F F
  <DiscreteSampler_grid>
  grouped_processes
  1 # 1 for a reference and 2 for a running grid.
  10 # Attribute 'min_bin_probing_points' of the grid.
  1 # Attribute 'grid_mode' of the grid. 1=='default',2=='initialization'
  0.0000000000000000 # Attribute 'small_contrib_threshold' of the grid.
  0.5000000000000000 # Attribute 'damping_power' of the grid.
 # binID   n_entries weight   weight_sqr   abs_weight
    19   10   9.282026270520335E-002   1.326011821622984E-002   9.282026270520335E-002
    25   10   6.215491212664041E-002   8.399429369990184E-003   6.215491212664041E-002
    37   10   5.528826979044847E-002   5.697946155128744E-003   5.528826979044847E-002
    43   10   8.909787541742838E-002   1.113388756197888E-002   8.909787541742838E-002
  </DiscreteSampler_grid>
