 -0.00000679695723957  0.00132049861358209  0.00408549514176723  0.00699571094734653
  0.00989391610347623  0.01280819206865085  0.01551448876543896  0.01819670272140984
  0.02080706824866293  0.02336518319439888  0.02586428809518506  0.02839330804893962
  0.03085593381620875  0.03330668545165104  0.03568962313156462  0.03796129601287417
  0.04023199500536910  0.04250938285198225  0.04475862519857502  0.04692755171653593
  0.04902523869168172  0.05106851330966000  0.05312482458462486  0.05522022646094406
  0.05735580465824434  0.05949492105138534  0.06159344107485391  0.06364381577028450
  0.06567202156202974  0.06769109437330205  0.06972847150617503  0.07186428045701698
  0.07401269543182150  0.07609127555302259  0.07810319512196412  0.08012883576950069
  0.08217854539430970  0.08422882948675892  0.08626919580970635  0.08829003446958456
  0.09031945158285569  0.09242067713423900  0.09461219350713475  0.09685282265833513
  0.09903320888256710  0.10119902456518202  0.10325636053080478  0.10529117753586729
  0.10732918589973717  0.10936795654811558  0.11140445472278698  0.11344464127443715
  0.11549342560712025  0.11746606088854561  0.11954740455107840  0.12174672384195465
  0.12399085161775976  0.12625249889701712  0.12853049976768099  0.13083892725918328
  0.13324489347068794  0.13567766366434253  0.13816716253996936  0.14065677393997611
  0.14311602451781952  0.14556911756135305  0.14807565436907597  0.15055384425288354
  0.15305147048521928  0.15566611435198857  0.15844812048031048  0.16142681345661861
  0.16461037938514350  0.16770754238222116  0.17091842793797360  0.17425324687553020
  0.17762523591339546  0.18097054449889655  0.18436164967523824  0.18791208111750224
  0.19140127524018571  0.19489770091531897  0.19841631037668650  0.20242648661114862
  0.20704567831827883  0.21205748258050519  0.21783327496339103  0.22412123925281077
  0.23118598064962081  0.23886618594972447  0.24735679800948235  0.25696876871251523
  0.26747140954486270  0.28132771209338336  0.30320134504582058  1.00000000000000000
  0.00945236893052368  0.01749633587432592  0.02699994793101868  0.03767281429813223
  0.04765316169270779  0.05728045635703424  0.06690292890251730  0.07637404326257465
  0.08597643476940124  0.09549023645621953  0.10536041791112734  0.11596222892280562
  0.12710048046047071  0.13866715225913581  0.15014163064444147  0.16121631720319338
  0.17152309537689653  0.18125201646252742  0.19117943114284577  0.20126965159968838
  0.21149479903070545  0.22144023007993846  0.23133597420578331  0.24148953527507461
  0.25191148536316182  0.26228404276305056  0.27238525697911975  0.28222719748172420
  0.29204450552810085  0.30177110883665509  0.31136461381527686  0.32062395774611435
  0.32962165761216655  0.33896370217891469  0.34885840241214011  0.35973589444372667
  0.37137311868689060  0.38385802269844826  0.39623282527743814  0.40775554190451357
  0.41868344477449831  0.42818112218816584  0.43749277200128178  0.44640155435520251
  0.45505660310714130  0.46356506635634309  0.47205029143272564  0.48081830977379275
  0.49004606874273060  0.49947588281300170  0.50937257607011255  0.51967347073034620
  0.53072230117435215  0.54177782632794080  0.55340170066847783  0.56565791347426575
  0.57874475489151633  0.59199756164598838  0.60411026798963707  0.61469608346857796
  0.62515191894596012  0.63541953639673421  0.64581862651659072  0.65646052815825418
  0.66735677986319974  0.67886462368818556  0.69013013851690508  0.70212384749605072
  0.71309023379046854  0.72404901708496283  0.73558724488635507  0.74738819672101053
  0.75858865949162479  0.76908640401736561  0.77933241439748713  0.78945936975096709
  0.79944143909519860  0.80940553078662425  0.81968771872760149  0.82985751429657495
  0.84034053644289086  0.85090074440340735  0.86204118471546987  0.87335404971555008
  0.88405463706570742  0.89430390674953775  0.90376633019647512  0.91302309093987222
  0.92233837985050260  0.93181962671076313  0.94147735145294587  0.95149272404396745
  0.96195105193026609  0.97316623284922910  0.98574422618836643  1.00000000000000000
 -0.00203363092263449  0.00890552027087691  0.01861328750343008  0.02908076558201441
  0.03904272062232001  0.04814264080540595  0.05706276674383685  0.06635564948896421
  0.07590500201212812  0.08536255904040131  0.09520374243121038  0.10606986138358714
  0.11847886297908747  0.13042922062958331  0.14174130510266728  0.15269995635576250
  0.16343851981194582  0.17324474828164269  0.18313891346066183  0.19353075514148421
  0.20418648624458113  0.21511931534456483  0.22593106960368345  0.23657469361337494
  0.24693975025994985  0.25667205213445549  0.26707385654882310  0.27722586783537434
  0.28681473294764476  0.29585400651971466  0.30475636186113869  0.31416800672794037
  0.32414645963811639  0.33384445404833346  0.34355025324462202  0.35294135885071420
  0.36220127116616546  0.37182659253889483  0.38134911386921061  0.39081127108188413
  0.40030609269778111  0.40971230249312168  0.41955185667336226  0.42986609416842447
  0.44028677760896512  0.45016773678890076  0.45980553852099665  0.47028373353004943
  0.48139257344453629  0.49217183374610873  0.50188938154209861  0.51067444474588719
  0.51964769805407551  0.52865656550959916  0.53765712322271364  0.54707236231909306
  0.55735356054544072  0.56870841129137306  0.58193151553204903  0.59469889868024417
  0.60672616409319036  0.61790495689144276  0.62878450481611003  0.63989013719623655
  0.65169566702099557  0.66436299873182891  0.67703052141964881  0.68923066015632861
  0.70066944989287638  0.71146876453630847  0.72197628772309830  0.73256535817718937
  0.74307853208722041  0.75297873815437200  0.76228653059853702  0.77202233671546516
  0.78188628791643000  0.79138024688629927  0.80066695862690307  0.81004935224655850
  0.81986476301145361  0.82964789362452085  0.83987456894462764  0.85066309281467756
  0.86206718110470482  0.87372560322845105  0.88763722118142929  0.90057067713142891
  0.91216329021994680  0.92399735169029917  0.93606974864665204  0.94783291126874281
  0.95972833151782788  0.97263688754124211  0.98620254008817665  1.00000000000000000
 -0.00297884360645201  0.01186893150377096  0.02307418178788942  0.03341277064317934
  0.04357728037424546  0.05379508217002946  0.06402091928083868  0.07417604330431954
  0.08499145898311095  0.09709406446135704  0.10937328777522955  0.12143291383005229
  0.13320066424736113  0.14447639489367076  0.15546524929362104  0.16693772885341959
  0.17925341226922525  0.19163555985642355  0.20334706970263339  0.21453438523331100
  0.22543931457952493  0.23606972698470929  0.24642766014884457  0.25651201248748828
  0.26659045443000662  0.27655769753865378  0.28624948819859813  0.29584351738207548
  0.30591241235164995  0.31667436895004170  0.32817838412374722  0.34001048474940221
  0.35215143322080678  0.36421551471810104  0.37550207465557828  0.38584854176733552
  0.39609943183844870  0.40663471200562351  0.41686927083202863  0.42653225152283908
  0.43627100505010985  0.44639477421909568  0.45635482623066553  0.46661460199902005
  0.47718067044380141  0.48864440182253482  0.50001671270987180  0.51077136031342174
  0.52098781272752615  0.53084873348941608  0.54037123445847957  0.54934444821766382
  0.55857862644780398  0.56814526816371314  0.57771705739908341  0.58679208190322796
  0.59531342233114259  0.60401713185978012  0.61428294229214830  0.62481128178748735
  0.63598769433656044  0.64694656571884168  0.65687090302056794  0.66696503903804993
  0.67772666812960169  0.68793903334915041  0.69710966284616893  0.70589992854686012
  0.71510524093662087  0.72489689549614322  0.73441803573127906  0.74395264541927075
  0.75452674217969473  0.76776220227107805  0.78010588448862961  0.79224650337760727
  0.80425528618558717  0.81546689230727598  0.82641434366364941  0.83657413287532345
  0.84637748812469038  0.85634926100039510  0.86671949121956549  0.87694104990891186
  0.88654523146552355  0.89622492839061696  0.90645158345431376  0.91695068991460915
  0.92709262844109253  0.93727652423575847  0.94810121565628769  0.95860426974760826
  0.96887608841281392  0.97886533575684387  0.98942810810359993  1.00000000000000000
 -0.00252439248138120  0.00952928785407024  0.01889237725287110  0.02820639409383656
  0.03736894446627807  0.04612484918889772  0.05450721848164434  0.06284849299226407
  0.07155558553615350  0.08084337877651276  0.09067798523777246  0.10051514986291343
  0.11097347016448218  0.12172730168293004  0.13234672606469822  0.14256305733891483
  0.15308846656471936  0.16374552395290040  0.17531962018526195  0.18699093134418499
  0.19891366719238210  0.20973382551811548  0.21876066582965156  0.22778431134002519
  0.23715227404038819  0.24651928145554511  0.25566106373300357  0.26453478694832017
  0.27484000370995726  0.28609329510186982  0.29756078451870793  0.30883473196846717
  0.31977923864972974  0.33038651952320830  0.34039251371130341  0.35010005510249170
  0.35967696474251187  0.36909440498568752  0.37857606230991053  0.38796407854860621
  0.39751831693189377  0.40836268306725554  0.42019179363030906  0.43269252293077298
  0.44490202846971133  0.45625946308494658  0.46751864430420381  0.47870145489647520
  0.48966375607158802  0.50067892101983769  0.51179838662174115  0.52282563085758760
  0.53344756711737185  0.54447907405670692  0.55539697930811405  0.56608062514078572
  0.57577650884668108  0.58546499692505749  0.59478421333350939  0.60426994221793640
  0.61388009760134987  0.62323464691609265  0.63234461084323002  0.64153297015227739
  0.65137462707418425  0.66130509277148097  0.67114873560216981  0.68094507869344301
  0.69117676707582387  0.70172505484443626  0.71197042988759607  0.72177244765036086
  0.73170380416910696  0.74204281019074037  0.75288663243630571  0.76382575519833040
  0.77452082088454555  0.78541370770799213  0.79667899322175906  0.80827255883820370
  0.81923507087031999  0.83004377736237911  0.84170405457748310  0.85329096884687983
  0.86405948457477300  0.87473631016312292  0.88641703790228121  0.89841090931100265
  0.90935866658574460  0.92153324579553109  0.93464674553759430  0.94760605054737934
  0.96017566426591350  0.97345435186882423  0.98671165854408383  1.00000000000000000
 -0.00269786061540090  0.01033749264884519  0.02050945799558761  0.03065777170982723
  0.04109963056471522  0.05162732961423416  0.06162269807557935  0.07199378941131643
  0.08264985060447555  0.09364148263821956  0.10492996179701340  0.11672869195570712
  0.12791964938898356  0.13758059514312751  0.14746692816473317  0.15823594206088537
  0.16869087429642299  0.17816564139131011  0.18762609038279462  0.19874567795552980
  0.21062791329215666  0.22166378585345498  0.23279420891847025  0.24521040905957231
  0.25665451019399466  0.26749947145285796  0.27772604571212883  0.28770775931650711
  0.29715923387650217  0.30639172605226606  0.31599234060317449  0.32642084824461309
  0.33675118766479051  0.34755280849115328  0.35820928901666543  0.36914249939743060
  0.38004166303475673  0.39141408459308302  0.40156376373748892  0.41158653952813773
  0.42173589826566099  0.43142076602988549  0.44075861028775293  0.44984179183043360
  0.45876668128177145  0.46891170867179016  0.47881321776313801  0.48931521254314936
  0.49968031561277693  0.51022453500528231  0.52125503652382221  0.53238866617251301
  0.54310525930787090  0.55307212659742555  0.56317120842469859  0.57372461128687402
  0.58448963299560275  0.59544295547591919  0.60676307984661026  0.61856790784648463
  0.62997513512773973  0.64089005277784972  0.65198452867487766  0.66318708390255610
  0.67403838845496789  0.68474934375197749  0.69594752382458724  0.70728169342480662
  0.71785617992071937  0.72800718543820941  0.73860303142785222  0.74932709641581874
  0.75956875926755285  0.76949616491862460  0.78026927833338577  0.79128204402807023
  0.80142303286912242  0.81093314552493634  0.82007005845453917  0.82901831932643522
  0.83818398809590433  0.84727837971595343  0.85680529700412300  0.86720856149978331
  0.87825810079910782  0.88966190711350535  0.90116277402306078  0.91239225300217797
  0.92331698178954391  0.93366677645672314  0.94398691548089819  0.95437424788122505
  0.96482951580893883  0.97582273569277689  0.98750336526932758  1.00000000000000000
 -0.00277886511107499  0.00937612579992515  0.01999595201670823  0.03016641401839018
  0.04025781884735652  0.05037818419498618  0.06032117673454736  0.06995772951042362
  0.07935895001141982  0.08924148661962233  0.09964668527477928  0.11028462069063069
  0.12165232367221387  0.13299538833487079  0.14435764256212980  0.15489567304733354
  0.16568863733712869  0.17559114110438712  0.18647617890518517  0.19736413440605666
  0.20819906877821920  0.21897274967513911  0.23002442070028242  0.24156736539988841
  0.25331538944987697  0.26507876177885703  0.27642258764262245  0.28759257321251414
  0.29897234795778732  0.31009031480391558  0.32081454274734372  0.33183590602000768
  0.34334496352443789  0.35490168869851213  0.36621394044930061  0.37794660483318709
  0.38973861080081706  0.40115305661781780  0.41247822838467518  0.42364423075424040
  0.43482446391324869  0.44644819878145237  0.45871824587267657  0.47096474903785013
  0.48333480933335404  0.49559939492113453  0.50742712740347773  0.51924978147992062
  0.53159041985184530  0.54431210603237123  0.55700447967023903  0.56941251202972309
  0.58151359437759764  0.59301765730810463  0.60407596071081882  0.61541873745759046
  0.62710129839873519  0.63902679045528266  0.65062947866320686  0.66141834159146728
  0.67205726666911669  0.68233628482966624  0.69259043853546387  0.70253738548103484
  0.71254211405116685  0.72238130060575301  0.73195989034826081  0.74158958272598863
  0.75143399656818310  0.76131034775638073  0.77093800883162034  0.78026416564173728
  0.78938238375254777  0.79845004000522557  0.80748251409180505  0.81670665852748658
  0.82609081527615769  0.83512256927666428  0.84433069313487707  0.85359268974085567
  0.86397863977546752  0.87408941002376872  0.88501227887222333  0.89567319649152166
  0.90587574557502981  0.91574300735992087  0.92535574438632873  0.93466611937567745
  0.94354253333792493  0.95164846055442542  0.95940085304948797  0.96719872077908153
  0.97547149515208087  0.98385936687081910  0.99210223433063016  1.00000000000000000
 -0.00185222669529821  0.00913787135795956  0.01868741945381513  0.02809808086693281
  0.03735631064486028  0.04675970212912575  0.05728651581529377  0.06783920681638948
  0.07835619910489137  0.08847830863959982  0.09837708216334605  0.10820305213060770
  0.11729953803444565  0.12679926096956329  0.13673019311921686  0.14721134971891242
  0.15819174337482150  0.16986043020361366  0.18200180972428176  0.19402015483091065
  0.20534075176763816  0.21609231584800459  0.22644078071213619  0.23670439578739266
  0.24678038581713402  0.25673876243413968  0.26653027049252837  0.27643417216562138
  0.28645803787503177  0.29723534971951376  0.30877104892050244  0.32054417965990545
  0.33346640434759817  0.34623293911983999  0.35854133852072290  0.36932793463514307
  0.37935021984826001  0.38941388108607078  0.39952868728800434  0.40945889634865779
  0.41871576637511443  0.42731123532848342  0.43616718112075475  0.44598396178150096
  0.45650967844851137  0.46619117373020480  0.47603313218570620  0.48613218991929380
  0.49663831707739714  0.50664517708876533  0.51694719010236012  0.52765709286237505
  0.53866618437205305  0.55012716090513936  0.56228506236184783  0.57506007341740506
  0.58788831729399971  0.59990755477684343  0.61007969398857309  0.61862741305280489
  0.62767064205754763  0.63701180607168129  0.64627264878249657  0.65507599525637850
  0.66354383919033211  0.67249289002518353  0.68228345742269936  0.69259429638440317
  0.70280577940796296  0.71420795440261842  0.72667373159575888  0.73836802211168640
  0.74950013292226658  0.76037547643666836  0.77135177983023784  0.78294074963147098
  0.79511122849546223  0.80720756048896347  0.82194320509798191  0.83596055521506130
  0.84852585631568600  0.86039774690111603  0.87138645084695754  0.88153969496036333
  0.89149262475153568  0.90174408163863062  0.91189541716038203  0.92166204839298094
  0.93102328248053734  0.94069073046875484  0.95092655537322524  0.96124265400247533
  0.97136243051653892  0.98135277887934391  0.99078882601872131  1.00000000000000000
   7.1447236215991387E-022  -1.0000000000000000     
 T F F F T F F F T F F F T F F F F F F F F F F F F F F F F F F F F F F F F F F F F F F F F F F F T F F F T F F F T F F F T F F F F F F F F F F F F F F F F F F F F F F F F F F F F F F F F F F F F F F F F F F F F F F F F F F F F F F F F F F F F F F F F F F F
  <DiscreteSampler_grid>
  grouped_processes
  1 # 1 for a reference and 2 for a running grid.
  10 # Attribute 'min_bin_probing_points' of the grid.
  1 # Attribute 'grid_mode' of the grid. 1=='default',2=='initialization'
  0.0000000000000000 # Attribute 'small_contrib_threshold' of the grid.
  0.5000000000000000 # Attribute 'damping_power' of the grid.
 # binID   n_entries weight   weight_sqr   abs_weight
    10   10   2.950421311373805E-015   4.198887272217651E-029   2.950421311373805E-015
  </DiscreteSampler_grid>
