 -0.00000661017874640  0.00134780120608080  0.00407672383329487  0.00708728282649846
  0.01000535416071745  0.01285628862401028  0.01551764596387546  0.01811601795832891
  0.02068375065698613  0.02316980382294511  0.02557047052414613  0.02796426756144097
  0.03032755511816248  0.03265691419813724  0.03494670853993165  0.03716784664253347
  0.03934190780274346  0.04148309837570728  0.04372769912627193  0.04598916115025380
  0.04820508871942220  0.05035937347418221  0.05243350128122391  0.05449762575592046
  0.05654533849606118  0.05856072730263248  0.06057326591367478  0.06259280966377301
  0.06466144854947645  0.06670739626973905  0.06867583054464971  0.07061736868186257
  0.07261316272275696  0.07467083803547510  0.07670115889217083  0.07879364726076592
  0.08089741839213078  0.08306464412921882  0.08515378151042638  0.08722136075821441
  0.08926779425879623  0.09129110255759165  0.09334220764647769  0.09546897793333001
  0.09763718705941500  0.09975202391410680  0.10189206432686147  0.10396985932852797
  0.10601950694890742  0.10809086328078341  0.11023226330947659  0.11240736805659271
  0.11458090771538507  0.11673848627247856  0.11888163318982668  0.12113572313682219
  0.12343921485156925  0.12579971712755705  0.12817144011721521  0.13052665416734599
  0.13286426197095372  0.13520417253276218  0.13757777623183834  0.14000722313585987
  0.14242546473410991  0.14487534936907615  0.14737647241929705  0.14989709253327890
  0.15239946959579365  0.15498677476465741  0.15785008477215456  0.16083661632976831
  0.16388967711034805  0.16695775273770944  0.16995346955882040  0.17309256850518384
  0.17627437773298302  0.17956191260026730  0.18289754990620152  0.18630662352603336
  0.18989541735446969  0.19370172709283690  0.19765062152450899  0.20120542141649717
  0.20574947889018014  0.21080927458882268  0.21619633510161806  0.22199429341093166
  0.22848250552351973  0.23574930130367946  0.24407749347613014  0.25317035627227502
  0.26395735135636456  0.27997740785311231  0.30359571345247405  1.00000000000000000
  0.00954984974386659  0.01702848932013493  0.02772213848849126  0.04055565756088814
  0.05254389032309769  0.06450789231561004  0.07725475670649568  0.08903692020750170
  0.09958734274189884  0.11053128270452205  0.12133188847166744  0.13165753858180965
  0.14162142137896916  0.15184918644721304  0.16195776653788274  0.17197546680572595
  0.18169916817860041  0.19172018354877288  0.20213488456201198  0.21270849490327420
  0.22393475806183905  0.23539158932945320  0.24770967160608950  0.26048084297710017
  0.27272755431100326  0.28414170784487280  0.29497764628050688  0.30554000142659171
  0.31562286038655707  0.32537457409048387  0.33540306470118481  0.34582613219539304
  0.35633890548926206  0.36701563145206212  0.37830852069896759  0.39104590803295286
  0.40231442262626882  0.41230259131986169  0.42272536880279954  0.43291105201403318
  0.44288522039276984  0.45198682340854041  0.46115376714970552  0.47096243107020913
  0.48122410331106347  0.49142090662326876  0.50103815945832331  0.51054053554413825
  0.52026891645436724  0.53047428114236939  0.54118895681807255  0.55240020876114959
  0.56391447235149084  0.57512393321008926  0.58569422244538283  0.59559510194212606
  0.60539544007514934  0.61536137071382357  0.62504865644865493  0.63415897083974493
  0.64330257200249952  0.65346792985095348  0.66439884955074169  0.67508783463621813
  0.68545381724082455  0.69573619481786364  0.70591805364778970  0.71593658922510595
  0.72563733676620235  0.73533791650853697  0.74494235376916973  0.75511877708467745
  0.76542455929428921  0.77528479139190787  0.78511951911050015  0.79602574633112466
  0.80740005080756161  0.81808458142429186  0.82823144832767892  0.83827142374439489
  0.84817492161016961  0.85777525562237422  0.86766665429433365  0.87757731298824260
  0.88713456152604031  0.89648180233052932  0.90592694611576552  0.91525408308605072
  0.92466000786685265  0.93393292651982074  0.94392397834981567  0.95459525643907306
  0.96552502148570241  0.97704249979835556  0.98811530349634780  1.00000000000000000
 -0.00238692287792795  0.00966967723285296  0.02010651420747114  0.02924003793621546
  0.03865557058907174  0.04802929183901754  0.05777568362638872  0.06721582270665831
  0.07625165565826644  0.08540589207486288  0.09516633615091968  0.10485884556421049
  0.11397588961655257  0.12323512315881485  0.13329431110521653  0.14374816964595188
  0.15369396923988896  0.16362894332727063  0.17454009862223874  0.18611490273907758
  0.19705550952579523  0.20778717946462313  0.21915224540788919  0.23070457648466089
  0.24153349025928741  0.25250250033771771  0.26358187009264422  0.27444908065480206
  0.28505313625718415  0.29640362569630180  0.31044388330923051  0.32079924806810489
  0.33161653287109238  0.34134216850073040  0.35088862463170895  0.35967106182015901
  0.36793234256955942  0.37627128085598760  0.38519415454375244  0.39483191845125920
  0.40529729691881283  0.41597323276866338  0.42662412710515146  0.43728992750182943
  0.44763702093070329  0.45794311268804017  0.46801234629647709  0.47795015306652838
  0.48853991327584401  0.49914072045231977  0.50965488646048951  0.52011347613532766
  0.53053858710217350  0.54134270645064975  0.55271901162787662  0.56433313076584135
  0.57503424139891601  0.58512893872580085  0.59562341500419114  0.60710299098085840
  0.61927015174487687  0.63158907331097380  0.64376823873710776  0.65424105341482164
  0.66463349456872622  0.67472769105374186  0.68505551666835718  0.69527263473708467
  0.70539495234360361  0.71742288220474681  0.72958751445906966  0.74146182500760449
  0.75354668274532954  0.76599435029621321  0.77796203272669262  0.78865412432615278
  0.79886473876125064  0.80873631492643794  0.81846507018639336  0.82823462490536892
  0.83880051412177614  0.84932166705805323  0.85923414919743268  0.86854949338225873
  0.87845802612765789  0.88942244802690662  0.90057161834291677  0.91146382314598828
  0.92262075540791655  0.93429092041814987  0.94560172937450093  0.95633164206308230
  0.96714561641626262  0.97830923660383196  0.98915374315442350  1.00000000000000000
 -0.00192081771211315  0.00856200959029946  0.01752481898412782  0.02719124046112473
  0.03720685559053619  0.04697017967079120  0.05654281427064957  0.06652658320196989
  0.07697594585000710  0.08721162338846029  0.09710846470410836  0.10739706068071184
  0.11842104833150342  0.12893288419424628  0.13856903538717052  0.14821160708295986
  0.15865533254006958  0.16888591925549676  0.17824221422811001  0.18747760746797459
  0.19709329873552131  0.20678761575363838  0.21627308404042317  0.22586169045255289
  0.23588079560951852  0.24609423164140784  0.25612030101743566  0.26594523765300443
  0.27576935527088353  0.28590200601857535  0.29597017851585072  0.30600846709892754
  0.31596100233393098  0.32596427655280003  0.33573467212632968  0.34488965765885699
  0.35343110461694149  0.36268999162794813  0.37155214027254413  0.38132909706521306
  0.39131489907568318  0.40260836538675387  0.41422110817225888  0.42536324510760126
  0.43645182232248575  0.44764285777832036  0.45890686885745180  0.47023701563768727
  0.48143271830607931  0.49257883721111251  0.50428152687541972  0.51575811130915317
  0.52677015965006835  0.53692686184113581  0.54838285536389408  0.55973262477229524
  0.57141206993763194  0.58262754975349285  0.59230701913798367  0.60149813227547544
  0.61122864693954371  0.62119292228354628  0.63138098096229267  0.64123545196505771
  0.65169178067332389  0.66333639411390544  0.67411337026899842  0.68501441062152291
  0.69602026152633012  0.70720495235370651  0.71916965596820692  0.73115685804041297
  0.74369871462654424  0.75554787673874013  0.76700076463806477  0.77893750118000948
  0.79090771700589435  0.80223986062186947  0.81342839498810504  0.82475153745536078
  0.83604917385261135  0.84729195902034116  0.85857059622099630  0.86999041856581072
  0.88120712984239924  0.89229110765021324  0.90360908587154676  0.91496940010868555
  0.92589504719027393  0.93611128876733052  0.94659307215631239  0.95703742053361807
  0.96746064346151939  0.97833149474799463  0.98924398219728205  1.00000000000000000
 -0.00140060092390189  0.00812940027889360  0.01653854473462255  0.02570564707423431
  0.03550336733108358  0.04517933868813837  0.05444351171332532  0.06462839865949663
  0.07642355104791133  0.08817732978089254  0.10016778480605436  0.11364030606919953
  0.12774297857176342  0.14157636918987285  0.15257582201645692  0.16364184145330937
  0.17456330177441740  0.18501901015574229  0.19532535954223648  0.20580836982629491
  0.21686573360347530  0.22807334918172673  0.23890710311032434  0.24991306770566796
  0.26074179866175007  0.27200108795360606  0.28269944726569712  0.29332901196683558
  0.30394938124174592  0.31466394989695218  0.32520791240008179  0.33574420148236228
  0.34627824522998840  0.35671497610606612  0.36717889745634297  0.37787497198490827
  0.38875811440479818  0.39956918177606954  0.40951272406627609  0.41922165349968465
  0.42915050204004335  0.43884484679236152  0.44890069996847509  0.45888597145338333
  0.47005557074092186  0.48111106479554133  0.49121401551127442  0.50154453276019628
  0.51178258088507567  0.52214543057154972  0.53274074798629845  0.54275932933467819
  0.55241432672742230  0.56187442452144465  0.57181040442061648  0.58203112068660856
  0.59200589296926165  0.60206688536220943  0.61320591346801701  0.62557741204062578
  0.63836813658345826  0.65305693996744585  0.66698381729619538  0.67984991701240161
  0.69137102875330247  0.70197574679228136  0.71221727334885665  0.72216125238850415
  0.73204949250740503  0.74201792135521116  0.75200421162270725  0.76192727606628730
  0.77184122457583526  0.78192734414871234  0.79222396429863351  0.80228351067274217
  0.81211609365508353  0.82165309097481065  0.83082106719660564  0.83941194976009614
  0.84773579526585485  0.85658826229754459  0.86584280610573328  0.87528560272030531
  0.88497809922015280  0.89529840117929282  0.90696154960428388  0.91925371752244367
  0.93104515525623877  0.94224653647086853  0.95334184226644880  0.96371844150588526
  0.97362530566572270  0.98337823197946994  0.99179903898335642  1.00000000000000000
 -0.00199473001719534  0.00818660122747235  0.01684977045873541  0.02626895713747739
  0.03551700070260697  0.04424387416044027  0.05307567427397148  0.06286454059772463
  0.07406331868230398  0.08628960976916142  0.09967106939670220  0.11247492470504372
  0.12470943686139307  0.13718267313630741  0.14971966007422197  0.16092811726427037
  0.17317248742440525  0.18499571158574887  0.19514401070643597  0.20461285306698374
  0.21411119219746874  0.22332592644140167  0.23261549763378908  0.24215177538623370
  0.25219764139955070  0.26303176103713344  0.27448926758886250  0.28684737286550727
  0.29910748494803063  0.31066652591507371  0.32201938046878009  0.33290640669893290
  0.34332820875935566  0.35355479849074462  0.36343655894863625  0.37374459129808452
  0.38337314781803844  0.39298479492450150  0.40260005922533604  0.41337334314278612
  0.42430215420816297  0.43518601899522263  0.44543854828306373  0.45542172001205750
  0.46481743772760126  0.47402895714912618  0.48372722518231726  0.49405513875941792
  0.50408795207699397  0.51383968463444651  0.52388124624147636  0.53455693877926713
  0.54576180107742345  0.55687518232420219  0.56900215685799438  0.58168548440610923
  0.59350635981500444  0.60483317950727078  0.61604295377958862  0.62693082507224041
  0.63770252695608776  0.64879609635991375  0.66058231434170656  0.67274777375121297
  0.68419406046384590  0.69522259232208705  0.70531533407820568  0.71588191784079791
  0.72624868990470581  0.73642007026743250  0.74627865875653676  0.75646657960991592
  0.76680326212275329  0.77727204239596337  0.78778972796891644  0.79838866099287453
  0.80879975174173158  0.81893172983441942  0.82898777303844751  0.83946291132115791
  0.84987834329495904  0.85991350656924015  0.86992725289896533  0.87998223645464058
  0.89002855041966022  0.89990571004060804  0.91018453789034570  0.92033290418561298
  0.93020907919274110  0.93969198962463008  0.94989116276105756  0.96003190041142095
  0.96982481539025434  0.97992229942236864  0.98986120063742788  1.00000000000000000
 -0.00222383708537339  0.00758836087454855  0.01626998619716571  0.02469006617242602
  0.03325724356108391  0.04237802802269663  0.05201995417484133  0.06143003562118331
  0.07044021679050354  0.07921090232649766  0.08794301351201338  0.09691878240364220
  0.10605671747812628  0.11510382874187972  0.12454543668914911  0.13357551441058507
  0.14218166798691340  0.15054317611351342  0.15956135995664816  0.16839178336381352
  0.17889139236560975  0.18858269307715261  0.19836756774650988  0.20809746716936273
  0.21792942917853483  0.22778751614128681  0.23726822889760779  0.24667648721776586
  0.25604444475622257  0.26514511923151823  0.27435722897824999  0.28407064897294898
  0.29434182397345321  0.30490537780494842  0.31501340580352621  0.32529617274118255
  0.33554831811705338  0.34599580608107361  0.35629376605778079  0.36650776098699456
  0.37705032566644209  0.38818595362165420  0.39979999307143949  0.41135870197528646
  0.42299365182103610  0.43485068695637391  0.44653754037921017  0.45842570015076645
  0.47066272929952380  0.48308812835164155  0.49532784702354737  0.50686330108771294
  0.51823720997754896  0.52970746107053823  0.54056280376841759  0.55063897455625710
  0.56048616403382845  0.57084560670670748  0.58127986546118759  0.59241691290201548
  0.60356101664603090  0.61502570610504570  0.62645188260200768  0.63857988617237949
  0.65139353848225678  0.66486007334908370  0.67707292117812812  0.68948193096847166
  0.70065743543517978  0.71183312150990941  0.72252584449156820  0.73380409060135010
  0.74547945040507169  0.75698897384267538  0.76849757412690334  0.78022023828380416
  0.79179532687397736  0.80320081828124379  0.81537330132030195  0.82904589321016386
  0.84351298032689048  0.85684506238184888  0.86875610074046705  0.87959540587994611
  0.88951064984838313  0.89943123086031029  0.90921716081745729  0.91905603373058709
  0.92894885241422342  0.93904525160046615  0.95008528720499352  0.96116347257538437
  0.97158206798708768  0.98163151812635396  0.99088312740814932  1.00000000000000000
 -0.00272519549930116  0.01109654141999051  0.02201206662182887  0.03334400294347451
  0.04404889718819211  0.05471609379232607  0.06472105626292628  0.07405027649123802
  0.08351186201877270  0.09271964474664170  0.10169285816782572  0.11096532220708555
  0.12035290772031081  0.13094803477236841  0.14311791797477494  0.15424237985954706
  0.16519853713433316  0.17562520602594350  0.18604064759375258  0.19647368601779497
  0.20693496630911348  0.21765793503003089  0.22838328165697508  0.23902713410258605
  0.24970040571408095  0.26062537934505442  0.27155619813265958  0.28174017850100419
  0.29171064916171185  0.30172198051804328  0.31154694715913367  0.32079210760353538
  0.32988242730020173  0.33973405457427269  0.34971875173704065  0.36025122165949153
  0.37140428800674580  0.38187658967471960  0.39235363743666979  0.40242935574154221
  0.41237317595306328  0.42261849636129789  0.43274536766869165  0.44285052274961217
  0.45293310953599486  0.46389566493108680  0.47560741702139853  0.48666173401776947
  0.49715584382564676  0.50765452239582531  0.51868251339436444  0.52984789126378307
  0.54113179476726225  0.55315844863702057  0.56530510762494501  0.57594011912584109
  0.58610418460014579  0.59633296911791034  0.60685142089938837  0.61758659800997528
  0.62834794755921797  0.64034300282869583  0.65182751556540264  0.66254186097241763
  0.67230988849465023  0.68140607286149735  0.69100566548282694  0.70035214084528497
  0.70908816880977443  0.71761348450221940  0.72626016341187571  0.73666203824212739
  0.74828538270673484  0.75939467741157340  0.76999495445174859  0.78018052661037651
  0.79061034092949689  0.80127377057009530  0.81143814846533902  0.82143219035541237
  0.83122141081789302  0.84153395493486483  0.85199332067171563  0.86235286245903009
  0.87269995768156428  0.88357776986438297  0.89481313348275471  0.90575975566677747
  0.91664247466327375  0.92777005809255531  0.93863940039163540  0.94988339792503063
  0.96119636220843752  0.97365410298825272  0.98640059066849939  1.00000000000000000
   7.1213804885972340E-022  -1.0000000000000000     
 T F F F T F F F T F F F T F F F F F F F F F F F F F F F F F F F F F F F F F F F F F F F F F F F T F F F T F F F T F F F T F F F F F F F F F F F F F F F F F F F F F F F F F F F F F F F F F F F F F F F F F F F F F F F F F F F F F F F F F F F F F F F F F F F
  <DiscreteSampler_grid>
  grouped_processes
  1 # 1 for a reference and 2 for a running grid.
  10 # Attribute 'min_bin_probing_points' of the grid.
  1 # Attribute 'grid_mode' of the grid. 1=='default',2=='initialization'
  0.0000000000000000 # Attribute 'small_contrib_threshold' of the grid.
  0.5000000000000000 # Attribute 'damping_power' of the grid.
 # binID   n_entries weight   weight_sqr   abs_weight
    10   10   3.879692659600251E-015   7.114516349120233E-029   3.879692659600251E-015
  </DiscreteSampler_grid>
