 -0.00173204858755370  0.00687444442825925  0.01475548462868517  0.02272812388456718
  0.03085567839874194  0.03906633194632608  0.04734944448750672  0.05569564461608899
  0.06410449181425273  0.07258710167513975  0.08113100390980997  0.08975924229371773
  0.09847142972697440  0.10726249772932712  0.11615387949476857  0.12511390522532603
  0.13416615475651669  0.14329343137263584  0.15250741159856002  0.16179933369927096
  0.17115757974644977  0.18060594976619049  0.19012162980916134  0.19974226992004135
  0.20942989643526658  0.21921391804921261  0.22907645522056991  0.23903744429072560
  0.24908229209286939  0.25922881489131705  0.26945688830990988  0.27978922063035672
  0.29019242459521566  0.30068750901331659  0.31125865406740671  0.32191712462205513
  0.33265883239592864  0.34349218784681512  0.35441513951773101  0.36541841992081242
  0.37649155254378713  0.38764611368141461  0.39887520000360843  0.41018354604782026
  0.42155833161362777  0.43300494222847036  0.44451240552506616  0.45608448420876674
  0.46770497781711956  0.47934100564496018  0.49102867077802387  0.50277980265718702
  0.51462150840001020  0.52649404295064095  0.53839971121721364  0.55032883708715052
  0.56228350492314094  0.57425571891591287  0.58624156979776132  0.59822947942996985
  0.61021753647471222  0.62220777719183251  0.63419987210908135  0.64617701612873546
  0.65812953135614083  0.67006088510375783  0.68197244905196774  0.69385761676286017
  0.70570329991790215  0.71750277327931034  0.72925989425584781  0.74095971878105871
  0.75260813275966942  0.76418231843215845  0.77570514051139783  0.78717378786040071
  0.79856521197974062  0.80990230483813663  0.82114081265997696  0.83234988427018874
  0.84345080174290132  0.85450118814283149  0.86543945306728176  0.87632859377191763
  0.88710082048459649  0.89782065645302556  0.90840315387323090  0.91893759485755100
  0.92933952964142186  0.93970438101592491  0.94994033055688754  0.96013846254763069
  0.97020688143322642  0.98021316057746433  0.99012207867259583  1.00000000000000000
 -0.00241848619826912  0.00948014933634496  0.01965036125026905  0.03016145410223914
  0.04071648371890994  0.05115082913136640  0.06160387631923570  0.07206221873130483
  0.08254629928006980  0.09299880839635642  0.10348156521540389  0.11400692465012767
  0.12452067625171806  0.13504003343655702  0.14559568158147668  0.15614058606544354
  0.16661335075481840  0.17713235619623413  0.18759866062853608  0.19814069791840536
  0.20868994714208758  0.21931411133690687  0.22989088971494431  0.24046013672497357
  0.25098130918317818  0.26145986218665379  0.27197858051310048  0.28249634292208708
  0.29303401381714800  0.30352222978706034  0.31404137744392635  0.32454129591928538
  0.33508937335054834  0.34570165059685554  0.35632534497702195  0.36688510202569380
  0.37742928621725608  0.38795437659758836  0.39849591007895346  0.40904687342244800
  0.41967588193097044  0.43024665160161585  0.44077613747304401  0.45124868593670608
  0.46175293697155573  0.47226190019141334  0.48272466966134203  0.49318535111076323
  0.50368112079541461  0.51424420474142474  0.52479262820153416  0.53526313097943490
  0.54581773480897677  0.55641219913001549  0.56701150458841620  0.57760284276100260
  0.58820419938937052  0.59881617307683410  0.60938882756412782  0.61990263439852278
  0.63047683628658435  0.64105310836256191  0.65166127175384170  0.66230246777450885
  0.67295739215688533  0.68358297508582300  0.69413748157778532  0.70466839762044131
  0.71520495345692325  0.72571063517861245  0.73618798263022878  0.74664183384017413
  0.75714564110697913  0.76768502241169012  0.77828726089569800  0.78889532283441588
  0.79947679538919114  0.81006744813753750  0.82056712244032914  0.83108374034536570
  0.84154115771255866  0.85209490807313215  0.86265431834684103  0.87317244509666303
  0.88372156687372694  0.89427418671291914  0.90485086083622090  0.91541833635444003
  0.92604158833633698  0.93672072375540560  0.94731933534378787  0.95789690208149925
  0.96843299704421626  0.97899809699169715  0.98948370647012363  1.00000000000000000
   5.5710043226409416E-008  -1.0000000000000000     
 T F T F F F F F F F F F T F T F F F F F F F F F F F F F F F F F
  <DiscreteSampler_grid>
  grouped_processes
  1 # 1 for a reference and 2 for a running grid.
  10 # Attribute 'min_bin_probing_points' of the grid.
  1 # Attribute 'grid_mode' of the grid. 1=='default',2=='initialization'
  0.0000000000000000 # Attribute 'small_contrib_threshold' of the grid.
  0.5000000000000000 # Attribute 'damping_power' of the grid.
 # binID   n_entries weight   weight_sqr   abs_weight
    10   10   1.328658883453747E+003   1.802277323328399E+006   1.328658883453747E+003
  </DiscreteSampler_grid>
