 -0.00238632011818597  0.00972038528104149  0.02004245386404207  0.03078529924803476
  0.04157684912614113  0.05242618154813872  0.06328730374906764  0.07420750606225469
  0.08514995282641825  0.09616293373281595  0.10720397682904208  0.11829150606867070
  0.12940509941633563  0.14054914542351310  0.15172346124025432  0.16293138782583222
  0.17417087482478572  0.18542975066567352  0.19669356551837089  0.20798076869365592
  0.21929047394909471  0.23063121886910831  0.24198911316376231  0.25336573279732244
  0.26475380608337423  0.27614627154439420  0.28754890320488952  0.29895677740858151
  0.31036911653525223  0.32177988794346174  0.33319761087783573  0.34461671562097151
  0.35603437612179895  0.36744349042061109  0.37884212402910161  0.39022969001357205
  0.40160289690416523  0.41295660786049027  0.42428889061525982  0.43560097223962141
  0.44689741872411259  0.45817441129687392  0.46942606277063620  0.48064486789883520
  0.49183351260622898  0.50299312182347511  0.51412403642294369  0.52521317109465715
  0.53626128406847551  0.54726577755452732  0.55823857759923468  0.56917097526206406
  0.58006759466682800  0.59092243131901412  0.60173256569900091  0.61249335545516426
  0.62320701779149390  0.63387753008966630  0.64450754260502963  0.65507360423106997
  0.66558524766665528  0.67604375523043947  0.68646600170055483  0.69683859840648199
  0.70715839900490307  0.71742147792830024  0.72762829694585573  0.73777578840881386
  0.74787266304875566  0.75791903873379030  0.76791697446811580  0.77785742272769565
  0.78774616649541551  0.79757709737748805  0.80735632710549277  0.81707725741611625
  0.82674394274196217  0.83635404209292497  0.84590931557830640  0.85540681062339774
  0.86483986194486373  0.87422086952198186  0.88354809211900498  0.89282733736741127
  0.90205236090159002  0.91122150736484520  0.92033802902534423  0.92939779662464028
  0.93840654256583167  0.94735888183500927  0.95626027505238487  0.96510707087280334
  0.97389366185585080  0.98263994989255943  0.99132858409014657  1.00000000000000000
 -0.00197683191784557  0.00980732740444365  0.02001755521766514  0.03059906118498087
  0.04118864777844315  0.05170175790333708  0.06220973481063694  0.07272981100569051
  0.08326297396149632  0.09383840596088842  0.10440429941459309  0.11501204629237477
  0.12562686996994418  0.13618284939942427  0.14674170435634448  0.15724013363329994
  0.16777476495874794  0.17832018516620377  0.18887813983265092  0.19946668878579102
  0.21002609324594781  0.22053937547495928  0.23107164180699619  0.24161162890388455
  0.25221486173364505  0.26277004522360453  0.27335941034006239  0.28388480886054440
  0.29439254720518065  0.30492022560157017  0.31551001787112637  0.32615437964703670
  0.33674531682025982  0.34731484821053760  0.35783334836433123  0.36833434234199436
  0.37881844890164373  0.38928028076516519  0.39969019699917940  0.41011890757224995
  0.42055939211943061  0.43109932750578961  0.44162851082987625  0.45217957389006203
  0.46268582499915528  0.47321858968945274  0.48378744451175604  0.49435873754363630
  0.50491323556067080  0.51545499867726885  0.52603013383488717  0.53661056051612543
  0.54720781185660994  0.55777352692766413  0.56831781891003497  0.57883851125779162
  0.58940048331837158  0.60001291298563242  0.61060791107977253  0.62112164774948009
  0.63159865430383499  0.64204859886431198  0.65253684398328227  0.66302137421265539
  0.67356056147635512  0.68406538157655161  0.69456332205574700  0.70503887327694714
  0.71562086063162289  0.72622536691960682  0.73680358405071156  0.74734957249786760
  0.75791613683015369  0.76854273332392498  0.77917474360119987  0.78979372984077290
  0.80037775059437266  0.81096337928861617  0.82149723912071226  0.83209717525661642
  0.84258548188419424  0.85309055810433398  0.86347429458919212  0.87393776956259417
  0.88441107853581236  0.89491883052440546  0.90544388449822599  0.91591975718411600
  0.92644199593772647  0.93695023381009723  0.94745971850043120  0.95795808678213412
  0.96842117914904857  0.97892300403220112  0.98942550159787213  1.00000000000000000
   2.1720840248749031E-008  -1.0000000000000000     
 T F T F F F F F F F F F T F T F F F F F F F F F F F F F F F F F
  <DiscreteSampler_grid>
  grouped_processes
  1 # 1 for a reference and 2 for a running grid.
  10 # Attribute 'min_bin_probing_points' of the grid.
  1 # Attribute 'grid_mode' of the grid. 1=='default',2=='initialization'
  0.0000000000000000 # Attribute 'small_contrib_threshold' of the grid.
  0.5000000000000000 # Attribute 'damping_power' of the grid.
 # binID   n_entries weight   weight_sqr   abs_weight
    10   10   8.937468072043069E+002   8.135320303948130E+005   8.937468072043069E+002
  </DiscreteSampler_grid>
