 -0.00000001382448356  0.00001138637277659  0.00008276270782759  0.00023967749756694
  0.00047399283377025  0.00078190198846647  0.00115555796230954  0.00159770611199814
  0.00209536923365014  0.00264203621370272  0.00323141266105022  0.00386469968697702
  0.00454236268811717  0.00525332794073022  0.00599510372126538  0.00679126615915021
  0.00762533365452716  0.00845774927958591  0.00934525532014237  0.01024799786323494
  0.01116317815962102  0.01210495649051452  0.01305909813040251  0.01398588519330906
  0.01499906285326714  0.01603586359589982  0.01708231684267043  0.01812128302092247
  0.01915964590366533  0.02024623606649709  0.02133114461603168  0.02241365317742455
  0.02347332601193273  0.02460405920815940  0.02578213852611998  0.02699289348722332
  0.02822910833722026  0.02946870846523558  0.03070838724356546  0.03196544516415689
  0.03325654794948104  0.03461327304951534  0.03594811032010735  0.03728249396007959
  0.03861560080370630  0.03991905656218112  0.04124977348065659  0.04266655739279388
  0.04410996330387862  0.04555570517481867  0.04699396634242164  0.04841831224672765
  0.04985542310544760  0.05130171268484503  0.05276231040991075  0.05428095210405845
  0.05594492932169007  0.05762136827442930  0.05932766993010077  0.06103204135952859
  0.06274539449075819  0.06446906579533362  0.06618505475893985  0.06790154902956061
  0.06967239851525411  0.07148784445422043  0.07339897887766360  0.07537672173150728
  0.07737137562084377  0.07940032478764837  0.08148579097184314  0.08358076064707601
  0.08571172256731256  0.08784343421525764  0.08992492762833784  0.09200917141220363
  0.09466841516751701  0.09730040932542397  0.09995493486810392  0.10267258569719144
  0.10547734750276581  0.10835698035272472  0.11138447574192178  0.11447259020962910
  0.11756382846150730  0.12125587901086650  0.12571750345547700  0.13031754341655138
  0.13517341527546559  0.14050392797343175  0.14632296204964892  0.15274555035948878
  0.16304755722089251  0.17852341471299041  0.19522038323960994  1.00000000000000000
  0.00946541208739489  0.01609526445541051  0.02587983140325893  0.03707570035755146
  0.04773282782545059  0.05824728033766716  0.06872020931681658  0.07899378008084812
  0.08925673480248542  0.09969676343570333  0.11043850809378616  0.12109103791811737
  0.13182161624090186  0.14248853166239553  0.15316450698298587  0.16407392066171256
  0.17555463036622665  0.18710062959425161  0.19744935131496344  0.20726721048165819
  0.21718603777942727  0.22719724600378796  0.23721915343968208  0.24712321217154068
  0.25729943282078521  0.26739025555572987  0.27688269431840112  0.28625463322606542
  0.29583723884606344  0.30578651137561302  0.31556897348004226  0.32520777062302286
  0.33483492790627567  0.34468732825951692  0.35447949214709057  0.36416229552239221
  0.37372388653732513  0.38338391969616670  0.39328573430444397  0.40375590264233729
  0.41488593920427219  0.42611008982662674  0.43722212167155006  0.44807880120643762
  0.45867407799362381  0.46902056871914360  0.47904488354965241  0.48904255600241930
  0.49898614361409482  0.50916270343764425  0.51941795353577092  0.52965245407743444
  0.53979907039036490  0.54984516694650820  0.55973852624678666  0.56976043581790325
  0.57979042753211296  0.59015124392743579  0.60084303067834666  0.61194841040708403
  0.62349909978951334  0.63498045431638306  0.64639774781425197  0.65745026164649889
  0.66812041932435384  0.67855409900385799  0.68908586099005387  0.69979182371629778
  0.71056307048406608  0.72131596683611665  0.73231732220117240  0.74401192245346015
  0.75520306066905685  0.76627187256639717  0.77752348588204767  0.78937429546305915
  0.79987165455528730  0.81033441967342401  0.82028978010998621  0.83027053315454902
  0.84013320832903005  0.85002958410242790  0.85998334234560248  0.87012410795951944
  0.88042221157775935  0.89120354245027611  0.90224570790216774  0.91327975540183826
  0.92404164150160784  0.93489783418321337  0.94555311260212960  0.95639153533951393
  0.96680455793668663  0.97723605731709440  0.98834236350529392  1.00000000000000000
 -0.00250391904965355  0.00919308471514856  0.01918775955859375  0.02942860608493346
  0.03989178013818147  0.05003262701149307  0.06038957788574559  0.07100336624627589
  0.08186884793665813  0.09188587839214604  0.10154217475549546  0.11119500506293863
  0.12093193472779765  0.13088999293507722  0.14064427585390332  0.15067466794607176
  0.16091366106901739  0.17184908044918712  0.18298099225153641  0.19400279763744499
  0.20488603267377178  0.21585495482308267  0.22725060920253629  0.23874900037221439
  0.25003326056947572  0.26078725870697272  0.27128753992334792  0.28158543386296747
  0.29162808821070568  0.30126955141214123  0.31110562893244459  0.32126237126108320
  0.33137741226376788  0.34156922239116883  0.35125313772661348  0.36188650962082819
  0.37273047921171604  0.38386104512500363  0.39495014478040014  0.40606994939814683
  0.41684508348168547  0.42732713404366157  0.43748821992987258  0.44764478637645216
  0.45811361384790511  0.46902542889119325  0.47989711388619960  0.49056960632905439
  0.50131307510871570  0.51254563626453420  0.52384099842040754  0.53502787799242679
  0.54617034172698631  0.55741703050884461  0.56849607674625768  0.57991081219725860
  0.59141192155595146  0.60254926683369892  0.61351325930337630  0.62433271732234608
  0.63522240380151995  0.64620499951948418  0.65712210554647854  0.66788966309535647
  0.67851506130767636  0.68865865929804171  0.69841097691055909  0.70818718053423468
  0.71795472670380522  0.72797494055170231  0.73822735718436627  0.74832260571626630
  0.75836471096645774  0.76785794072713331  0.77780470060300877  0.78758124537689966
  0.79742491006413074  0.80713657349015699  0.81737543473016128  0.82780307874424897
  0.83813238021809100  0.84817578692536033  0.85815582488763198  0.86821013806594982
  0.87829387178043117  0.88875128164294792  0.89933591880145725  0.91062696771498897
  0.92196882149372428  0.93345025126261860  0.94489267527302057  0.95625021254692022
  0.96767623374291722  0.97892040673105851  0.98949429183672222  1.00000000000000000
 -0.00274201273250576  0.01026881033855450  0.02115533409258374  0.03218279372945100
  0.04278027234384840  0.05314845382310269  0.06318478575238402  0.07360704987615296
  0.08400508358526494  0.09434943634512000  0.10430328771058482  0.11465666846529440
  0.12520632857111338  0.13635619128414178  0.14764633503648555  0.15904566748514151
  0.17025345692772731  0.18136178912595816  0.19170656511017800  0.20141661663561577
  0.21135865701021231  0.22142989774769486  0.23188924118221008  0.24202868551146384
  0.25217006682769477  0.26238704194043849  0.27281386988221412  0.28313424543413618
  0.29351023011193533  0.30407382655080678  0.31482440138743767  0.32577423945097833
  0.33653599301368681  0.34764153985642154  0.35866933181792499  0.36965876342198645
  0.38042379032570667  0.39079329440170346  0.40118162829557735  0.41198823450410293
  0.42279879547551991  0.43372324395224893  0.44455176702637533  0.45525507320004716
  0.46543321196250492  0.47514639601055714  0.48477400226456019  0.49441495577228251
  0.50413305378652185  0.51404637097771511  0.52412515075360266  0.53459334112436963
  0.54502112017036863  0.55526183738885493  0.56557920270916462  0.57640845514161698
  0.58747177950334595  0.59822831396388199  0.60866169592332153  0.61895022659785937
  0.62911772172805014  0.63926743655499596  0.64968924525071714  0.66026866338552859
  0.67064991685853470  0.68081140120804928  0.69141514903730572  0.70248610578991089
  0.71341922655341639  0.72393573695609426  0.73425120662210819  0.74441452594851265
  0.75438283983118815  0.76428413200314238  0.77434693693203538  0.78463678617833199
  0.79500674309248032  0.80552262676345388  0.81586912002253242  0.82643852636148885
  0.83700882357425022  0.84783176894748236  0.85943768532843401  0.87120399447627972
  0.88237995824511972  0.89328768278082982  0.90490940865178837  0.91648457873097322
  0.92689836298684314  0.93752261564252559  0.94779483078387372  0.95811662795038066
  0.96829992680947519  0.97849799606922416  0.98928083597398442  1.00000000000000000
 -0.00230954642790644  0.00925600507119348  0.01989725710845157  0.03064184920183384
  0.04181928827037986  0.05281816375102365  0.06363754633433087  0.07446059178646396
  0.08532193303507593  0.09657515314786359  0.10782163954563001  0.11892444286208807
  0.12934032058022016  0.13943556438695870  0.14942885100002792  0.15964990365070966
  0.16997691502575310  0.18035762357910068  0.19075624184613069  0.20122323148788956
  0.21209215394954864  0.22365594265450295  0.23507200947886181  0.24649456095543251
  0.25770729258571584  0.26864235715746448  0.27927978676584186  0.28976656684010349
  0.30038411055389119  0.31111867663352277  0.32182538754102186  0.33245810617339144
  0.34299726985097734  0.35345513557790464  0.36377623599610381  0.37395792012820850
  0.38403232259154096  0.39411038680570609  0.40419098610845733  0.41437423945990765
  0.42455626838059995  0.43480033284922437  0.44555737673909485  0.45639111184991282
  0.46695208195048105  0.47742675380646254  0.48814950624206327  0.49902801421283677
  0.50979048259615789  0.52060786405954862  0.53149424273236834  0.54224412498607377
  0.55289884885250140  0.56347245465733709  0.57387729395877696  0.58421128457345750
  0.59451325841697389  0.60485371598124349  0.61508024935122008  0.62520361193983520
  0.63570303229283143  0.64620075772006047  0.65663604460816860  0.66688370543039566
  0.67727165418343516  0.68761053764391766  0.69804590468086269  0.70862075099498079
  0.71990657576676065  0.73076451660872499  0.74122180876056409  0.75131276691413096
  0.76173883279715837  0.77221568031807275  0.78296668413663284  0.79357603222971140
  0.80452278993037230  0.81477698649805619  0.82506543760744666  0.83515018582444933
  0.84549880755501272  0.85582684438614409  0.86601693029936322  0.87635424011231455
  0.88681644590621234  0.89722420422390781  0.90745331379184713  0.91763166618505143
  0.92807347484948322  0.93857775425088963  0.94875669681551655  0.95882867265278016
  0.96901320331647167  0.97913361540107680  0.98949331286370112  1.00000000000000000
 -0.00215794749012969  0.00951589605643051  0.01980371868679173  0.03009264066535459
  0.04043063353205779  0.05054116430509348  0.06085922923578462  0.07164550091156528
  0.08286812314691962  0.09417731111227148  0.10503287473259020  0.11515292126087316
  0.12505629965901213  0.13499826687971567  0.14493446186186168  0.15485274206186159
  0.16484391269656856  0.17510037986159188  0.18523489424268538  0.19532410956199678
  0.20546138704421774  0.21585759049649209  0.22630791233913047  0.23721960138100628
  0.24809001816454490  0.25887462124210725  0.26971222728611127  0.28148676614250501
  0.29329680443987188  0.30438373609931296  0.31525285398271308  0.32633021722008715
  0.33733980860417501  0.34817066419979992  0.35950001718189317  0.37114607373414943
  0.38266643912543197  0.39411104505090766  0.40542415687314343  0.41647364225746175
  0.42723205134497128  0.43768869317555703  0.44794803649232284  0.45834602850222855
  0.46908964670473985  0.47980054990403137  0.49029433792035898  0.50069796529875865
  0.51117995585217413  0.52186175182371664  0.53265452050713891  0.54339904330115507
  0.55359274014053639  0.56361407952485554  0.57365141626821770  0.58390351488284742
  0.59415224755145146  0.60414420667939261  0.61398319958045877  0.62361654811168477
  0.63319531914779104  0.64304010275296730  0.65293024970418190  0.66287303277813880
  0.67278846685526694  0.68304237282725300  0.69333760036923031  0.70377445629995683
  0.71451063404889603  0.72528095176401952  0.73569706472508256  0.74612732616343602
  0.75702504244003843  0.76796158568912909  0.77832426409568201  0.78853367002283781
  0.79925552238940456  0.80999745042270077  0.82088388124368761  0.83162242803333819
  0.84252407107651905  0.85350510663743295  0.86415371504467464  0.87472786435770400
  0.88531579902887492  0.89560701330074388  0.90537767533433622  0.91520175057380737
  0.92540463660906158  0.93596861809483678  0.94606108761070140  0.95662990285754812
  0.96754101466278286  0.97881430846202866  0.98926971517048390  1.00000000000000000
 -0.00236317157112691  0.00761817403673504  0.01691374463566659  0.02595681032816723
  0.03502591006425802  0.04393836896526528  0.05267917944377722  0.06148721174470571
  0.07048473152346624  0.07951866854157556  0.08820949915304675  0.09644385635008126
  0.10472268715306772  0.11362265951250319  0.12313288249687168  0.13266834498388799
  0.14200964911298686  0.15168657153892950  0.16180211353575433  0.17156405764405727
  0.18099578643518494  0.19060330001768855  0.20043371083511916  0.21044648832199581
  0.22071884732153529  0.23124910728787931  0.24187407713246306  0.25246304616579129
  0.26323089227204310  0.27443493445157141  0.28599014362255082  0.29755916508346975
  0.30902426921371995  0.32044458704750872  0.33202089573240195  0.34402270370527083
  0.35605713901662606  0.36775160506963794  0.37954424530126257  0.39160289939610415
  0.40361239651347086  0.41550454679650223  0.42760084146101879  0.43984423798611183
  0.45235235657467687  0.46466678046536103  0.47695529557122202  0.48970955496188406
  0.50205372472897780  0.51373168812100645  0.52555574011185846  0.53758763237925666
  0.54958440492758276  0.56154914100616260  0.57433076636700520  0.58715476733712946
  0.59966096205622599  0.61170176769402895  0.62359649728891475  0.63537236545017728
  0.64729122135798056  0.65950041725788766  0.67178871077112501  0.68401469651324898
  0.69575884950689071  0.70717272948396437  0.71838419297372913  0.72945179576792940
  0.74020298290841502  0.75109774982630173  0.76228432274420554  0.77355559780708305
  0.78490841801222844  0.79625578691411181  0.80755668601416375  0.81845689049358283
  0.82893650042677747  0.83883532723376186  0.84835904339587875  0.85812998765420700
  0.86783648991255602  0.87761265284696743  0.88701500095010599  0.89641897813565130
  0.90600221898500855  0.91548489779964837  0.92436163276163796  0.93287369696743794
  0.94129083260626156  0.94978837294561314  0.95859441265137979  0.96719269941363639
  0.97562470446717264  0.98396592419411089  0.99203239269974786  1.00000000000000000
 -0.00251980901489240  0.00991083915012532  0.01999803778829811  0.03074336708100823
  0.04162201985297487  0.05257891029693719  0.06340262890340483  0.07403222541361797
  0.08445281133709207  0.09419736472566993  0.10399507318633719  0.11384976604313582
  0.12378900270571452  0.13395024256339327  0.14417752602175707  0.15484457323816445
  0.16548263934678858  0.17605315921463524  0.18644474465640304  0.19693565032166976
  0.20768540686902306  0.21840454006947196  0.22921849608873623  0.23973163178482074
  0.25026168677398819  0.26052528181599549  0.27092609837912940  0.28098087620862744
  0.29121753523776872  0.30114460334156173  0.31127079474913272  0.32153983038898343
  0.33207146165033996  0.34250293809198673  0.35296293850880089  0.36352342111424457
  0.37391494079669108  0.38408702037235776  0.39425791022473800  0.40484336462467685
  0.41572934364801722  0.42679873080482239  0.43767767853078515  0.44806331443949232
  0.45847904038684278  0.46926281936262665  0.48013302103262878  0.49067205743778008
  0.50119895768958411  0.51173501152442047  0.52218587842482678  0.53236996856647512
  0.54248527590201334  0.55269966749474664  0.56305998860585438  0.57375351797887353
  0.58478738681660314  0.59606256554356096  0.60742279301085889  0.61874639954338873
  0.62983777209773917  0.64074193968272330  0.65155631065297814  0.66237514517532758
  0.67341175823770272  0.68464672936720095  0.69525196607612672  0.70554754189976798
  0.71558328949785255  0.72529761490040900  0.73489358173707242  0.74457044433668285
  0.75473174610123051  0.76532569577695075  0.77582849395688169  0.78662054749796062
  0.79735031206384344  0.80779413020530655  0.81838306867157029  0.82910757149876801
  0.83968806698312737  0.84983102673058808  0.86041402327881611  0.87128613955022083
  0.88210721972969330  0.89251705139555149  0.90288075886392727  0.91326252043909206
  0.92376548264806768  0.93459846889141773  0.94556003942727540  0.95666443420862923
  0.96764763809719334  0.97877093802312354  0.98922878132605463  1.00000000000000000
   1.7388488631059044E-010  -1.0000000000000000     
 T F T F T F T F F F F F F F F F F F F F F F F F F F F F F F F F F F F F F F F F F F F F F F F F T F T F T F T F F F F F F F F F F F F F F F F F F F F F F F F F F F F F F F F F F F F F F F F F F F F F F F F F F F F F F F F F F F F F F F F F F F F F F F F F
  <DiscreteSampler_grid>
  grouped_processes
  1 # 1 for a reference and 2 for a running grid.
  10 # Attribute 'min_bin_probing_points' of the grid.
  1 # Attribute 'grid_mode' of the grid. 1=='default',2=='initialization'
  0.0000000000000000 # Attribute 'small_contrib_threshold' of the grid.
  0.5000000000000000 # Attribute 'damping_power' of the grid.
 # binID   n_entries weight   weight_sqr   abs_weight
    19   10   1.563281213733684E-002   5.364249809013734E-004   1.563281213733684E-002
    22   10   2.071803559789630E-002   8.163656976548521E-004   2.071803559789630E-002
    25   10   2.291014926873507E-002   1.012529781841193E-003   2.291014926873507E-002
    28   10   1.842181118982727E-002   7.826262017145499E-004   1.842181118982727E-002
  </DiscreteSampler_grid>
