 -0.00000001018204592  0.00001325089044733  0.00009856710229230  0.00028238517507186
  0.00056199332397424  0.00094362337919516  0.00140441613549584  0.00194224363934439
  0.00255208363174924  0.00322193037416949  0.00395394845701279  0.00472906672203285
  0.00555901947366136  0.00639164248570186  0.00730404488296735  0.00818503925499181
  0.00915281924621642  0.01014068613587538  0.01113484140694024  0.01220400696345837
  0.01328848195532537  0.01436807889928394  0.01548018115386170  0.01663795619956469
  0.01776427194017348  0.01889433419781887  0.02009697565506263  0.02137666939129927
  0.02264997781439381  0.02389902802306591  0.02514196645664125  0.02639759163531319
  0.02778439935580574  0.02915949352414330  0.03052046444519818  0.03187144035186967
  0.03321927457419049  0.03460232620625585  0.03604414462978481  0.03753031066607698
  0.03902273344523320  0.04049168584533926  0.04194959878168204  0.04337151480505778
  0.04479767886836940  0.04625690925837215  0.04773858585939843  0.04921341399211561
  0.05069455311691143  0.05219861889069469  0.05374791430097907  0.05529728938641799
  0.05682932783122099  0.05836186809540847  0.05991131837940809  0.06148998864465278
  0.06321099782067313  0.06491730590564054  0.06659688267484269  0.06825982273420281
  0.06991913253740721  0.07158060057572507  0.07327129438202784  0.07501516170579339
  0.07677634113850823  0.07858721721314105  0.08046249569521254  0.08238821818742496
  0.08437887603542640  0.08642227448073452  0.08846281901728661  0.09055511791909879
  0.09269315011165440  0.09486286751535014  0.09711506497168440  0.09941390468047898
  0.10170813759655604  0.10392967945233246  0.10644170039656682  0.10932264863813129
  0.11236189161239481  0.11528043681554305  0.11830347012866339  0.12145139744219635
  0.12472517570771136  0.12811332236206535  0.13161378133356924  0.13526331740881678
  0.13983447383142361  0.14504339115291789  0.15124539962526526  0.15857106129452236
  0.16757716765639269  0.18173891060989522  0.19357967494563078  1.00000000000000000
  0.00992988620110932  0.01442313987637688  0.02263982957916635  0.03257154699327228
  0.04257506098154069  0.05283517495151231  0.06312203158394911  0.07354469187083650
  0.08387790345578425  0.09428683635802501  0.10508555440553766  0.11621483673388988
  0.12763288912468071  0.13872473917644931  0.14926078278462157  0.15935690813892267
  0.16951714644503840  0.17969165801512713  0.19011502587290649  0.20065276342826527
  0.21110048711669627  0.22203334518023224  0.23283419793769661  0.24398678736778387
  0.25510677529316883  0.26598988643040922  0.27637812884031981  0.28659681981412349
  0.29672893177869308  0.30700915702831177  0.31721958740947598  0.32719792269160525
  0.33734432735531128  0.34809689133219957  0.35894133275922652  0.36974325937872937
  0.38041416231165559  0.39117563915155856  0.40146001485109217  0.41115113343600779
  0.42066766438884062  0.43015798124793592  0.43972973965362294  0.44924243069277570
  0.45886800927809263  0.46916505878195180  0.48002429051549533  0.49102011709536209
  0.50190784670148547  0.51258165453758575  0.52285932315281736  0.53252285716055292
  0.54213118298598384  0.55188370429393685  0.56178045925988063  0.57167213759300461
  0.58162465251733619  0.59208727675120132  0.60282308385014172  0.61370935354792022
  0.62456095045494975  0.63522266557928564  0.64595262961293454  0.65637211434716491
  0.66655145738460009  0.67656711165255967  0.68651378584368616  0.69647644887577054
  0.70641067554810211  0.71643513565882722  0.72661214890870052  0.73699756658205617
  0.74732529090637267  0.75723849865057724  0.76712967355047013  0.77741688906669459
  0.78789463435469920  0.79822336950908546  0.80833072218009372  0.81842600580216240
  0.82874299993801825  0.83934942229800358  0.85030616030072625  0.86128252361452140
  0.87254382754727045  0.88453192207157838  0.89650664214486642  0.90794379836990602
  0.91872074903830714  0.92932618021612334  0.93960551223211908  0.94957285510159040
  0.95976924319309143  0.97014532648745766  0.98032222854936435  1.00000000000000000
 -0.00277270554254939  0.01002096375024517  0.02077420688361534  0.03128386075031143
  0.04187088588861845  0.05237854464129348  0.06280209741244162  0.07266682388066678
  0.08251531335576184  0.09280433326504153  0.10337175072803305  0.11436690005891537
  0.12541491742388608  0.13641907104744214  0.14715111069735740  0.15755087369584406
  0.16796581587222442  0.17855266431496616  0.18944641870140266  0.20103204042565126
  0.21263570215966174  0.22412941076494092  0.23544932156255574  0.24664445031676915
  0.25754405835574751  0.26834254062821400  0.27918926739897859  0.28985905012748914
  0.29982260567270497  0.30954449469719819  0.31969209092444212  0.33002713951197993
  0.34025281496743381  0.35049214181844107  0.36106082294868164  0.37226797531222655
  0.38392756073368206  0.39540932345674706  0.40633948614686066  0.41728031618288763
  0.42862742224546013  0.43972629115990119  0.45019579366242835  0.46040221602204340
  0.47064016288333127  0.48100776644563858  0.49146943426269335  0.50213621417387966
  0.51291610684489530  0.52375152557378202  0.53465940327144890  0.54587413407370677
  0.55715685706585327  0.56807529366271492  0.57849633967835290  0.58899840476496768
  0.59943072774538486  0.60961727433524604  0.61988070598910483  0.63052964043583226
  0.64179210589973457  0.65288243320484041  0.66370194379532410  0.67435068883481442
  0.68498059718222681  0.69592766717148158  0.70740987381834797  0.71940482750235679
  0.73148164291814677  0.74223397962208681  0.75304994405885906  0.76317374825822504
  0.77309923783251977  0.78299413940663287  0.79352869283831351  0.80366535037050124
  0.81336420060476766  0.82286166497451207  0.83269820721319054  0.84261063777084089
  0.85283893622075591  0.86282502710205733  0.87267441264567658  0.88239573942653760
  0.89203820499185404  0.90194824691116104  0.91186453668097689  0.92191652616257325
  0.93179864962759429  0.94231178243295355  0.95339116451025052  0.96349961424399710
  0.97309003028745467  0.98263005213925869  0.99151743617981691  1.00000000000000000
 -0.00229374649114382  0.00921782125591543  0.01885000960696851  0.02926367283310423
  0.03955474825097520  0.05004489957430156  0.06036661788895972  0.07180117995699177
  0.08337049515214397  0.09503609680926067  0.10676636466788945  0.11838696081411039
  0.12976154310964455  0.14143990962448350  0.15355916654528456  0.16556517720208794
  0.17774053488140276  0.18974223680407493  0.20143294211942805  0.21267952699972650
  0.22339480587113869  0.23381870385662337  0.24422296757169862  0.25458188962197242
  0.26491520938672503  0.27533751870735512  0.28601757665628863  0.29687018936006199
  0.30761739760508922  0.31813080960940465  0.32854162606425935  0.33936166262259410
  0.35034314134398636  0.36111544445993349  0.37161239507026578  0.38191916126393682
  0.39224770483827642  0.40202022176225083  0.41128545495500912  0.42052603353748075
  0.42972052075990330  0.43881157004854987  0.44806722438312152  0.45745700933007638
  0.46718351156452170  0.47722279931722672  0.48771418438286251  0.49824694161641703
  0.50873310172293429  0.51896575967276626  0.52946327027962015  0.53997511466180514
  0.55019814736562511  0.56012514999815222  0.56980761627913490  0.57923950637945454
  0.58855346373003559  0.59792510399701437  0.60744308448691331  0.61694615598386504
  0.62671222225644574  0.63655162039283564  0.64655988729121316  0.65692376180124179
  0.66757805551737515  0.67855533638820786  0.68929429843414480  0.69979991633978667
  0.71017398467919690  0.72045190355775368  0.73129385148606874  0.74180781504611337
  0.75245621376032357  0.76277435247920167  0.77299065573498127  0.78328906206436211
  0.79402965236302336  0.80564386976433411  0.81715075208667043  0.82849712707603318
  0.84036343659298351  0.85248420721702411  0.86386290060350823  0.87436684727700953
  0.88442393142706321  0.89441003485743042  0.90461336321813257  0.91488946819938477
  0.92500034964393629  0.93551506257212569  0.94649293734262008  0.95735359807947873
  0.96790868272810349  0.97807950289456391  0.98901726871033602  1.00000000000000000
 -0.00260251613478766  0.00996865000493597  0.02119120290699959  0.03291610413400821
  0.04478568772385754  0.05608296805148607  0.06719581638631221  0.07853998568018156
  0.08978265115750782  0.10094445493113527  0.11194274554783817  0.12246531907394043
  0.13267697723339630  0.14299193904284113  0.15420327883824111  0.16561611467381393
  0.17660631328198179  0.18721775622769371  0.19760380647625236  0.20799130153851925
  0.21809364636130665  0.22788691361472571  0.23756080693784953  0.24714964067421194
  0.25714677162563437  0.26751100109370751  0.27780240285281338  0.28810003148497920
  0.29817803986699437  0.30860053427611434  0.31881418651273574  0.32858262801916122
  0.33829580664044201  0.34809223797538247  0.35838039395367366  0.36912876859092608
  0.37964347438335921  0.38984735815328742  0.40036327745685069  0.41187094489365772
  0.42355061201563904  0.43512330027796209  0.44653145333496302  0.45770219352104458
  0.46864463509212961  0.47932795728935451  0.48992932939168793  0.50049222219181400
  0.51159598302286047  0.52253621169889763  0.53346657639665640  0.54399583861632839
  0.55386467022971375  0.56384379159700115  0.57401584968949326  0.58417912861844723
  0.59374508752907385  0.60329411924010645  0.61320740828733833  0.62318606889664341
  0.63295722345599181  0.64294221277339880  0.65346211260157794  0.66439391992397456
  0.67515131379688920  0.68576638864808348  0.69520380030987450  0.70446663613274552
  0.71364151013976873  0.72292839514847140  0.73229055290102596  0.74213704444356565
  0.75260852115704968  0.76464519180666279  0.77579040169612534  0.78615488254209509
  0.79652215508199442  0.80711516888613644  0.81731808490951618  0.82705946511203654
  0.83687783994176201  0.84725471703586375  0.85775966614476740  0.86850023110023455
  0.87939146717430228  0.88978803374370119  0.90000681467146038  0.90997396152514443
  0.92027403844191846  0.93102311409716543  0.94236807595900240  0.95411470588880287
  0.96597794732363085  0.97769214327496778  0.98898219941407506  1.00000000000000000
 -0.00299542805299833  0.01012101255819971  0.02156138601619905  0.03274090975988059
  0.04411860976721747  0.05580981085669968  0.06760621979570643  0.07914449137328602
  0.09013230714625951  0.10077362224591849  0.11098082723980618  0.12087119844681532
  0.13072682511257322  0.14082897744576087  0.15121810664672403  0.16151233840710802
  0.17193493984774280  0.18240600759119366  0.19379235116112092  0.20573243954722478
  0.21920454435918685  0.23215887016343090  0.24417332391177421  0.25547030865361164
  0.26623987067647498  0.27669356898318187  0.28684009761566259  0.29691989278877762
  0.30705121147338704  0.31748214883284376  0.32840433533212909  0.33913198688177276
  0.34901514594633037  0.35921516014319915  0.36943929131136882  0.37971478519137514
  0.38983561802425992  0.40012943466546158  0.41102142633765559  0.42143883758973016
  0.43110757828803392  0.44108317928301927  0.45085835700178872  0.46077855960704622
  0.47081112528146130  0.48111003833914434  0.49159322404283196  0.50193962262737113
  0.51198529960243611  0.52175965520608725  0.53131451793311579  0.54077855454895707
  0.55038663934307774  0.56025577288774986  0.57029567043495311  0.58050186539840509
  0.59124842631792829  0.60258582260496052  0.61400325593611738  0.62506372523515874
  0.63566700333079651  0.64620729578887559  0.65694099344552959  0.66755167199038501
  0.67756182224472183  0.68726331941026453  0.69677959512204202  0.70655331951451095
  0.71633433291954096  0.72622698175091105  0.73639277638106571  0.74648077439805705
  0.75702492912420094  0.76789169835476412  0.77865854706517512  0.78949053443658745
  0.80027308920015083  0.81115816916807093  0.82181926912135661  0.83237009087774694
  0.84290758949492506  0.85385149429687301  0.86484546435448184  0.87559561384356177
  0.88570320540710867  0.89603022732148319  0.90649339590624145  0.91701503806183826
  0.92726326347099230  0.93740968276099668  0.94751862834549438  0.95744428075301813
  0.96770348703222420  0.97828184870005386  0.98903254026199727  1.00000000000000000
 -0.00224516942846699  0.00745112994740684  0.01641031629479236  0.02517807343233987
  0.03400812612806031  0.04300052269339528  0.05223967905796011  0.06147354503489458
  0.07053969044459484  0.07951852753404172  0.08887782424201872  0.09868124590625492
  0.10858196427487737  0.11836841538963840  0.12802240265434234  0.13781896296806309
  0.14799147499135071  0.15831474423192510  0.16859184040025105  0.17863836479114956
  0.18858990052177962  0.19895239461591815  0.20964917943820055  0.22096070489590447
  0.23234358210981371  0.24318467874757441  0.25411105361280190  0.26506819059262221
  0.27651361485855691  0.28823710640956196  0.29986200631448606  0.31128720581956937
  0.32278424037880299  0.33442149660328929  0.34607003171975265  0.35741966861836383
  0.36865843873474086  0.38030236734273637  0.39222958673894337  0.40421049019512423
  0.41630021877654438  0.42838586365465253  0.44037284916546349  0.45195609729849001
  0.46378041518667307  0.47595379635409507  0.48818590234283205  0.50049396250914413
  0.51273627510765230  0.52540499181684230  0.53809973566390601  0.55070863765013278
  0.56301002054393423  0.57565461027961662  0.58869243803020443  0.60175754601736708
  0.61492687855953343  0.62730701616450169  0.63897307142519011  0.65032374196154918
  0.66163535830527209  0.67262892332855739  0.68354511068224744  0.69404759447373865
  0.70436676519418184  0.71485955368805199  0.72598046533819172  0.73655779539529842
  0.74683267866572511  0.75735161944320595  0.76825933814186687  0.77896066679174181
  0.78913324316959144  0.79942623566190618  0.80989810612545043  0.82090448564879492
  0.83184407251877956  0.84189895725810870  0.85119257929534686  0.86041977606352416
  0.86960532413845604  0.87879145610314746  0.88770727382720394  0.89671510804564925
  0.90562721636005483  0.91454918051085887  0.92365044757208659  0.93243235859165696
  0.94117618813258530  0.94999973374346380  0.95866029482695758  0.96701142468843260
  0.97524968273259205  0.98347065241027898  0.99187684804881615  1.00000000000000000
 -0.00219548607606428  0.00888474930908230  0.01857072390730666  0.02890433893927137
  0.03944477789979593  0.04964004948439587  0.05946605328564676  0.06945671775629099
  0.07958117781284908  0.08985515443423081  0.10024922439070746  0.11048431023325890
  0.12079105660470288  0.13131756893823937  0.14161609032520139  0.15167097751672262
  0.16186210190474104  0.17264607869976303  0.18366207209821403  0.19435255006716545
  0.20479889511799179  0.21537277048782444  0.22628435758828294  0.23707988347878445
  0.24803531605148024  0.25896291796926146  0.26984092238042917  0.28047704865778789
  0.29092138464836115  0.30147842677064574  0.31179363515819114  0.32179727723496532
  0.33164402875948690  0.34165190701013154  0.35188782773107602  0.36232585782906346
  0.37263493958382676  0.38289037034606499  0.39305402989097044  0.40329425975036221
  0.41360072442981943  0.42383781176111346  0.43403540705837873  0.44428175670920550
  0.45473793397929496  0.46552549732810533  0.47636288896386864  0.48699991074988325
  0.49749643350371697  0.50801398397134334  0.51868748614610616  0.52950882782645348
  0.54035026067727210  0.55117223125261872  0.56185114261859836  0.57250807226527034
  0.58328033556429659  0.59417346650604375  0.60493295650002687  0.61562569958738478
  0.62662460846534340  0.63767077798793304  0.64831003760190842  0.65844080866044019
  0.66840945556748999  0.67833480310725436  0.68799709017609567  0.69771941992350617
  0.70752979306009434  0.71754772901551911  0.72775324652148476  0.73832687426988675
  0.74933368319448213  0.76048203871277142  0.77201575362334807  0.78382777227056233
  0.79541625186221532  0.80693759979277713  0.81804487909320589  0.82932666678280265
  0.84016406808806998  0.85090617651935951  0.86163538536144701  0.87260327679653338
  0.88355733841348472  0.89433565380368441  0.90480200881115824  0.91503233107223747
  0.92557214033259028  0.93617136011750390  0.94671107402525545  0.95691920744792269
  0.96738596597251392  0.97861299661296197  0.98917456930934511  1.00000000000000000
   1.4371501131489354E-009  -1.0000000000000000     
 T F T F T F T F F F F F F F F F F F F F F F F F F F F F F F F F F F F F F F F F F F F F F F F F T F T F T F T F F F F F F F F F F F F F F F F F F F F F F F F F F F F F F F F F F F F F F F F F F F F F F F F F F F F F F F F F F F F F F F F F F F F F F F F F
  <DiscreteSampler_grid>
  grouped_processes
  1 # 1 for a reference and 2 for a running grid.
  10 # Attribute 'min_bin_probing_points' of the grid.
  1 # Attribute 'grid_mode' of the grid. 1=='default',2=='initialization'
  0.0000000000000000 # Attribute 'small_contrib_threshold' of the grid.
  0.5000000000000000 # Attribute 'damping_power' of the grid.
 # binID   n_entries weight   weight_sqr   abs_weight
    19   10   1.826485067580729E-001   6.795123511280982E-002   1.826485067580729E-001
    25   10   1.505948766491791E-001   4.549111370960541E-002   1.505948766491791E-001
    37   10   1.264581990015211E-001   3.086078881717448E-002   1.264581990015211E-001
    43   10   1.988072300137789E-001   9.021884258279780E-002   1.988072300137789E-001
  </DiscreteSampler_grid>
