 -0.00181923839996964  0.00899457391011570  0.01740952154953912  0.02608900757369570
  0.03485805240964394  0.04368331255226953  0.05255982850729095  0.06149033421765541
  0.07047638382990518  0.07951560617498701  0.08860964882516519  0.09775428777963587
  0.10695576748274928  0.11621789306226138  0.12553709260850138  0.13491216363659805
  0.14433907774364524  0.15382513607904552  0.16336868110471969  0.17296603324468185
  0.18261245264643111  0.19230565380109049  0.20205785270565191  0.21186806584459983
  0.22174306353841200  0.23166723422322805  0.24165064081061993  0.25168554567996493
  0.26178097230078129  0.27192282464621881  0.28211527873159742  0.29235915063524426
  0.30266301367860887  0.31301875596359890  0.32342284749407607  0.33387374018420285
  0.34438396349988315  0.35494583649013944  0.36555842013016104  0.37621144517127347
  0.38691692692980562  0.39766697675717205  0.40846456738949671  0.41929623365534896
  0.43017437006532877  0.44109385576339766  0.45205736413249997  0.46304916845346694
  0.47407743005900732  0.48514331957400736  0.49625402959630122  0.50739637214228395
  0.51856807291099172  0.52976939982889326  0.54100049771941783  0.55224931744450467
  0.56350956738304891  0.57478661138336617  0.58608819927191946  0.59741651465415868
  0.60876891392000920  0.62013948224205662  0.63151535768052613  0.64289513117536501
  0.65428464641460038  0.66568759604281968  0.67709838679114398  0.68850654179306869
  0.69991261189443932  0.71131441705312493  0.72270946139099834  0.73409221888382548
  0.74546484949265734  0.75682641331537659  0.76817809524780378  0.77951224007719788
  0.79082809269891552  0.80212352741860160  0.81338894978349818  0.82462938160251942
  0.83584064068131969  0.84703354824278265  0.85820072706591666  0.86933796523225360
  0.88043826808660575  0.89151191149268794  0.90254518106860815  0.91355097724121104
  0.92450294643585440  0.93542751220738807  0.94629325636864514  0.95713122864494415
  0.96790070205038226  0.97864241773209337  0.98932752804245927  1.00000000000000000
 -0.00238914002566069  0.00983399229344466  0.02006183743317688  0.03062039487080744
  0.04120956807840771  0.05181912742577251  0.06238111396737263  0.07296474023239304
  0.08355487029860238  0.09416284925490545  0.10475493775821686  0.11531035788801716
  0.12582521725821050  0.13631609743827997  0.14681518672632718  0.15731157854088576
  0.16778741281968973  0.17825307576803295  0.18873246743100547  0.19928022760659017
  0.20981924792748821  0.22035696139779615  0.23085406393645150  0.24136029700097131
  0.25185140891566815  0.26232059749409375  0.27278187445476793  0.28324845493452100
  0.29372934372914311  0.30425303840367357  0.31480510041153115  0.32536425510549066
  0.33589190574585909  0.34642356941788238  0.35697764569198492  0.36752297848569448
  0.37804164739212459  0.38854220599416478  0.39907033228589467  0.40963183752268750
  0.42020731681547435  0.43076207161594776  0.44129215053846998  0.45179435592083322
  0.46232130879461103  0.47287260692356009  0.48343939158469007  0.49401259810141379
  0.50456372602444322  0.51513314422685763  0.52569254631693374  0.53622426889533248
  0.54676416715361587  0.55731369710166934  0.56788201297374197  0.57844572578728126
  0.58896687487884158  0.59949550716024991  0.61001001863867532  0.62055119641076806
  0.63108383819610403  0.64160610650015704  0.65214444917585390  0.66268445781440333
  0.67320522872897748  0.68373584881451144  0.69427841138395630  0.70483511017136713
  0.71536559706861580  0.72589509033841881  0.73644612227281381  0.74699964898058524
  0.75754235421316607  0.76804603163053853  0.77855068621516588  0.78905971657736751
  0.79959212917773537  0.81016668375192702  0.82071994799719417  0.83126941332642790
  0.84180935407353374  0.85239693052798171  0.86296359430671532  0.87347082508602314
  0.88400719632474600  0.89458525482061391  0.90514642877436602  0.91568576961548176
  0.92618454403901973  0.93675230618724581  0.94729177385163699  0.95782503957027065
  0.96838322730647985  0.97889999742175637  0.98946422702118886  1.00000000000000000
   2.1748212290478549E-008  -1.0000000000000000     
 T F T F F F F F F F F F T F T F F F F F F F F F F F F F F F F F
  <DiscreteSampler_grid>
  grouped_processes
  1 # 1 for a reference and 2 for a running grid.
  10 # Attribute 'min_bin_probing_points' of the grid.
  1 # Attribute 'grid_mode' of the grid. 1=='default',2=='initialization'
  0.0000000000000000 # Attribute 'small_contrib_threshold' of the grid.
  0.5000000000000000 # Attribute 'damping_power' of the grid.
 # binID   n_entries weight   weight_sqr   abs_weight
    10   10   8.625742719406456E+002   7.565273928419700E+005   8.625742719406456E+002
  </DiscreteSampler_grid>
