 -0.00000261291885963  0.00011158062663468  0.00048078584921874  0.00100556895529589
  0.00165253715405779  0.00237815255628598  0.00317537509422611  0.00404406259746031
  0.00494650133831638  0.00588521863658913  0.00688437796326745  0.00791049026318381
  0.00898240287667105  0.01005316158333902  0.01112753741060531  0.01223556728171145
  0.01334711599817691  0.01445429259005742  0.01560696139313134  0.01679746611512355
  0.01795783428382985  0.01911518755400413  0.02029166264777304  0.02148331566032492
  0.02269136844500303  0.02389092501313328  0.02509306775585965  0.02633007116699397
  0.02758787599516141  0.02885981370931459  0.03013691496807537  0.03141273423216470
  0.03268460282561388  0.03397440788867005  0.03531011390966256  0.03668138002581831
  0.03804539756423752  0.03938554463562764  0.04071513627482012  0.04202524187578638
  0.04329612475312192  0.04463620845238369  0.04602213272756899  0.04745690007004747
  0.04890772959742144  0.05034317970567955  0.05177077880817994  0.05320658398179044
  0.05465707952000730  0.05611967234613537  0.05758664786953215  0.05906835757036794
  0.06058760888303168  0.06219897259126399  0.06385345699449375  0.06549908269974644
  0.06715419082179223  0.06881602412402263  0.07046095719688969  0.07208432978320792
  0.07370258843316398  0.07532117098313476  0.07693898368143741  0.07864297949824496
  0.08039267616383892  0.08220358356517390  0.08405512332724473  0.08593805929688425
  0.08784739357678567  0.08977414701151960  0.09170838358779704  0.09365438073703883
  0.09564939324642306  0.09770127314461062  0.09978049220435987  0.10186034453707637
  0.10404168592554348  0.10632741417701630  0.10870909603042268  0.11120642850384012
  0.11382873937637475  0.11653206489862382  0.11932004406018745  0.12217308059930045
  0.12515531598015459  0.12827810731245398  0.13154835156396336  0.13493460071585020
  0.13893735238161911  0.14365375020131788  0.14923699820203651  0.15588300555740306
  0.16426870969013690  0.17781562995980613  0.19497106183140012  1.00000000000000000
  0.00923995704625934  0.01660220313583705  0.02692735669260091  0.03767774193929272
  0.04787005076748004  0.05799352335993343  0.06813715509535723  0.07820884418597886
  0.08820538257549641  0.09843426519599224  0.10858710616776383  0.11918816570297572
  0.12962170811346219  0.13999528062681288  0.15020769534142328  0.16044607133356267
  0.17080246127045512  0.18104118674528710  0.19140965691855988  0.20195560368270435
  0.21257657020506054  0.22302759285200341  0.23360838687293600  0.24434228484139695
  0.25486225113085742  0.26475446443977391  0.27461823989940792  0.28435261199160472
  0.29413547055262851  0.30386683702830963  0.31387779602667126  0.32412655084860953
  0.33438342353592687  0.34466014021329183  0.35514614871367017  0.36573962556873674
  0.37661616547416471  0.38782434783201852  0.39914290666228774  0.41026504378224471
  0.42099689414377062  0.43138246780346351  0.44164074122011271  0.45212829710211483
  0.46292565738234737  0.47373627974783056  0.48426507208831981  0.49465926726185072
  0.50497650391868176  0.51485946901109247  0.52481241958664282  0.53460124837226197
  0.54464278782448705  0.55488223123046909  0.56513324718925151  0.57554433481161393
  0.58613126082736300  0.59702873315926408  0.60768599615807584  0.61793056825580661
  0.62840318121558736  0.63891874345532496  0.64935457919931050  0.65947940182235265
  0.66969192301184677  0.68057259310319784  0.69123318846954152  0.70187021316735076
  0.71259637317455349  0.72322406939878525  0.73414739318805045  0.74509115813905757
  0.75619093211775845  0.76707755933536004  0.77752855303487467  0.78782936111011193
  0.79825294772174515  0.80910872726768179  0.82011803861051269  0.83063136315031461
  0.84127419957012328  0.85225310999462356  0.86274346251220724  0.87323999636944849
  0.88354858627002275  0.89386863060359190  0.90393661516307111  0.91385593003222099
  0.92411554644987515  0.93434114544998970  0.94481139280123227  0.95576895625651559
  0.96662874765061801  0.97728162076507141  0.98859146716615376  1.00000000000000000
 -0.00240818961008294  0.00913056312899758  0.01959843167875652  0.02997661830901737
  0.04031339531024081  0.05064018756417410  0.06111289721212922  0.07134567109490368
  0.08145764495320880  0.09170179710240836  0.10224347261528258  0.11278647608939275
  0.12331840551190131  0.13371405984171725  0.14404905426659953  0.15423480243768448
  0.16428807641342486  0.17445660674358557  0.18466522794124438  0.19482270301893892
  0.20497530534394903  0.21532047097400614  0.22607184523744275  0.23691673230361432
  0.24775625428477877  0.25863691829323038  0.26965035387627107  0.28066690924027232
  0.29176590839151045  0.30287300249776733  0.31398403589791957  0.32478639482130683
  0.33572730964195818  0.34667028142380896  0.35742017624299288  0.36749220254579279
  0.37746865500766258  0.38729430696607836  0.39722057299689084  0.40732991162889426
  0.41755036610466317  0.42794196767435350  0.43849142136889074  0.44946137061156460
  0.46049959241243460  0.47151328837189127  0.48243424702420989  0.49343153401183421
  0.50456812291068920  0.51560421191165484  0.52608549873900856  0.53591794196304365
  0.54601733062914171  0.55628943418047549  0.56654897083530709  0.57687458039858952
  0.58746809114621479  0.59858452765884718  0.60965527919398654  0.62041150526651456
  0.63135660917395253  0.64232769738472317  0.65284432396031267  0.66287967331749420
  0.67306690560244720  0.68330944420113249  0.69357668840675391  0.70389615102216008
  0.71457726931411247  0.72578483845312258  0.73691255756573504  0.74784397856540485
  0.75830508133350172  0.76820650374460864  0.77823189424220329  0.78832760663262602
  0.79872706152996520  0.80931361657966938  0.81985968970942558  0.83033116406547947
  0.84050162582484023  0.85052321798396313  0.86051334107230437  0.87046681147844018
  0.88092538905873596  0.89196242293807293  0.90383634877215557  0.91575646283144707
  0.92713734923461233  0.93780303222692707  0.94843288853529417  0.95910936179521566
  0.96952605299393813  0.97970887858707778  0.98977743983274713  1.00000000000000000
 -0.00255921021867419  0.00977043694864327  0.02034506061300247  0.03051879840751483
  0.04093894740623406  0.05120432673892026  0.06160253089171269  0.07200385379947384
  0.08237369629398170  0.09347733583161207  0.10452278443518957  0.11567246718304303
  0.12684056891104523  0.13864265343555054  0.14946908277356288  0.16009687951798127
  0.17077727053566644  0.18134552872908785  0.19195914706067418  0.20272316230023682
  0.21402470919231281  0.22559820773916991  0.23692857707556467  0.24794023720231440
  0.25861934860210012  0.26901257229097303  0.27946436125998209  0.28996695565573671
  0.30037522245437076  0.31083364504107913  0.32138558669023232  0.33177845901649422
  0.34189849644056070  0.35180389657060179  0.36217209662264033  0.37271707397733855
  0.38326053723139797  0.39396279308903948  0.40500273753569710  0.41588468384719457
  0.42629410119794475  0.43669819677140631  0.44680443201130010  0.45694806940474114
  0.46675822736123157  0.47656981875140941  0.48628380865109899  0.49630731775184900
  0.50633565866830532  0.51652336023758927  0.52679608719157434  0.53727251389077768
  0.54814382370739956  0.55940367549411818  0.57035193025629560  0.58177741519238191
  0.59187458121716952  0.60239585968507714  0.61236171059026590  0.62253655325046930
  0.63251973395323924  0.64228068258503435  0.65197565233657118  0.66165861121799685
  0.67161220820929812  0.68188545735035244  0.69204013712861745  0.70308500418914710
  0.71424177091048469  0.72547037144895776  0.73639714143067880  0.74736725510295066
  0.75840614590196165  0.76958177279256490  0.78025879586293212  0.79069691466123715
  0.80083969256588650  0.81098056285383768  0.82124827055773719  0.83138245303366032
  0.84219908099608254  0.85285802943762012  0.86351763628188627  0.87391764044699738
  0.88421440841713783  0.89460698258991167  0.90489828534156447  0.91510910098511966
  0.92574652048624628  0.93683289281218673  0.94767423472521084  0.95840470405728762
  0.96894235343397539  0.97938889789166617  0.98944718818376154  1.00000000000000000
 -0.00211716136725665  0.00883676133437330  0.01754964896137038  0.02713205250637017
  0.03662977637481298  0.04643682171753034  0.05648911591647340  0.06674694952628335
  0.07803802434263846  0.08930430071241710  0.10043476550991137  0.11142399363594108
  0.12246921520141058  0.13358109034917234  0.14496853387713501  0.15569419286098177
  0.16636941656230353  0.17682370795711022  0.18732528183696898  0.19747173561507045
  0.20749942445979444  0.21749859509505987  0.22752974038012391  0.23760842268503043
  0.24800780621347768  0.25814461689635138  0.26820214347498567  0.27822245870720441
  0.28826871181050129  0.29831628973520813  0.30841235849899873  0.31900931059035037
  0.33008436558721344  0.34099892758545519  0.35169456540371202  0.36253898423702652
  0.37366379047123699  0.38534022483945740  0.39691869225796206  0.40803064544558371
  0.41876333895751933  0.42925741513585419  0.43961919733424792  0.45010344061366037
  0.46049544292698275  0.47063766054283812  0.48065192662333700  0.49033155710154080
  0.49994879143128956  0.50977230730441292  0.52000531550819973  0.53056017345475581
  0.54118069243834777  0.55179506413438417  0.56243079222419456  0.57287502677500568
  0.58337425610536575  0.59398848494036660  0.60476050667764247  0.61564439914456948
  0.62641594492663188  0.63736669031286119  0.64819916523856602  0.65893687334253326
  0.66953058823185718  0.67997657113392895  0.69039637408688492  0.70066100487591076
  0.71102364739773039  0.72154955705906354  0.73224484223052833  0.74312507159801200
  0.75445360318580956  0.76564393472236947  0.77606053764902649  0.78606653552857497
  0.79656566813418439  0.80751130559133988  0.81844425870951776  0.82911863264090890
  0.83974270562085862  0.85072938062106529  0.86181334819746913  0.87348592592793328
  0.88383249036920619  0.89420399416134300  0.90480488478407850  0.91545299198017882
  0.92607460947292897  0.93652609510295914  0.94719210287997102  0.95812687890072190
  0.96843130425646484  0.97877806600328843  0.98913495712844579  1.00000000000000000
 -0.00235691868291249  0.00922013160399390  0.01932154049232247  0.02980532477267416
  0.04018785745584255  0.05062182857451274  0.06109755104533475  0.07151828087120669
  0.08194108160277964  0.09243090191379165  0.10280839437310016  0.11324877143726826
  0.12336952139870747  0.13376330343431808  0.14422595278463785  0.15496460086950656
  0.16579780349575510  0.17656776485832484  0.18721888001677961  0.19800809526067281
  0.20854023318226333  0.21896732803843871  0.22921716470661654  0.23921898892324989
  0.24893147091078630  0.25863723436096780  0.26802269117660110  0.27804262394038509
  0.28832734776968605  0.29903237327123994  0.30977313636338599  0.32030393948898661
  0.33077459637692563  0.34138101080121219  0.35186234231007896  0.36240545738045027
  0.37282573132029140  0.38316538775208986  0.39336172135840353  0.40371274743730157
  0.41416974968819925  0.42490529359419588  0.43557502186691688  0.44615880581468659
  0.45666611465779833  0.46741926807411233  0.47809072665472380  0.48835913903869621
  0.49847020337276193  0.50903194473281610  0.51993147944224904  0.53046974688942727
  0.54071407165225638  0.55121433868022063  0.56203628668382721  0.57329040304701229
  0.58417035088170399  0.59469856232299689  0.60495711074977110  0.61519753284814804
  0.62545843562942349  0.63548474809789945  0.64534904505628177  0.65519302791577261
  0.66501846297430101  0.67496195917592006  0.68525227225884955  0.69596251247102836
  0.70674730796042107  0.71731353996423153  0.72783342611484592  0.73841965146869371
  0.74910363417281167  0.75989874123385082  0.77080051203535760  0.78202840124840323
  0.79352748995862021  0.80510034063391167  0.81678861752614129  0.82824498038731920
  0.83984312593502830  0.85120751754437884  0.86234414586762187  0.87322247483700910
  0.88433293380031808  0.89579342832635789  0.90658293643524535  0.91733582282514903
  0.92729437554746852  0.93760143036870358  0.94798241494589586  0.95814861238139148
  0.96812769154554601  0.97817242385408909  0.98891216947297655  1.00000000000000000
 -0.00169379734321756  0.00649481418221485  0.01426271456637471  0.02255080041042903
  0.03093661337939858  0.03945885959458312  0.04787185017781637  0.05633903436741701
  0.06481673526106900  0.07386088452069493  0.08292910222535212  0.09202000281056286
  0.10127001117081157  0.11086977267900751  0.12024270000383577  0.12957286328348053
  0.13901345770057150  0.14860744806479664  0.15813241532932298  0.16755067289247599
  0.17718279101891679  0.18705675024768151  0.19738001464294638  0.20831925041594326
  0.21990295348613781  0.23147777800595432  0.24293818845871371  0.25435921626472768
  0.26566198133363461  0.27669655920581970  0.28774642420585061  0.29932212583112339
  0.31079319375285425  0.32223529360205666  0.33359626332973047  0.34507177571371866
  0.35661612521674890  0.36828625338611870  0.37988226336534958  0.39148842596349187
  0.40349160702126302  0.41562009612797041  0.42733198354209090  0.43898344017362873
  0.45083844091690228  0.46266662450183926  0.47460441607724413  0.48712407271745217
  0.50043022814020588  0.51375195899576998  0.52701652583987624  0.54006409088138296
  0.55286999237451928  0.56564836009210917  0.57841001409428316  0.59108534605943241
  0.60329990345010986  0.61512180699368946  0.62677834321327863  0.63861740316992421
  0.65051215244965288  0.66218389967014801  0.67377795008584074  0.68520891528089978
  0.69655832966932918  0.70791953412430519  0.71932567731087416  0.73077764447318561
  0.74228834971409841  0.75375988563470075  0.76507334830084517  0.77620586218627596
  0.78718361250609636  0.79799181695126453  0.80860784232634075  0.81892945859076827
  0.82887586682852876  0.83856462729934478  0.84812152197431434  0.85765081638600305
  0.86738521465397578  0.87728527134169565  0.88714482548162443  0.89670388749406327
  0.90559049926803925  0.91429069853323275  0.92305957481215151  0.93167083958970520
  0.94023982604403633  0.94858893814961176  0.95687700912617812  0.96532864246307881
  0.97396112925235889  0.98247457127530657  0.99132143915377258  1.00000000000000000
 -0.00237519467003770  0.00969249392662275  0.01919295146008855  0.02924841045356379
  0.03931988761868101  0.04963326444725792  0.06025800842186781  0.07064715400683262
  0.08138312408375546  0.09227002102382979  0.10317726913656070  0.11377272485600483
  0.12415180383563544  0.13450738178274421  0.14492966045919353  0.15555226531876373
  0.16615468806851161  0.17668814227851518  0.18706731480778943  0.19723939869893153
  0.20747861347327307  0.21785114693511920  0.22848117006085100  0.23910843441249846
  0.24954928609141569  0.25970794805872688  0.26989413411275620  0.27987529394076088
  0.28996182908520651  0.30028430629120462  0.31072902719270123  0.32106024589900795
  0.33134107489558245  0.34174080135926094  0.35225245673641525  0.36268650361622912
  0.37290900424312040  0.38293320136109138  0.39299985151882511  0.40330623907046792
  0.41376483194635383  0.42427142711365307  0.43496977797592645  0.44582550674556770
  0.45645589453600560  0.46661945879559974  0.47645605032028882  0.48635189813236374
  0.49625324207569849  0.50597360667273039  0.51571465855194243  0.52585028055023875
  0.53629277159989142  0.54691722681364530  0.55748143782317350  0.56805418555844223
  0.57895178781441725  0.59000071817004207  0.60120122139768717  0.61222914252088656
  0.62331604948987407  0.63486763435168914  0.64659216584862500  0.65811435833732668
  0.66927000745491927  0.68032384415563618  0.69153656976813993  0.70264984619361937
  0.71347456376507346  0.72406268305497545  0.73481143581015518  0.74573757164977461
  0.75653035605060881  0.76711663090731752  0.77766192497548148  0.78834136067086102
  0.79914376211743798  0.80981969109702534  0.82042973949807874  0.83094406909683938
  0.84145834872052627  0.85198315923034085  0.86286162668804656  0.87403608086334916
  0.88507060171650442  0.89571534095881378  0.90606454664023617  0.91594112004968187
  0.92602567611174014  0.93625972688115389  0.94669554157574864  0.95763798994522631
  0.96852250696044384  0.97910153380416887  0.98949933134869161  1.00000000000000000
   7.1590531697591919E-010  -1.0000000000000000     
 T F T F T F T F F F F F F F F F F F F F F F F F F F F F F F F F F F F F F F F F F F F F F F F F T F T F T F T F F F F F F F F F F F F F F F F F F F F F F F F F F F F F F F F F F F F F F F F F F F F F F F F F F F F F F F F F F F F F F F F F F F F F F F F F
  <DiscreteSampler_grid>
  grouped_processes
  1 # 1 for a reference and 2 for a running grid.
  10 # Attribute 'min_bin_probing_points' of the grid.
  1 # Attribute 'grid_mode' of the grid. 1=='default',2=='initialization'
  0.0000000000000000 # Attribute 'small_contrib_threshold' of the grid.
  0.5000000000000000 # Attribute 'damping_power' of the grid.
 # binID   n_entries weight   weight_sqr   abs_weight
    19   10   1.630769572913026E-001   4.584602330361914E-002   1.630769572913026E-001
    25   10   1.779747850755587E-001   5.832711872586199E-002   1.779747850755587E-001
    37   10   1.854499577238851E-001   6.676283773410463E-002   1.854499577238851E-001
    43   10   1.510487779868211E-001   3.817584868637770E-002   1.510487779868211E-001
  </DiscreteSampler_grid>
