 -0.00000256488710956  0.00011011848712433  0.00047433030015935  0.00099340522651084
  0.00165371029427537  0.00241479449225351  0.00324630719338517  0.00413210331516763
  0.00504525482525650  0.00598130064226052  0.00695618964081896  0.00794777702999913
  0.00899729558021761  0.01008057026539556  0.01118469481750092  0.01235263598219556
  0.01353598992456947  0.01466584620953003  0.01583108595251398  0.01697497737739003
  0.01813346579127129  0.01931197954581482  0.02054131028578381  0.02178347177400682
  0.02301535702761980  0.02423809596610688  0.02545513300281251  0.02674839547991573
  0.02806170573944961  0.02937335506344389  0.03068689847047028  0.03198916086413675
  0.03328199941891407  0.03462828990992162  0.03600814978658756  0.03738381582902253
  0.03876034913790202  0.04012953852668042  0.04149606639765049  0.04285054600592784
  0.04419437624096369  0.04554487172462242  0.04693454530784698  0.04836041846892478
  0.04976571513110855  0.05118049305434678  0.05263163832312979  0.05409399984111515
  0.05555104389893076  0.05701977696103387  0.05845267172234253  0.05993585873514946
  0.06145069363129485  0.06298850875754221  0.06454059176872390  0.06609957733658368
  0.06765536558477976  0.06920597611647061  0.07076599213124497  0.07234906282085983
  0.07395475191713728  0.07556788957274481  0.07716765175625756  0.07880092466188723
  0.08051073391777568  0.08225858306974489  0.08406434639417797  0.08590713528252535
  0.08778027774872267  0.08968875402451353  0.09162540314741334  0.09360157929558331
  0.09556821115003374  0.09753295328163079  0.09953406117821058  0.10153970835402787
  0.10356953233314507  0.10566667820853939  0.10804375367724479  0.11060514850767376
  0.11323800315767511  0.11593697478514924  0.11875932029494191  0.12169656707726144
  0.12474887649392775  0.12796446764748159  0.13131748923345574  0.13464213122964405
  0.13870382056297784  0.14341402555830449  0.14893480479696850  0.15559218358637777
  0.16410499321349309  0.17813486656220670  0.19463641655354241  1.00000000000000000
  0.00953895514811830  0.01638370683547590  0.02585185715565314  0.03631784894420984
  0.04675510202463642  0.05750095036289068  0.06772195369598941  0.07740148851120479
  0.08756051375750185  0.09803790683806704  0.10844469271382887  0.11878454984097588
  0.12932457497303110  0.14046317753516444  0.15180316164928939  0.16294297121056797
  0.17392557382554943  0.18475444241793712  0.19546964510943496  0.20610476102518399
  0.21672222085371742  0.22721173652282831  0.23742028961957798  0.24778649643843112
  0.25866865918970627  0.26985329345884934  0.28067995003799795  0.29137226447495312
  0.30223642918026061  0.31288716318708421  0.32325354514481086  0.33361120527544313
  0.34418265563276962  0.35463638164342026  0.36472922695915888  0.37492404232924587
  0.38558729001490966  0.39640403676952335  0.40729480322718437  0.41845606105865385
  0.42993448787372851  0.44128885511877081  0.45227047719429347  0.46284326474044241
  0.47305840655273529  0.48334069960894682  0.49372499488488675  0.50428559468761269
  0.51479449427888402  0.52548389178054644  0.53634052347095107  0.54736089229436258
  0.55858073511863771  0.56963543346769352  0.58054808645404077  0.59146034443066298
  0.60216551983483424  0.61234075220755002  0.62242195936184697  0.63265921019917781
  0.64311298230718861  0.65381532096047246  0.66459757373800066  0.67510683329640020
  0.68529747901567906  0.69549499021091610  0.70555133431743910  0.71550930956555581
  0.72518453703477281  0.73499036060395972  0.74488559448152902  0.75519091260276661
  0.76616471846210932  0.77670567771493870  0.78700458591604561  0.79711715443207198
  0.80730479075295036  0.81750313068225777  0.82745249958815070  0.83735972932947966
  0.84750949703548339  0.85774874589183137  0.86844008891610402  0.87915164435992266
  0.88987087357448991  0.90034418335351996  0.91106925159556218  0.92126500651951115
  0.93140019715266920  0.94150459661304875  0.95192631983687304  0.96232174527393044
  0.97245058737088830  0.98200506798922704  0.99134237496019117  1.00000000000000000
 -0.00225537474635989  0.00900084172903174  0.01902021979491854  0.02904704422899441
  0.03986760533975213  0.05046809677862160  0.06133831829700877  0.07212863920221207
  0.08290024548602092  0.09349817422788143  0.10462530183297739  0.11660423513541990
  0.12835440266393003  0.13933229722514356  0.15032123035232109  0.16138970142736256
  0.17238771605064884  0.18298051160400725  0.19346337820497786  0.20403164151055400
  0.21495422925365790  0.22586334762513696  0.23651804525461539  0.24708242098293506
  0.25774925249823760  0.26851865893679205  0.27919863571782633  0.28981444489576935
  0.30030308747983414  0.31069542270079697  0.32127447966542183  0.33176861810513308
  0.34208687575568181  0.35247529639349801  0.36350350269902526  0.37483755191962737
  0.38578657491365059  0.39663016942789009  0.40736235577291929  0.41819395811493515
  0.42876957550987099  0.43937875363176404  0.44994043707314690  0.46061164318082448
  0.47151225957721427  0.48257659123257440  0.49371869201346941  0.50474467343401797
  0.51575289441976058  0.52656470656591459  0.53737530034485237  0.54813176600237890
  0.55897167065361641  0.56987382104570794  0.58049752594188253  0.59046943463291213
  0.60027407137843891  0.61014643061888729  0.61986165564846651  0.62950666909389019
  0.63914366572109460  0.64889890539444994  0.65893747021854621  0.66906293226890745
  0.67926347308339041  0.68951937074717806  0.70001008330544523  0.71091597053415356
  0.72213041404438383  0.73299356411056082  0.74335643710806865  0.75331160419980481
  0.76301089444877535  0.77265383678347743  0.78244248651185322  0.79230871084499732
  0.80255560485859234  0.81299807303385518  0.82407015592275823  0.83534964885776497
  0.84666094443541540  0.85776119098330705  0.86877849200816037  0.87934338776270626
  0.89008744116784555  0.90069820047671645  0.91117761629701133  0.92164000680599323
  0.93222652890194990  0.94238037090237037  0.95239920802585787  0.96191513774008708
  0.97142906853767497  0.98101333678031410  0.99044262674382499  1.00000000000000000
 -0.00253583159924891  0.00962221678670323  0.02002585472621626  0.03081312767414555
  0.04171281799558634  0.05221093010926033  0.06272202074752367  0.07353676206351911
  0.08424957913178760  0.09423524221442775  0.10417855162814482  0.11420291597677724
  0.12441856326718845  0.13470330181041137  0.14466305242971636  0.15511509546089286
  0.16522696363613515  0.17617723700959689  0.18738615726776861  0.19865212469822319
  0.20967217702837079  0.22027617522387000  0.23088103830386500  0.24140389087898265
  0.25177077793749125  0.26196308678852481  0.27224479301854954  0.28304403279008855
  0.29392031602806823  0.30467284753546686  0.31539184804422338  0.32611441015394571
  0.33684236643202187  0.34738315214164295  0.35782258462092464  0.36817155781817196
  0.37847776260111504  0.38895259936910265  0.39948624673341493  0.41008788013914926
  0.42098590756399640  0.43220502603750566  0.44305158903264258  0.45326172709444257
  0.46399436046362003  0.47481892154148658  0.48582696622968513  0.49659878457247630
  0.50733239038829192  0.51763354178461252  0.52774897168551205  0.53788899295547932
  0.54809528437191213  0.55810038982962951  0.56794604223935197  0.57803471575886722
  0.58840106258855707  0.59901752443164313  0.60925486843127474  0.61959003871421503
  0.62983261590483997  0.64039003601460120  0.65079416365392839  0.66133778091213946
  0.67183200943430044  0.68246914703906436  0.69356364482938515  0.70477937972459903
  0.71582626090930979  0.72669620304752491  0.73728400209618550  0.74771009707808600
  0.75788036850987051  0.76808843546058336  0.77831710596482817  0.78881830209720527
  0.79929009668930873  0.81003369404739922  0.82079742022435931  0.83154125416189517
  0.84227352078622730  0.85310694328420045  0.86412184123865476  0.87477512551509917
  0.88500313896216620  0.89499396705354495  0.90500994728259498  0.91520787161130035
  0.92608472042461965  0.93677791685527534  0.94727841381889344  0.95753764383044104
  0.96803014885350946  0.97860068729785843  0.98913465520344579  1.00000000000000000
 -0.00246803696123542  0.00941737983340289  0.01969814672016256  0.02984927322705680
  0.03991367437384775  0.05039228913017325  0.06037758016727426  0.07058473807072463
  0.08046893971636315  0.09088377162442879  0.10174829022910305  0.11281500805224340
  0.12405958577782829  0.13553710183806450  0.14652133093857986  0.15738243399078133
  0.16782841328317383  0.17809562567017745  0.18841803017760753  0.19887700409007911
  0.20953468746381376  0.22037306530650294  0.23145968721032803  0.24288647351574047
  0.25450405195055470  0.26580013465385227  0.27652738545591049  0.28668770616226752
  0.29676956059947129  0.30694204624327381  0.31762873891238941  0.32807687837069566
  0.33928123890797263  0.35105457551613428  0.36283127913260371  0.37431028890059120
  0.38519661173338882  0.39551737999983466  0.40550386697825491  0.41536866257958649
  0.42544914642113146  0.43578247439590090  0.44637037985647104  0.45703161716322538
  0.46800204212384272  0.47911155550058176  0.49032611330200232  0.50139582069623256
  0.51212489564763530  0.52255675035928295  0.53275876317995430  0.54301331228879135
  0.55315456810451336  0.56358315200003684  0.57451689129811501  0.58567089623822943
  0.59697894494138481  0.60830474862083950  0.61951456179148534  0.63044526108573884
  0.64115679785857194  0.65183333860582027  0.66248002857816357  0.67275518036426929
  0.68286154707366253  0.69313022723455420  0.70352074702795286  0.71395835385422268
  0.72438627762236085  0.73489003443498457  0.74558184010531570  0.75649531253784075
  0.76751363989161014  0.77829248496978476  0.78888454287257526  0.79963389924623829
  0.81047049038635577  0.82119706823970329  0.83176789183037436  0.84215733484794986
  0.85213406495708865  0.86145519179733765  0.87055957049577026  0.87985906335501984
  0.88935132347470625  0.89886343682029590  0.90845470868427336  0.91819935690306542
  0.92880133848509605  0.93920199806951166  0.94909904917344612  0.95861842702156708
  0.96876629738955322  0.97902022916354015  0.98946812231942283  1.00000000000000000
 -0.00239749570376323  0.00956232768251255  0.01994290645316411  0.03074877476751262
  0.04148347009893101  0.05176213647465456  0.06201446007156173  0.07244394794394786
  0.08242889770482906  0.09234725858936055  0.10222964888302394  0.11246557176439907
  0.12290640911172793  0.13363253553231758  0.14475251356761085  0.15602936912539214
  0.16755231388783681  0.17930782975986923  0.19100504112062813  0.20155773508436040
  0.21242693032776203  0.22305265836281191  0.23356424266504294  0.24428486213868142
  0.25518118150380753  0.26686572283664350  0.27820869948270127  0.28952523250094236
  0.30013854847583055  0.31064993123960055  0.32148265362101069  0.33244567355183507
  0.34309564782802543  0.35361488090675625  0.36455308900907191  0.37542063487070465
  0.38630928911712870  0.39698569325991273  0.40773932851881178  0.41828094017664308
  0.42880419499418809  0.43897857301223636  0.44869663715415081  0.45820546077381941
  0.46798748890389452  0.47782765931685617  0.48768034004169936  0.49744507595107906
  0.50737168508090624  0.51736330452169421  0.52774365651617028  0.53807622684484380
  0.54874014915539493  0.55918766250371899  0.57025961762968136  0.58067608849221575
  0.59080806732676838  0.60090513712420457  0.61105980931202031  0.62118091843478462
  0.63149632070144368  0.64189467788884158  0.65256310474302492  0.66297135527848738
  0.67440300712991774  0.68609763264259360  0.69714037421349173  0.70802360673336184
  0.71859928543939533  0.72917764826085207  0.73901510037384521  0.74894366182544703
  0.75964085421903127  0.77014488426055883  0.78042471082630926  0.79029397817334734
  0.80100561016127958  0.81154632149507200  0.82221897737804372  0.83299257122868919
  0.84361632016985399  0.85423503654721589  0.86430801532837276  0.87464760878993431
  0.88439951790450899  0.89450775025094686  0.90483767312455621  0.91502000487656454
  0.92497012409547585  0.93530423074247859  0.94558146664920595  0.95615562785821806
  0.96668407849655258  0.97754454943754077  0.98887892486289575  1.00000000000000000
 -0.00184596315031315  0.00682881529212012  0.01532271795246510  0.02391898891471819
  0.03221258595160263  0.04023881184742163  0.04850794106718792  0.05706390086495811
  0.06573318612713575  0.07460126675380950  0.08362443964715233  0.09295688028656056
  0.10233747310230543  0.11136121343496037  0.12060706539001656  0.13022665435852332
  0.14015967184096187  0.15046597743916165  0.16089848183031308  0.17163459750358440
  0.18240916494187270  0.19328340100940988  0.20415151692915728  0.21505996020521750
  0.22600326640362706  0.23680142564564491  0.24740265495602412  0.25765271668825018
  0.26771398892294057  0.27780048410913433  0.28800755351593033  0.29845873381918342
  0.30940954069472670  0.32091535057648829  0.33283501663869747  0.34526986593036924
  0.35773529333528470  0.36957772570632463  0.38126743862168644  0.39286871843343235
  0.40486693168024873  0.41689372805310126  0.43004016651186572  0.44288396523626250
  0.45510978110214101  0.46724118642061024  0.47906053199562815  0.49083732048038053
  0.50291342869654287  0.51563560574161094  0.52862558121499814  0.54149062872238407
  0.55407796670750098  0.56641063556050941  0.57863560242458367  0.59072669097576380
  0.60240762711176887  0.61363992672211221  0.62470893218502543  0.63580539760336563
  0.64689080628921303  0.65813722117748363  0.66984362436551437  0.68210146263698013
  0.69453404581441347  0.70676957636323934  0.71867565221085117  0.73024863588440092
  0.74157240009390923  0.75256385225963729  0.76314476298206013  0.77332812959175967
  0.78328505126504511  0.79328052034178465  0.80339834575209834  0.81367084253885791
  0.82410671433448113  0.83457137984202889  0.84496012552699085  0.85514170260927658
  0.86530730303037440  0.87549276964147704  0.88570949648488440  0.89577337627698084
  0.90540152219196535  0.91459166028322370  0.92357548565023984  0.93238986753095410
  0.94141020816779752  0.95035705660366554  0.95916951328151623  0.96731233118268600
  0.97541980174004816  0.98360840030671826  0.99165520868657131  1.00000000000000000
 -0.00245929219249256  0.00932117346127550  0.01940708300163457  0.03067150261681413
  0.04194875142715027  0.05259837983176526  0.06293946262389219  0.07319550118066007
  0.08372855146616846  0.09438574498930753  0.10547971719642688  0.11607990579688630
  0.12678548040743801  0.13682672720505465  0.14686641171509754  0.15662514061807528
  0.16641826576346125  0.17620728703256591  0.18646277528791758  0.19738061489285533
  0.20819845188723290  0.21803528202654673  0.22784357132268906  0.23769610943769293
  0.24773009171359825  0.25800923226203276  0.26859319153665001  0.27955559961510179
  0.29061167746627808  0.30197070080119975  0.31333555255137480  0.32432911876568271
  0.33512797297736757  0.34577699385348420  0.35650723177560623  0.36718795569832197
  0.37778064613241874  0.38795914296779016  0.39796994035397837  0.40780673892016317
  0.41764987919588337  0.42747394146873641  0.43762893603537700  0.44792035126688678
  0.45828719214695990  0.46851004228002002  0.47906596225409193  0.48999859726086792
  0.50135052030934601  0.51244112262618646  0.52339506002654457  0.53458817978183581
  0.54558641538122621  0.55639759455595883  0.56723416552154204  0.57786964878617852
  0.58796774846898536  0.59791830888242414  0.60757933375588979  0.61732134688283247
  0.62720908557374622  0.63773206199526011  0.64844834696331932  0.65939670946309692
  0.67050193658078650  0.68170753387998195  0.69277898398953808  0.70361107644633503
  0.71433544219069767  0.72508171101217034  0.73609053176553174  0.74744906147412227
  0.75868686172163724  0.77001855571346778  0.78186676359403495  0.79352724444137945
  0.80427768585263781  0.81481823543736831  0.82534392673409351  0.83551372475374175
  0.84531325411588887  0.85510138312643225  0.86508617159301138  0.87471370335670273
  0.88474071995070558  0.89469945359692205  0.90498688771333102  0.91534688794667762
  0.92604868815068264  0.93689837613754134  0.94740264949869701  0.95774600867012949
  0.96802578943888151  0.97824466629049933  0.98919008913044748  1.00000000000000000
   7.0626547655810913E-010  -1.0000000000000000     
 T F T F T F T F F F F F F F F F F F F F F F F F F F F F F F F F F F F F F F F F F F F F F F F F T F T F T F T F F F F F F F F F F F F F F F F F F F F F F F F F F F F F F F F F F F F F F F F F F F F F F F F F F F F F F F F F F F F F F F F F F F F F F F F F
  <DiscreteSampler_grid>
  grouped_processes
  1 # 1 for a reference and 2 for a running grid.
  10 # Attribute 'min_bin_probing_points' of the grid.
  1 # Attribute 'grid_mode' of the grid. 1=='default',2=='initialization'
  0.0000000000000000 # Attribute 'small_contrib_threshold' of the grid.
  0.5000000000000000 # Attribute 'damping_power' of the grid.
 # binID   n_entries weight   weight_sqr   abs_weight
    19   10   1.457649647742432E-001   7.654067446204599E-002   1.457649647742432E-001
    25   10   9.733742419804110E-002   1.791503751599336E-002   9.733742419804110E-002
    37   10   1.031680871557354E-001   2.252197953837897E-002   1.031680871557354E-001
    43   10   1.341582917828300E-001   5.030434832135350E-002   1.341582917828300E-001
  </DiscreteSampler_grid>
