 -0.00000001025514936  0.00001293864866903  0.00009862039601810  0.00028407132021962
  0.00056918695475300  0.00093003110206277  0.00138037755152117  0.00192232277716891
  0.00253163970442149  0.00322807104312921  0.00397540185349616  0.00475813970531049
  0.00556929564373086  0.00640336423015940  0.00727964139542276  0.00815759061236369
  0.00914221415223673  0.01013739658762188  0.01114165896549789  0.01219707047967271
  0.01326548958041665  0.01432417416672682  0.01539489423754149  0.01653168499169537
  0.01766085027320870  0.01878594549644828  0.01995546755337889  0.02122845430408785
  0.02247659367377060  0.02372194725086833  0.02494211470501758  0.02615719193198578
  0.02753608673219795  0.02893761597512556  0.03034775877430862  0.03170431515661722
  0.03300741254837664  0.03433328496145068  0.03568813230858153  0.03705374779088180
  0.03840899997161488  0.03974369208981962  0.04109614137093997  0.04247940206865255
  0.04383842141254531  0.04522128309760733  0.04669649769767688  0.04821414740904669
  0.04973127268392123  0.05124095710871035  0.05276442876972754  0.05429106899160759
  0.05585068540617955  0.05739743541980574  0.05899037918222839  0.06063736317364202
  0.06231120211678031  0.06404694490484712  0.06574561981680917  0.06744029049588547
  0.06913739818940932  0.07084648210867737  0.07258180658160888  0.07435952983864494
  0.07614552603464139  0.07795777365045549  0.07983238589796689  0.08177819115183341
  0.08380420995433546  0.08590997394674087  0.08805875630519280  0.09018492883555462
  0.09229326180727387  0.09438869438873648  0.09649702093433203  0.09865641703390662
  0.10080861806206713  0.10315805776512187  0.10567215062569635  0.10840550404541438
  0.11133807838112045  0.11436098290651392  0.11746224638599342  0.12068553298469012
  0.12396877891268362  0.12741624266473245  0.13110217434549257  0.13482065809696162
  0.13852729111477111  0.14425726623940188  0.15087737801150053  0.15816997769787533
  0.16714890056753315  0.18047694816810020  0.19410549731872714  1.00000000000000000
  0.00964263279117034  0.01516663295557117  0.02411058585593642  0.03469840201737108
  0.04491271436690285  0.05494901211768528  0.06555968362615189  0.07723297376001349
  0.08854261944647168  0.09885620753678723  0.10949354776130722  0.12046345825846476
  0.13116404761905151  0.14162204548741553  0.15239863611288659  0.16368229785287874
  0.17458490745088417  0.18479852126971361  0.19492162370136304  0.20520034463690795
  0.21598496318279570  0.22692290215968070  0.23688319599637497  0.24665567444632866
  0.25629918422971432  0.26615680617807852  0.27587493139735397  0.28543190210550951
  0.29523852525103222  0.30558887466039220  0.31604186098258735  0.32658706459446352
  0.33699871857037722  0.34742100719725649  0.35784331900392130  0.36820466404206503
  0.37867201018503283  0.38932429137513452  0.39996357355924000  0.41036006434516520
  0.42116767829137308  0.43256197422268677  0.44326330278682091  0.45312754934772898
  0.46317653902077294  0.47314635434535673  0.48278951960205307  0.49216450676787549
  0.50164048726889832  0.51140615749823415  0.52140271989643761  0.53141169084887552
  0.54139073557936934  0.55144940655650576  0.56174711823936196  0.57241457689365483
  0.58347091024940834  0.59476481992739694  0.60622314932797761  0.61796816409690403
  0.62971030321376653  0.64110246323914599  0.65192031845574716  0.66246918691879864
  0.67295368131876354  0.68347978663850517  0.69431763977423933  0.70542918835932533
  0.71638043339813362  0.72688970011981824  0.73703419177909835  0.74761173983493390
  0.75832716596644600  0.76930830203611378  0.77962622961853711  0.78999999482417871
  0.80033772455263230  0.81074654996025208  0.82089688191537002  0.83060555877084363
  0.84040334381263360  0.85036227598191938  0.86002654235607345  0.86943145894890894
  0.87902592995022122  0.88922932004658006  0.89946463426240242  0.90940430203322176
  0.91944765185910904  0.92943397975084696  0.93967437213141114  0.94978503898981581
  0.95970898213253741  0.96994953109155246  0.98001945974871796  1.00000000000000000
 -0.00248309571431127  0.00994846893517232  0.02080533878011200  0.03208285905181051
  0.04267150866859162  0.05228595644680668  0.06160820089964404  0.07123028284527770
  0.08108617903127563  0.09134596990186829  0.10174485151635476  0.11295879725799891
  0.12442830392348991  0.13566560581152168  0.14682975068300366  0.15752397073714725
  0.16797592453501384  0.17821355920343362  0.18831107172223491  0.19872104224304163
  0.20969044548798382  0.22110089833686752  0.23224838579203855  0.24330346071921710
  0.25418282163394301  0.26514591417758571  0.27605755422015038  0.28697317585171717
  0.29813664031862386  0.30935635392174715  0.32085262304436302  0.33213044684142917
  0.34293958321008927  0.35335294220198848  0.36359750860080625  0.37387944339951412
  0.38379259905575519  0.39362749008930575  0.40348150637729174  0.41321078813181156
  0.42249349380552842  0.43194831752378970  0.44233585481224791  0.45304943821241717
  0.46338997234615503  0.47397527313306026  0.48466087572841832  0.49585184337385407
  0.50640738155248277  0.51714182081748294  0.52763296053532549  0.53828217035873449
  0.54839906127093352  0.55808222154627307  0.56751560041550753  0.57664753784941891
  0.58651548832657452  0.59658921317661573  0.60666811719806735  0.61669615391022214
  0.62691654863659252  0.63777333050384177  0.64950731743237411  0.66171193494188940
  0.67344756602191702  0.68399715374147119  0.69458563703558263  0.70479594920762534
  0.71492709366683038  0.72490582537488735  0.73583668595406948  0.74779776310677748
  0.75898207894865610  0.77032851142094028  0.78071914705530476  0.79076341037101228
  0.80023593666387616  0.80976585024611869  0.81971232591110477  0.83008662610432826
  0.84065361969864827  0.85081930713798426  0.86124352724906905  0.87171028983847576
  0.88253461117442833  0.89360511836411050  0.90428455260381546  0.91503372241588254
  0.92528651938065587  0.93604505661668536  0.94723518140209906  0.95830961907166823
  0.96923304703783930  0.97952609723794082  0.98972309843168038  1.00000000000000000
 -0.00274100466979034  0.01051936317372663  0.02134690666268546  0.03273527764727991
  0.04348235088818993  0.05394761739428976  0.06443247833765188  0.07513468658124473
  0.08570905991354642  0.09587242390938679  0.10595942433315456  0.11553651902272037
  0.12539085521464199  0.13546955721337253  0.14563997869352022  0.15562180854453714
  0.16570046822304313  0.17631524036932161  0.18678818268746292  0.19678444957626498
  0.20647918565833145  0.21669732765366873  0.22739444881579676  0.23769280936513904
  0.24740089512200253  0.25710662447074462  0.26688325507758831  0.27681344446601419
  0.28703687250825960  0.29775335751061227  0.30859283285618883  0.31906007526665825
  0.32931557312912801  0.33985585712110467  0.35048690868552074  0.36091760922635374
  0.37086910670698398  0.38079369007154396  0.39098185347903147  0.40108378496775793
  0.41087655700917503  0.42083066450631806  0.43131895677519400  0.44208285615913306
  0.45267699065860861  0.46372777291260470  0.47536427269720832  0.48656024171296597
  0.49743992562513867  0.50820054520052271  0.51872970863981738  0.52893906786568134
  0.53904448564251428  0.54940336693337910  0.55998431601286069  0.57079348463269386
  0.58168502656650256  0.59299550448893035  0.60451331422632182  0.61562498107334174
  0.62668528481507868  0.63767503973234230  0.64839687012136105  0.65896827962001447
  0.67008984275603001  0.68219439992705155  0.69482335833683817  0.70672700330642912
  0.71805317823038739  0.72885825551039052  0.73949226358394116  0.75010869118168022
  0.76075163232040111  0.77168398659786808  0.78268775689185766  0.79365319152898250
  0.80410570417832317  0.81449755270875879  0.82468688736889684  0.83509136230640124
  0.84528471636864477  0.85577718763690303  0.86668951730828869  0.87734852625405046
  0.88809035275857995  0.89853417119660250  0.90899234155068276  0.91932285120393686
  0.92973671944291014  0.94001134131595210  0.94984616423015689  0.96013439476540519
  0.97066401166239269  0.98076312588566306  0.99032085287112848  1.00000000000000000
 -0.00262113327922128  0.00932959696102489  0.01948417768674292  0.03032933013118461
  0.04102861981378513  0.05177083257898725  0.06232057942007688  0.07275047950601826
  0.08316452496573715  0.09374032799911010  0.10429526957487563  0.11488152153691179
  0.12553676213970344  0.13685237508361203  0.14811021970077642  0.15934342512075922
  0.17007563295924655  0.18104186304036418  0.19142248648822149  0.20154919464058185
  0.21108627995113180  0.22053169226344771  0.23017649295358641  0.24034315048703481
  0.25051119491421980  0.26075538203264526  0.27123462147534982  0.28229031103942093
  0.29316936542919847  0.30349301188734562  0.31394316098887315  0.32445120619004791
  0.33496375379012738  0.34521823058163559  0.35567711317133061  0.36653813671544483
  0.37760809299632081  0.38853415530987118  0.39919468251366991  0.41002402134824889
  0.42070219298949907  0.43119785740685540  0.44152159033248584  0.45178505659735696
  0.46183770449355654  0.47184052529171505  0.48205528233366701  0.49305064259507103
  0.50397164652531212  0.51446862371979740  0.52491015563287380  0.53564431150021152
  0.54648923375123004  0.55720566572259633  0.56782926046154381  0.57831528992658376
  0.58828093187046060  0.59791629863065399  0.60774778240574645  0.61791609149432547
  0.62811958273606738  0.63857847578921711  0.64917396339865152  0.65995093596767151
  0.67070255852658944  0.68117354447893019  0.69141583206024826  0.70115872723684525
  0.71092907621471846  0.72005133550446621  0.72912063666165894  0.73854607985790699
  0.74831191344512349  0.75853945567956405  0.76897640814048762  0.77979293949433093
  0.79071045180912136  0.80149269026418957  0.81231120187016848  0.82291632029815209
  0.83312216847371234  0.84333164553234108  0.85376932328693356  0.86434701388517632
  0.87512523491979644  0.88611295948989954  0.89720508616004913  0.90827531913947623
  0.91949617622945345  0.93096923517549157  0.94232778199625256  0.95358440169283165
  0.96519046696124022  0.97712400567077029  0.98856505837552511  1.00000000000000000
 -0.00200288838108258  0.00840710422374498  0.01686853526732008  0.02568663277207667
  0.03502342578888017  0.04496541816509184  0.05523275806563423  0.06509236028569301
  0.07494584013160832  0.08513402125309108  0.09533578798900598  0.10540256283105234
  0.11526720377720914  0.12537899184765791  0.13622276790083826  0.14738665095278217
  0.15862336955351325  0.16983479286848541  0.18108685675847772  0.19241687172944325
  0.20352037196190978  0.21445610746490681  0.22545120789566478  0.23646269223618710
  0.24804873106137740  0.25998912673554375  0.27209795525962566  0.28407520037846817
  0.29580112499706257  0.30690989419007703  0.31792939715088614  0.32895317250508904
  0.33851662117731229  0.34719917090592001  0.35613561572773372  0.36514976761733364
  0.37458908347408404  0.38437155924658400  0.39445662534055709  0.40534566428497598
  0.41675313303426986  0.42834057727958458  0.43954830183650351  0.45032773953912097
  0.46116979041916029  0.47245001867470432  0.48361764980945449  0.49421772403402964
  0.50452684735586251  0.51469850838199527  0.52494370877769303  0.53545323352275642
  0.54637858214551138  0.55749690584226963  0.56871411526922022  0.58010851394222929
  0.59124869662382507  0.60212422181700942  0.61252895500988880  0.62312117405568335
  0.63398001790050584  0.64500914913644880  0.65574301698865778  0.66586824834143743
  0.67562741443093666  0.68568116889770947  0.69610723860430546  0.70659328962014467
  0.71697240777934734  0.72742824531577022  0.73879128443586928  0.74999548651646952
  0.75989993267343015  0.76958450819437152  0.77931803439940217  0.78969444532347277
  0.79962221718032211  0.80921464862108872  0.81884863492745930  0.82848681563653326
  0.83801621874120158  0.84760474215921544  0.85751551615109034  0.86792431324656261
  0.87843541949084059  0.88942204645989997  0.90004926000017293  0.91035138006776961
  0.92078672771246706  0.93155358696789636  0.94252137951269632  0.95347521745962005
  0.96479536169002289  0.97658327485381546  0.98824974826712431  1.00000000000000000
 -0.00197843707977972  0.00653167693057054  0.01418303920955927  0.02230284437732653
  0.03101772137605344  0.03981270624314865  0.04820077200987116  0.05654637233813380
  0.06515999698744956  0.07420433862631087  0.08336229927386998  0.09243522587479308
  0.10159080534754379  0.11090364547407308  0.12066924935405494  0.13077898805904342
  0.14110888068162769  0.15140195087894395  0.16185772405346666  0.17270697497241905
  0.18380894260646949  0.19481138008150373  0.20571881782751691  0.21672798396582113
  0.22792633892931496  0.23936466103437232  0.25055492686003256  0.26139416582172675
  0.27239004512260884  0.28393361099078779  0.29554397406150096  0.30686391786351863
  0.31833599476193547  0.33013322693838909  0.34229563059960327  0.35484134974377540
  0.36744994839138267  0.37979119717344539  0.39186470659252298  0.40359182669272231
  0.41522179739524490  0.42695215618616955  0.43830637149337343  0.44915049915057287
  0.46014731344825727  0.47150213273504343  0.48334161797480368  0.49532669678441227
  0.50725330369515143  0.51915944282691617  0.53107831264382510  0.54293979332329778
  0.55452178946230435  0.56601060202853881  0.57770416166886274  0.58945973119568396
  0.60145794894005056  0.61286260096497047  0.62418659871246907  0.63478789778794997
  0.64550106806151486  0.65576991895646974  0.66577781939299185  0.67600452022346125
  0.68647432705958245  0.69745143359847350  0.70845571129347440  0.71939939354234261
  0.73039749610463778  0.74137712042753123  0.75254189351940892  0.76339464851665428
  0.77375324677194901  0.78424664118802401  0.79521126405955389  0.80632547545693956
  0.81697630794197496  0.82739903840290274  0.83758650185676997  0.84790388226711144
  0.85873423756624756  0.86981661043752290  0.88072153855370805  0.89147715780133296
  0.90237282290882392  0.91301817419340714  0.92238606504140863  0.93056748083165441
  0.93920165359244379  0.94770681599923279  0.95595983761695857  0.96421584938799110
  0.97244018172769064  0.98088633044748896  0.99042813683450448  1.00000000000000000
 -0.00259611614624425  0.01029405821313214  0.02050052805685226  0.03099807098598128
  0.04144697420302447  0.05196810863229483  0.06248280149058735  0.07257412559762294
  0.08293727123244427  0.09345941369174830  0.10424323778686874  0.11463827744632132
  0.12515387576855783  0.13600348792808528  0.14694960051267708  0.15793372756269525
  0.16854374606303074  0.17863825666416155  0.18870014939897914  0.19914346244377581
  0.20944761899017747  0.21976454096875436  0.23011853246030589  0.24074041717789837
  0.25132725871095141  0.26080873584136860  0.27038836924469217  0.27998092385585316
  0.28957478794775054  0.29943234835456345  0.30959765431452518  0.32096158019630555
  0.33297067000447345  0.34434235735856522  0.35541840117996665  0.36638344888177093
  0.37682117437241780  0.38727086009451595  0.39766895383773015  0.40805768136480958
  0.41799148027878197  0.42830433048783162  0.43839003727468384  0.44902898743762681
  0.45925286873367238  0.47166074671854219  0.48315898487855302  0.49424972139183954
  0.50478490280671984  0.51518523042706010  0.52542143045144996  0.53579036602276275
  0.54684194471093650  0.55810452775255559  0.56920317650936314  0.58053289664190499
  0.59195756707653868  0.60327399045238050  0.61446987270079978  0.62556734034612893
  0.63655889289128909  0.64739052776190142  0.65836407696134491  0.66896727583628390
  0.67878379600620298  0.68828226791411273  0.69767271349157622  0.70697520135935898
  0.71640821931548759  0.72608316907528059  0.73623972612358468  0.74648197630004520
  0.75633216343551346  0.76620390351731649  0.77633511335084182  0.78626872305586126
  0.79624082250026451  0.80659245577168126  0.81755894810595764  0.82876000683878626
  0.83937652639895266  0.84984311948896940  0.86034977434784488  0.87146494832359656
  0.88259090129020434  0.89401255942255808  0.90484393112635120  0.91534259441431076
  0.92518268068835430  0.93460830239007864  0.94490465667075707  0.95565498872805910
  0.96662362339695207  0.97758829637630107  0.98872490341598029  1.00000000000000000
   1.4105011284773779E-009  -1.0000000000000000     
 T F T F T F T F F F F F F F F F F F F F F F F F F F F F F F F F F F F F F F F F F F F F F F F F T F T F T F T F F F F F F F F F F F F F F F F F F F F F F F F F F F F F F F F F F F F F F F F F F F F F F F F F F F F F F F F F F F F F F F F F F F F F F F F F
  <DiscreteSampler_grid>
  grouped_processes
  1 # 1 for a reference and 2 for a running grid.
  10 # Attribute 'min_bin_probing_points' of the grid.
  1 # Attribute 'grid_mode' of the grid. 1=='default',2=='initialization'
  0.0000000000000000 # Attribute 'small_contrib_threshold' of the grid.
  0.5000000000000000 # Attribute 'damping_power' of the grid.
 # binID   n_entries weight   weight_sqr   abs_weight
    19   10   8.963128278473600E-002   1.281548285985905E-002   8.963128278473600E-002
    25   10   1.166185345170431E-001   3.005351201204408E-002   1.166185345170431E-001
    37   10   1.461666392711971E-001   5.157218202548297E-002   1.461666392711971E-001
    43   10   7.883844505005366E-002   8.860177362589412E-003   7.883844505005366E-002
  </DiscreteSampler_grid>
