 -0.00000001029629350  0.00001269091266854  0.00009754934853774  0.00027925638070784
  0.00056525666268534  0.00095870198374785  0.00141769691065660  0.00193803729730260
  0.00251860266146255  0.00317848477034646  0.00390427713930265  0.00470470538672261
  0.00554367628795627  0.00642093137842494  0.00737070970372544  0.00832071402473635
  0.00936044349014162  0.01034545564633282  0.01135635318493001  0.01240388204720240
  0.01347385303438121  0.01454805822590869  0.01572376891674769  0.01690987924460128
  0.01810269151520117  0.01930202805523283  0.02053942979159350  0.02186162109764022
  0.02315939261583982  0.02444472111027708  0.02573173545593205  0.02707314681154900
  0.02842403584274950  0.02978011321078455  0.03113699399081649  0.03249234422647665
  0.03385305382388049  0.03523250991000986  0.03662864917593109  0.03800517729458433
  0.03939476441516231  0.04080382175366858  0.04223988444914903  0.04365758773158456
  0.04506603441717615  0.04652151570693160  0.04800385698962665  0.04944968024485744
  0.05088616753826956  0.05234082020640767  0.05382126008593807  0.05532390696171826
  0.05682583082751122  0.05834591844297565  0.05990716368103616  0.06150324624877698
  0.06321190991932192  0.06489210648911012  0.06654832428564511  0.06820494137188880
  0.06987290568928674  0.07156116738689577  0.07327592393996003  0.07499765663392327
  0.07671965713571387  0.07853515585516264  0.08039550572147376  0.08239603294299390
  0.08451275679210787  0.08657879272298689  0.08862811324799105  0.09076732501654229
  0.09293024370362642  0.09510657675645515  0.09731477663499277  0.09952106965470324
  0.10175456339749343  0.10408834246220043  0.10658203482714217  0.10928087659223860
  0.11221573922397754  0.11515855550218206  0.11814267372263833  0.12119547498088025
  0.12433718544275510  0.12758910420631811  0.13097102895269921  0.13446384313533341
  0.13816791623326663  0.14340225965099393  0.14947062052897925  0.15651456330865920
  0.16521703366423898  0.17812559688260743  0.19455561167768029  1.00000000000000000
  0.00926733492067157  0.01619743376644594  0.02611549489838415  0.03700958615546619
  0.04770452510076218  0.05868067591184089  0.06971190676944924  0.08086524994626393
  0.09184788170593343  0.10304420884516731  0.11427318736947638  0.12516352342297749
  0.13563715750120697  0.14570989583366009  0.15566112194675452  0.16557874758141083
  0.17557885113899954  0.18570544635667280  0.19617392722956187  0.20701616578275955
  0.21795238202345729  0.22861740869125519  0.23913873719213410  0.24953856343841346
  0.25974775366976482  0.26995140920808974  0.28031787276780779  0.29098298617433771
  0.30182116936113440  0.31278657316279418  0.32397913512831744  0.33510505630949977
  0.34591145215253255  0.35643692233435237  0.36696931982053110  0.37729645027339664
  0.38716251481145292  0.39682248907947426  0.40687778774487010  0.41732507703587401
  0.42769778193234392  0.43811031439994774  0.44853756770926329  0.45904062424060288
  0.46916759606913422  0.47930175219427462  0.48933098953556159  0.49926027061226275
  0.50906827931762211  0.51894117438891141  0.52892073272619833  0.53907431556099017
  0.54927102947124362  0.55954054636451578  0.56944185290172233  0.57951131826771640
  0.58955977928349612  0.59922400090219263  0.60897414801845207  0.61911283474539847
  0.62962110949209849  0.64025453318050851  0.65081545978341893  0.66181578832058430
  0.67242410266992425  0.68253093905784590  0.69250399328622636  0.70257302005912114
  0.71257312700073350  0.72235221078805156  0.73205131081407115  0.74186413360024417
  0.75193866033167611  0.76240450028585738  0.77301948328023629  0.78357522347247532
  0.79374378829819836  0.80366463536791299  0.81351010143915770  0.82366549096192143
  0.83405594801949434  0.84499236540396427  0.85603781560292735  0.86663603757737973
  0.87705141683902899  0.88736391355217159  0.89808060433126857  0.90875935846128331
  0.91916823495041289  0.92957531939337379  0.93991219692955674  0.95034680562360752
  0.96047349308665864  0.97065723004209681  0.98050140045801215  1.00000000000000000
 -0.00244349033977405  0.00952889538557124  0.01932907221382910  0.02971863206739011
  0.04008774804927211  0.05023864050062953  0.06049056801439535  0.07042943980905453
  0.08038443198097955  0.09059468082702972  0.10059225400331591  0.11134785936312441
  0.12215933102295029  0.13268331592143082  0.14328188966454544  0.15359187377878519
  0.16386218865080446  0.17436180778339772  0.18484500340459639  0.19599259297749974
  0.20744003648428022  0.21916188006171580  0.23122234350803464  0.24290564222954047
  0.25412983986143589  0.26444154671824205  0.27503098524429181  0.28594601340408582
  0.29698020020967791  0.30741726311104922  0.31799304889192498  0.32887165193945300
  0.33969721808936770  0.35061828584048055  0.36159921955198188  0.37262356944300168
  0.38372827541749516  0.39453496733435467  0.40415927984623529  0.41402383276304694
  0.42375380358477188  0.43320180253130547  0.44220696740179138  0.45099685239710890
  0.46020271342570201  0.47029843895979173  0.48077282722441073  0.49125006324196491
  0.50167603824639129  0.51182218585081785  0.52230061721727994  0.53289683535932664
  0.54337496015172970  0.55378268215028958  0.56420281273485728  0.57486047934154905
  0.58569386126360901  0.59679695955363976  0.60805732750130448  0.61913897181986255
  0.62985146219373256  0.63995013404814660  0.65025854976225894  0.66091332420861693
  0.67225525629831118  0.68363755942749704  0.69505714300671384  0.70669630667261352
  0.71785159838858725  0.72947658876251276  0.74037761846106653  0.75125896448433604
  0.76220949353034284  0.77317546884972177  0.78394465736643415  0.79492284782112133
  0.80601609037358035  0.81662153746687394  0.82655461085498594  0.83624544174555260
  0.84603761226265306  0.85586729231430192  0.86567414770244488  0.87578032022141217
  0.88595080569977402  0.89586452103970926  0.90591749021091095  0.91600518042994017
  0.92595400339448775  0.93567692161612959  0.94553746876800870  0.95605914887013110
  0.96704254829305014  0.97823624780169938  0.98918189643827092  1.00000000000000000
 -0.00271038048216797  0.00990448017153487  0.02111627175753736  0.03250478903809965
  0.04373612181280908  0.05438900967002827  0.06506048831047384  0.07553288308527804
  0.08588289453501499  0.09577826318701496  0.10573084452459536  0.11492107408872028
  0.12412370774603398  0.13331584043975669  0.14223548401115077  0.15137296456924124
  0.16076309484202611  0.17058703290304211  0.18076136523512956  0.19100624334206950
  0.20124310805386600  0.21171322610952306  0.22227259004517019  0.23303557712586917
  0.24388451622069657  0.25445582502781816  0.26494339282839818  0.27572269970526597
  0.28682217161487783  0.29775206774514962  0.30870021676963300  0.31956004695947998
  0.33069317841190987  0.34194971596928586  0.35301502655999573  0.36396259940507641
  0.37491368082056714  0.38532659459173030  0.39586374342574387  0.40667263152752303
  0.41762505503665087  0.42857732085651001  0.43958669091525104  0.45098968028202230
  0.46194953903538843  0.47273856258179703  0.48348011815664732  0.49439067261921021
  0.50552539543468178  0.51675657613300141  0.52758349330109067  0.53798261628413779
  0.54828355954018282  0.55878041709176940  0.56941959288159172  0.58023911094964298
  0.59132361095705466  0.60238467230513726  0.61299196403488154  0.62346633755526570
  0.63421827233298744  0.64522554753938266  0.65574073689621459  0.66617238026841719
  0.67624004926769954  0.68612807131476428  0.69605238240620526  0.70619463849058728
  0.71766541639309323  0.72918118221687189  0.74088428203094936  0.75201175266487919
  0.76260924759912840  0.77303164588729956  0.78373947955680190  0.79460026864924505
  0.80558722032098939  0.81639816768433293  0.82700566976541534  0.83720974804442982
  0.84747587081047537  0.85731455465144857  0.86700613437489393  0.87635810469146835
  0.88643551525955733  0.89619759369113383  0.90683564241232861  0.91733370462364172
  0.92834836292886647  0.93905408487494035  0.94961698765015090  0.96018976346967921
  0.97006229179157299  0.98028134582104864  0.98999851297474240  1.00000000000000000
 -0.00231836262810134  0.01002357246439968  0.02147369244194596  0.03397740351561095
  0.04671916871834651  0.05864894477937430  0.06991556370205081  0.08077024109112135
  0.09162183241081237  0.10298307897258725  0.11477314190798624  0.12638570496089510
  0.13769216293553010  0.14903371277317676  0.16060823043473124  0.17230399276858671
  0.18387250821673803  0.19543414408000584  0.20701084416370402  0.21820904097382998
  0.22941935020019039  0.24036493547947180  0.25144721245052604  0.26253985570031579
  0.27316156423038246  0.28295667425031601  0.29277294205050164  0.30271752695792925
  0.31284790613428548  0.32316036940642778  0.33397396915244981  0.34535605016847154
  0.35660054165396388  0.36730216793554177  0.37794228410841774  0.38860742797774606
  0.39906317202595443  0.40923952733691726  0.41929279960305565  0.42936217418873074
  0.43997668985867666  0.45067989922422924  0.46170578051901845  0.47304036215132889
  0.48421347975350970  0.49411635647253976  0.50415266723827534  0.51377192732385568
  0.52385322427927017  0.53367324605200417  0.54361090525488986  0.55373741957102141
  0.56384634617810092  0.57378237684473876  0.58368388335919885  0.59352396094811821
  0.60306765770446558  0.61211921378224177  0.62116430438232317  0.63092607961619662
  0.64142282849747778  0.65178935902193780  0.66171166674424209  0.67185655257746668
  0.68242448646541753  0.69280534438160390  0.70301721415178142  0.71330854927478071
  0.72361752389505962  0.73378959768340868  0.74420494665092796  0.75455444077988831
  0.76469563023019993  0.77493411692856840  0.78537464514638089  0.79599202549290715
  0.80664774005693196  0.81749398777990145  0.82847075878899790  0.83910684972329797
  0.84925961461935495  0.85913732464747417  0.86882432523778430  0.87838606153461640
  0.88767362477898670  0.89725163365942706  0.90678625041956384  0.91593543071828198
  0.92612839282701609  0.93613516344959335  0.94659258243308986  0.95674919694287930
  0.96799270885153732  0.97928122798406414  0.98974991915698485  1.00000000000000000
 -0.00245212107384186  0.00984698209974205  0.01976457019621997  0.03025596886280795
  0.04025080771306776  0.05053658542228275  0.06072193168594878  0.07111993674410784
  0.08116221407718141  0.09112720671212063  0.10109894963949113  0.11132362150217831
  0.12154478698412351  0.13174938261415761  0.14167682373361767  0.15153450541962624
  0.16137995314974965  0.17144474575551300  0.18185832508008107  0.19281810819301798
  0.20422080376041732  0.21520927664522688  0.22567015761721446  0.23616775287744374
  0.24684073123423189  0.25771506076736461  0.26804294615440649  0.27835130148418813
  0.28879545462681122  0.29943551536989182  0.31005063494952956  0.32008377273998218
  0.32989267504922853  0.34000652803050579  0.35035850766016485  0.36035689136939580
  0.36970261100599999  0.37916998439180011  0.38886156799687216  0.39863737637027624
  0.40887911365603996  0.41973042304342784  0.43127899674682596  0.44363176182078451
  0.45600425716687892  0.46694277134372081  0.47765164386681158  0.48832411901235351
  0.49966063165056407  0.51048087230302608  0.52138535208711179  0.53238280293622064
  0.54333779865547516  0.55411501917349404  0.56482409297646874  0.57472364045084967
  0.58426133531768976  0.59331651001953023  0.60265828531849541  0.61332376227547880
  0.62424366364727424  0.63583875018042024  0.64678349665335222  0.65866417649770226
  0.67059447021116492  0.68247027539119010  0.69367810968028354  0.70447940705999512
  0.71536203403679677  0.72603208155115173  0.73620285931297025  0.74639444016244438
  0.75725504626781981  0.76842113282148106  0.77926041487716746  0.78999398661543241
  0.80061701338631264  0.81152707188275452  0.82284785030346141  0.83396718905339207
  0.84440661274483175  0.85466203045447275  0.86516166487057045  0.87572230348381108
  0.88615699571444662  0.89666990039537997  0.90741380449302733  0.91792481595170028
  0.92814451698172007  0.93829239066326808  0.94869928386577607  0.95901267073936203
  0.96885375847203625  0.97884878551043442  0.98915395961107189  1.00000000000000000
 -0.00200234554009452  0.00770167165639533  0.01530219663626695  0.02320418717539452
  0.03128762319115919  0.03930997764234033  0.04759093685734827  0.05593439904827400
  0.06479531780178194  0.07422739555125825  0.08362846800647881  0.09269342632379067
  0.10168423739101215  0.11079041932819968  0.12004850758657225  0.12932386928939213
  0.13853100633627055  0.14797135075282836  0.15787365676917156  0.16792024736392869
  0.17834847457308570  0.18902929374962391  0.20018526380393797  0.21139491421232975
  0.22241181982343178  0.23320958286997093  0.24445072344490362  0.25583980463965322
  0.26760083374262461  0.27945001796705476  0.29125844985022370  0.30289276943974602
  0.31464359979301082  0.32670595639193023  0.33880429887056640  0.35027813298005273
  0.36096050453377487  0.37130603246828209  0.38156203556574791  0.39237392836060664
  0.40352768751776930  0.41477570136509312  0.42615044748776382  0.43786548111630841
  0.44976749794074677  0.46173365688975671  0.47408316912063070  0.48707478235438428
  0.50024920987448029  0.51294752674853517  0.52561901209086637  0.53831463207478258
  0.55103197031177620  0.56378349753837764  0.57682187436482368  0.58962487234964134
  0.60219186701050620  0.61455148106969748  0.62669716203245074  0.63839971872051504
  0.64982380676337537  0.66111259022135382  0.67236131658006981  0.68354046485907305
  0.69501895200664277  0.70661087217401997  0.71805028667801862  0.72906116792973563
  0.73986286527326928  0.75039183166647039  0.76077558165647530  0.77102279159329501
  0.78123095438229928  0.79159250200434972  0.80226504709070612  0.81328563559279432
  0.82433065787135429  0.83494249111297159  0.84527862883532812  0.85538380096594246
  0.86538498449237877  0.87551930587069882  0.88587457577578099  0.89638605878080591
  0.90679954683632047  0.91678046576991967  0.92630424775244768  0.93548372001186009
  0.94389021428693731  0.95206788985284441  0.95995741424295278  0.96782004324644089
  0.97599884764888245  0.98421930340518848  0.99219400679246395  1.00000000000000000
 -0.00212064000000803  0.00887398085737408  0.01802924947852410  0.02796642386837050
  0.03788414515386097  0.04793223899945209  0.05826529608441742  0.06903901312517756
  0.08021291560481511  0.09112167563291923  0.10207611091057807  0.11317663355280974
  0.12408044131902957  0.13489229866208483  0.14551009639633727  0.15626280598899173
  0.16690680265577604  0.17703604406565826  0.18713396731081441  0.19708439070813058
  0.20681897013693232  0.21659404308145924  0.22679183416685719  0.23817274871926697
  0.25011543604998732  0.26125847629444665  0.27210640034760802  0.28272854831672733
  0.29394324606276750  0.30567724296824500  0.31690046040562636  0.32766895796748480
  0.33840168888742006  0.34924474839438929  0.35978489238828504  0.37000301567869154
  0.38015033357535677  0.38981632618117606  0.39942620966385733  0.40951589687757617
  0.41963890056008785  0.42976515609743488  0.43999228030546533  0.45100258759095152
  0.46193430771266614  0.47213356718767913  0.48268328884790779  0.49363449534784071
  0.50445066455210563  0.51468736872677256  0.52461736430479133  0.53430125329732070
  0.54420429828309513  0.55385776062754866  0.56344558721791771  0.57332713350997244
  0.58351763594971950  0.59402885154627205  0.60497536502645022  0.61613300466833176
  0.62724009096884425  0.63819829007541085  0.64943880393019104  0.66126700241856440
  0.67239400344284417  0.68238563978260347  0.69253648053708172  0.70244861843188733
  0.71215799241220079  0.72148671434676837  0.73118036210930315  0.74155821299959790
  0.75228698099767777  0.76339976671819521  0.77485496406386667  0.78683742920359734
  0.79824005420308053  0.80897431844742684  0.81968828812150929  0.83026034216590994
  0.84095230335506510  0.85172063097867701  0.86244668656806056  0.87294035671523484
  0.88389169259947009  0.89482880325634340  0.90555196468188548  0.91580948098702830
  0.92632067726454481  0.93652182317073662  0.94691051344628407  0.95716939410886959
  0.96802485353568379  0.97868178714488818  0.98942470510277469  1.00000000000000000
   1.4256330254259989E-009  -1.0000000000000000     
 T F T F T F T F F F F F F F F F F F F F F F F F F F F F F F F F F F F F F F F F F F F F F F F F T F T F T F T F F F F F F F F F F F F F F F F F F F F F F F F F F F F F F F F F F F F F F F F F F F F F F F F F F F F F F F F F F F F F F F F F F F F F F F F F
  <DiscreteSampler_grid>
  grouped_processes
  1 # 1 for a reference and 2 for a running grid.
  10 # Attribute 'min_bin_probing_points' of the grid.
  1 # Attribute 'grid_mode' of the grid. 1=='default',2=='initialization'
  0.0000000000000000 # Attribute 'small_contrib_threshold' of the grid.
  0.5000000000000000 # Attribute 'damping_power' of the grid.
 # binID   n_entries weight   weight_sqr   abs_weight
    19   10   1.629014126604771E-001   5.914137267749024E-002   1.629014126604771E-001
    25   10   2.015584660728751E-001   7.729821702029653E-002   2.015584660728751E-001
    37   10   1.949657075325306E-001   6.848081109248105E-002   1.949657075325306E-001
    43   10   1.945143183850891E-001   9.675501096203301E-002   1.945143183850891E-001
  </DiscreteSampler_grid>
