 -0.00000001487031262  0.00001204861275864  0.00008235545763705  0.00023319536688096
  0.00044616536124038  0.00073206259170191  0.00106630588832402  0.00144839881857630
  0.00188929894367800  0.00238430043197599  0.00291552736022384  0.00351780530598340
  0.00417686370819857  0.00488891346385297  0.00565842624131748  0.00647019614368715
  0.00733755507834418  0.00826436627086389  0.00921583939276257  0.01014838892304517
  0.01106765657123721  0.01199844690973349  0.01294890940689323  0.01390500704436512
  0.01485653780369896  0.01580614069371871  0.01676178505091479  0.01771396022583011
  0.01866362597740830  0.01970585580766977  0.02080007597469664  0.02189118344862808
  0.02297742704156086  0.02410303887277731  0.02528317915376227  0.02646779604881899
  0.02764103843880697  0.02881965885429984  0.02999612992909563  0.03121276912982332
  0.03252354594987292  0.03394534687872469  0.03532966736208688  0.03668148889116803
  0.03796074630716834  0.03921804359621887  0.04048403353311213  0.04177460655083545
  0.04316153274144519  0.04459972732994610  0.04606240724908583  0.04756382765955433
  0.04913226503189579  0.05072681017949884  0.05233396595709899  0.05395984736636797
  0.05561668613548091  0.05728034323466931  0.05892615861321561  0.06064614689566920
  0.06240113218403529  0.06410572427719512  0.06582206586073072  0.06748293257354709
  0.06915408750249392  0.07084181642377582  0.07267671476022933  0.07476244137116685
  0.07678546103529407  0.07883003860985155  0.08086853636873423  0.08293311168354496
  0.08503835655294062  0.08716357251906208  0.08929576561368606  0.09164439372846682
  0.09420987285098485  0.09689777678804191  0.09965016034689764  0.10245513007214377
  0.10527370583218934  0.10824127004520924  0.11116734697966094  0.11402105358591501
  0.11703410766560188  0.12037912746693456  0.12421456060464808  0.12887263897885737
  0.13381477454962373  0.13919341468227039  0.14510187215625012  0.15178057563913411
  0.16206848628328330  0.17753292071672075  0.19548779708286104  1.00000000000000000
  0.00889344344594134  0.01768858454997312  0.03010614623066912  0.04300660482945848
  0.05459325873362851  0.06548642403083360  0.07645673852286336  0.08804562897553786
  0.09944382243661494  0.10974898007783240  0.12002576344592097  0.13036365989859891
  0.14082647635696877  0.15072116091690660  0.16000316597573072  0.16906230860988011
  0.17798673225919823  0.18719733265974989  0.19716938706744147  0.20746713991194354
  0.21792663767833675  0.22823570035920868  0.23813620539655533  0.24820167675885971
  0.25841686908357614  0.26902065998919988  0.27956333467070993  0.28939912144755597
  0.29997217435046991  0.31024431728628910  0.32022820382888273  0.32973035816028501
  0.33974421473693295  0.35049942769212677  0.36274414279023309  0.37550465282250728
  0.38790092645675867  0.40015300301904727  0.41249700890841967  0.42466317536617448
  0.43598198179373560  0.44620239858754207  0.45584709191846473  0.46632431287945375
  0.47740402588807002  0.48739737070060407  0.49662396758221766  0.50571312407650681
  0.51453569348257355  0.52297708515642505  0.53127877456536121  0.53933477921137463
  0.54840754553579862  0.55818733833017720  0.56780837444150456  0.57732934369202593
  0.58705840449269031  0.59685557677976731  0.60718620298079207  0.61798276791093543
  0.62875915455082132  0.63913262693007211  0.64943334329295488  0.66003038285771076
  0.67058521950931138  0.67990290727515001  0.68856725338461944  0.69755115380819666
  0.70746084173951207  0.71847771303134977  0.73002687746438821  0.74178815310856128
  0.75403248058808392  0.76657200232894185  0.77838247798028837  0.78946757255190003
  0.80082356370053520  0.81161303258034934  0.82228303331065034  0.83226640041937716
  0.84248746930431018  0.85288782486475800  0.86257054388646559  0.87222230660860856
  0.88208413827378052  0.89206160168378934  0.90170436311722468  0.91042228747685983
  0.91941960131848510  0.92991754964500961  0.94062427233073276  0.95048128003664767
  0.96087192108223163  0.97313917286959983  0.98617499609038239  1.00000000000000000
 -0.00002002070825996  0.00017074808164863  0.00042293231095969  0.00082426962265931
  0.00137109482548893  0.00206802966540377  0.00290518680681064  0.00373332671988650
  0.00462668141054924  0.00554866189011814  0.00672352911028548  0.00795998182742486
  0.00919773800618021  0.01047039838654512  0.01188934329391166  0.01342515543896365
  0.01502039028831919  0.01651776699517253  0.01812453861757579  0.01986484170665174
  0.02177757444109463  0.02377153384185540  0.02568379848207400  0.02752087713637514
  0.02931082048709674  0.03114078985188812  0.03294726931929330  0.03472918102795165
  0.03659324248896695  0.03863185734234211  0.04080819854282629  0.04304812641059638
  0.04552744577353890  0.04827025879542116  0.05102596565901018  0.05392592001063649
  0.05681315773888120  0.05967184574017032  0.06255822067517676  0.06553346096827768
  0.06864691880011101  0.07192503397766863  0.07529613423028626  0.07873821345465180
  0.08229734442145979  0.08646815458590465  0.09105851361760407  0.09580048917038944
  0.10096407273043638  0.10652924156740060  0.11242200661905340  0.11849668907508290
  0.12423077535163828  0.12986542252395933  0.13463185789807400  0.13885897252220122
  0.14360004899006679  0.14830587949366553  0.15305678760002642  0.15786906461160527
  0.16276151410188752  0.16793131106447456  0.17309385944657080  0.17830095401535501
  0.18393695983771316  0.19011178769698206  0.19664043171913806  0.20344156601346522
  0.21116719094178715  0.21923286623875085  0.22750331476129032  0.23585959077099475
  0.24482960342567478  0.25502850147446821  0.26574536059946063  0.27678537206433285
  0.28817649753415991  0.29982672739682398  0.31232065508068763  0.32609161472187626
  0.33987350904794950  0.35444492312226306  0.37051877107114656  0.38863942766761811
  0.40878676440385064  0.42979036061128262  0.45012594246101595  0.47120811692587566
  0.49363031706757432  0.51662298343794166  0.54169157307004123  0.57212614463599698
  0.61756571811768235  0.69200280361032607  0.82912532233403313  1.00000000000000000
 -0.00201504428274876  0.00795646825731594  0.01745483895974028  0.02611707792914607
  0.03519374068946195  0.04385408448148020  0.05184320017126734  0.05970273519300477
  0.06823376335053512  0.07700280869376964  0.08630098678070774  0.09690679794897610
  0.10841941679128504  0.12057729466782673  0.13370612446236071  0.14768922010325730
  0.15712028031975067  0.16739557764626581  0.17681338361753601  0.18651153299961293
  0.19588838601324104  0.20561078860475049  0.21609001361637645  0.22697137543582183
  0.23708266308612805  0.24738252364864219  0.25797153637594733  0.26835239070830341
  0.27830564070805075  0.28794833861909708  0.29786222485935410  0.30750064675640670
  0.31729357880864634  0.32728414648003340  0.33852997713427063  0.35056947282942053
  0.36261479763810001  0.37457845018662889  0.38481397203347834  0.39584135935899878
  0.40682703456557712  0.41839726892983531  0.42968052729591311  0.44015247962426002
  0.44999891075109016  0.45936873607276146  0.46875030377569499  0.47829388332062622
  0.48756623170608632  0.49622360518790515  0.50518687847451671  0.51425721785565770
  0.52419856057875314  0.53549203949776569  0.54622575635392401  0.55615888460413054
  0.56565648713108241  0.57553978879955148  0.58620249921112366  0.59697182375288194
  0.60827889889250675  0.61920019842064244  0.62950716513658334  0.63947823863765285
  0.64958285073576993  0.65994944628928431  0.67154343970657415  0.68407904625476346
  0.69678784076012579  0.70840293846017610  0.71851332692276648  0.72797348175639842
  0.73690157215793206  0.74573464576361048  0.75510640461693246  0.76478106890850983
  0.77593734042402385  0.78782226709866421  0.79872597441762228  0.80896681184598052
  0.81881724697163760  0.82810884957311626  0.83740453679881288  0.84669241926335603
  0.85580141388463826  0.86652765678511734  0.87656565878539372  0.88769351931201146
  0.89961545505277396  0.91211581344551540  0.92477848505074123  0.93828218873875258
  0.95279892429303614  0.96732011345169999  0.98244877831671629  1.00000000000000000
 -0.00329114941134589  0.01168763559444664  0.02311134449441996  0.03331519565849001
  0.04399237129498649  0.05474237116745417  0.06443418079344632  0.07347648551791840
  0.08275077387814583  0.09302076111325046  0.10352445138550317  0.11421725796596810
  0.12610234966388770  0.13863466893968165  0.15087876884913298  0.16293699955904314
  0.17501318786249573  0.18748085105050696  0.19950478697845714  0.20977270832718922
  0.21913060553648270  0.22873874268990949  0.23815553033304787  0.24699937319285711
  0.25579470136219551  0.26511400236679411  0.27535682705932252  0.28636737125009887
  0.29789131007875580  0.30917796880845072  0.32104943566860888  0.33305403770262693
  0.34503341428560474  0.35600377047195009  0.36633636866316738  0.37638669018891308
  0.38655724183612561  0.39702592178081753  0.40878990393962189  0.42029442441587850
  0.43198816936506912  0.44338515426562197  0.45414334774524251  0.46371590870943413
  0.47279194265865288  0.48170713815454919  0.49166960478900795  0.50235035049664167
  0.51281270367785392  0.52318062298438839  0.53360233587533534  0.54333962847697537
  0.55395143973945071  0.56372669603026182  0.57662829601882526  0.58871220544941072
  0.60071144338374882  0.61255128171130657  0.62465798696675756  0.63730657521770839
  0.64996690273009861  0.66229134972958803  0.67481618864176807  0.68724586211734673
  0.69986863759127216  0.71195464675954412  0.72314152703244339  0.73467271484661456
  0.74532587542584028  0.75561061681121711  0.76556180222106374  0.77564977607022412
  0.78588863687885313  0.79527672634981872  0.80413402832744807  0.81299207140415752
  0.82224612240992478  0.83161610138776398  0.84070516276180918  0.84945271974825320
  0.85821548707745610  0.86673169916186910  0.87573799397453267  0.88482594874456666
  0.89355032008660296  0.90218558002867055  0.91125608338614628  0.92100931696201338
  0.93052102201137399  0.93958778723303027  0.94889997132332105  0.95827353809789761
  0.96816886269195224  0.97849376227584850  0.98862733764636368  1.00000000000000000
 -0.00153274734989147  0.00902130981930271  0.01686486647086655  0.02457624929295329
  0.03232661101425482  0.04111756868330571  0.05010481317563683  0.05924684977093225
  0.06928306577111457  0.07961029123383642  0.09090428348689485  0.10256044466729540
  0.11433580076751958  0.12644033897843265  0.13853477823136040  0.15007272342497757
  0.16067548142936042  0.17079038059123033  0.18076012268164765  0.19111566624996817
  0.20183567741965927  0.21274091819207078  0.22359667722245716  0.23444541768080740
  0.24596196546401189  0.25790195077369787  0.27014940989874764  0.28167938700862410
  0.29299255688214343  0.30411556206463836  0.31463461664848980  0.32512944052487086
  0.33516351126878385  0.34595337898021034  0.35615297638911109  0.36585344429887812
  0.37521109747047754  0.38469911185457528  0.39439595633504271  0.40428198680688865
  0.41515240423262523  0.42454692548309525  0.43399472478981238  0.44314323010375006
  0.45301937161907113  0.46372864025556521  0.47525455840695791  0.48723792388142440
  0.49901404716011638  0.50971263764996877  0.51978431683861137  0.53002908886988431
  0.54128672428178182  0.55382902148648316  0.56662435705201453  0.57770080921286959
  0.58842910480593980  0.59900362869936974  0.61044597859422534  0.62183968673923262
  0.63233933145683785  0.64300631673988562  0.65192129604641536  0.66037784864985305
  0.66901638339796832  0.67869520365299563  0.68834662817642345  0.69728764161005208
  0.70582127502794012  0.71497322939418650  0.72488816200049899  0.73437231041863904
  0.74328852582418348  0.75305923650214224  0.76425552347178760  0.77545050274152660
  0.78594322216364521  0.79647421365535265  0.80732423933961417  0.81820018399763994
  0.82921539934914790  0.84124026219626746  0.85382077211523588  0.86492176709535729
  0.87566391832444268  0.88494032331381145  0.89411606993903403  0.90339774025370889
  0.91288556780645891  0.92313067698213325  0.93352768452875545  0.94447206468616218
  0.95593008788490685  0.96743406230938245  0.97936720410571021  1.00000000000000000
 -0.00398555602068083  0.01412001338657498  0.03121872424973920  0.04374520359431117
  0.05357155121295340  0.06333428597499655  0.07267139920320570  0.08181213931518727
  0.09107892783537773  0.10066733355031797  0.11172573006791901  0.12325850418708358
  0.13391512796099631  0.14413732334432008  0.15508317056194926  0.16456490019108722
  0.17489806098942792  0.18537358338185608  0.19622971353863020  0.20777616411480324
  0.21996720986876089  0.23212741466167580  0.24503408527958798  0.25726667275625947
  0.26894589929396112  0.28016681746774885  0.29153958260416590  0.30238948744342514
  0.31456056611734867  0.32816821429177306  0.34200272774010149  0.35451215004623843
  0.36510553463822754  0.37470888685627440  0.38381685752567873  0.39225538286134010
  0.40013114230679364  0.40766432016210941  0.41528571858958901  0.42359550237836130
  0.43290283396952917  0.44306962376227449  0.45306986574045049  0.46262220712429097
  0.47165580142892827  0.48193949752820137  0.49340866369993863  0.50500264715825938
  0.51627903235913275  0.52697561996963893  0.53721425010724111  0.54706077586816115
  0.55724419837416417  0.56764229182923809  0.57789232941869628  0.58787547106693738
  0.59815916832132032  0.60893938486630694  0.61985031787575162  0.63174638668047167
  0.64343293386681555  0.65497869736771308  0.66605413239950528  0.67680526899710802
  0.68684673057640200  0.69683448230036404  0.70670966677405467  0.71778650940103306
  0.72887501474512661  0.74172424929595970  0.75225545691231532  0.76157640857265174
  0.77080936776940312  0.78038872261260450  0.78989986394809131  0.79948553934113364
  0.80952255731122558  0.81976897896832246  0.83024070785515003  0.84144112839064455
  0.85279285307910246  0.86302943474295257  0.87334376964059479  0.88344451453736828
  0.89318312980069203  0.90168511619453784  0.91087551209533624  0.91937141954791279
  0.92823275000945704  0.93704663560023671  0.94703156678371270  0.95677112560252298
  0.96676854167971715  0.97726002982556814  0.98838916404083232  1.00000000000000000
 -0.00251133095848407  0.00997036575311818  0.02129829226716075  0.03189995371427468
  0.04261608140974046  0.05352927929078674  0.06473467455978715  0.07790366869217849
  0.09139153587616469  0.10363392797515397  0.11638995024141471  0.12874720361216865
  0.14101938887423185  0.15344044526811962  0.16578481969258155  0.17774503800941902
  0.18921390795571624  0.20036420285469006  0.21153599080693664  0.22279857388394245
  0.23427311168746540  0.24622924976888266  0.25781503923966281  0.26929167222069905
  0.28085630389290411  0.29257299330736725  0.30389810478285267  0.31526426455517115
  0.32760081962778426  0.34066373526308624  0.35314650891640104  0.36488350145321302
  0.37526210642375746  0.38398964441970623  0.39263674046314012  0.40171224391260374
  0.41027436418150071  0.41930284692648373  0.42928010670342015  0.44022277379907815
  0.45298511379090634  0.46462884389579900  0.47527783796893308  0.48522536559739721
  0.49510841287960483  0.50489189158830083  0.51390391720017992  0.52315577147829939
  0.53171446263510658  0.53997952402558935  0.54833406264369078  0.55677911400523461
  0.56574967128652931  0.57523994057251204  0.58494894615833415  0.59469327882176548
  0.60443914820980116  0.61438925454929738  0.62465054423698996  0.63455573076517646
  0.64404276724830145  0.65357610284363499  0.66319798206648639  0.67314165720217611
  0.68299015243965311  0.69421516915129255  0.70656021622391352  0.71847847524569308
  0.72954506372561823  0.73943452150886524  0.74895867615093292  0.75757813475230562
  0.76614231846377490  0.77476835052805737  0.78339662396039755  0.79219976477576992
  0.80154702791103105  0.81091077586138371  0.82127238859171259  0.83292681919754163
  0.84527557652050034  0.85825443815655422  0.87269098046777460  0.88638736169962795
  0.89858081928919076  0.91018202397128167  0.92035718326473392  0.92913566025366079
  0.93825262911288188  0.94701559636590116  0.95597231234841107  0.96466960974280447
  0.97290555986931149  0.98120780888583303  0.99028361991292513  1.00000000000000000
   1.4877263017505644E-012  -1.0000000000000000     
 T F T F T F T F F F F F F F F F F F F F F F F F F F F F F F F F F F F F F F F F F F F F F F F F T F T F T F T F F F F F F F F F F F F F F F F F F F F F F F F F F F F F F F F F F F F F F F F F F F F F F F F F F F F F F F F F F F F F F F F F F F F F F F F F
  <DiscreteSampler_grid>
  grouped_processes
  1 # 1 for a reference and 2 for a running grid.
  10 # Attribute 'min_bin_probing_points' of the grid.
  1 # Attribute 'grid_mode' of the grid. 1=='default',2=='initialization'
  0.0000000000000000 # Attribute 'small_contrib_threshold' of the grid.
  0.5000000000000000 # Attribute 'damping_power' of the grid.
 # binID   n_entries weight   weight_sqr   abs_weight
    19   10   1.767888733227705E-004   1.372294638466892E-007   1.767888733227705E-004
    22   10   2.169857952437614E-004   1.544706520367972E-007   2.169857952437614E-004
  </DiscreteSampler_grid>
