 -0.00000260211488288  0.00011000532343824  0.00047288614924965  0.00099154610374493
  0.00163051960393182  0.00235156452370673  0.00315038334045078  0.00399318679188925
  0.00489015842264079  0.00580611501377899  0.00677420040192475  0.00778153360103903
  0.00881316309260775  0.00989391133581355  0.01096228527857334  0.01207272778273718
  0.01320794464988066  0.01436298104829075  0.01555206122221015  0.01675212864824020
  0.01793372618822484  0.01911366760353457  0.02032417764496212  0.02156206389071944
  0.02280959853729859  0.02403558202280932  0.02525149500709798  0.02648170915172258
  0.02774033862324892  0.02901823390923929  0.03027935029205413  0.03152469894667861
  0.03275321199660493  0.03401572272319166  0.03531707392534481  0.03665715747666001
  0.03802329051067517  0.03939257057123917  0.04075347102483606  0.04212297059541990
  0.04346955054243563  0.04486419178737802  0.04626409622214681  0.04767613957521179
  0.04909913989619246  0.05053066973223944  0.05195784164378427  0.05337739732943390
  0.05479459878541407  0.05621831422602017  0.05766606724504433  0.05913621953595521
  0.06064495652820911  0.06222688808441568  0.06389397975853750  0.06551753501550728
  0.06714220853524586  0.06876935645901115  0.07040844935761048  0.07206946447174926
  0.07374331215640444  0.07540202608507714  0.07703819843795053  0.07870433781273367
  0.08044928081764374  0.08226289681379649  0.08408442283907010  0.08587356063615183
  0.08771314928239612  0.08959831065120483  0.09152532419027763  0.09349180936540305
  0.09548346149076849  0.09750513114208002  0.09957201050904739  0.10162895993434821
  0.10369575039160889  0.10594550929095899  0.10854696369460433  0.11116494893664462
  0.11382630457194558  0.11657142532257501  0.11939768461960580  0.12231093443985779
  0.12531974796997644  0.12840399648957221  0.13163787934062782  0.13493381823103542
  0.13902567830284551  0.14372870168310314  0.14922745791280481  0.15583469048071585
  0.16426175016671568  0.17830755120965591  0.19477357603165596  1.00000000000000000
  0.00900698316880898  0.01780980098400219  0.02840650327848306  0.03858069353156308
  0.04836176075373698  0.05786092363314115  0.06736542262437077  0.07684890964619560
  0.08659513700555777  0.09683571546705362  0.10713844173485997  0.11732540885345988
  0.12742181917593723  0.13740306082349962  0.14730981548477098  0.15736794730311165
  0.16768197785046593  0.17818597343308445  0.18868809067929196  0.19933082648359368
  0.20993227666867109  0.22000417044680282  0.23018987249432649  0.24079229811281277
  0.25151191536097334  0.26217305617431880  0.27268126132537585  0.28310181541238499
  0.29330738146321944  0.30327531244415146  0.31341768987292445  0.32384595064743876
  0.33451260756416118  0.34544511126161659  0.35639510035198085  0.36727990816527512
  0.37801681364382350  0.38853985240491024  0.39905185811792199  0.40936449215274789
  0.41986154917017249  0.43035604150325352  0.44059136750858086  0.45063202007964026
  0.46076638175612022  0.47123798917261339  0.48169232876290202  0.49198123477749983
  0.50233629485274189  0.51277141204782073  0.52316099739678190  0.53338312456232262
  0.54344439600086702  0.55337601267879355  0.56335197414769289  0.57347013426806248
  0.58344208784589280  0.59295200631291822  0.60213052872852513  0.61145586099117732
  0.62112684771028182  0.63123823509377630  0.64221290735467162  0.65397052721354088
  0.66633533650931320  0.67799897366576489  0.68950799301502574  0.70109293581862608
  0.71256116783804324  0.72396988167702825  0.73507183322121816  0.74603996782886450
  0.75701390418436099  0.76794281885241955  0.77874013069538073  0.78945815880666792
  0.80052559344028440  0.81184222286687069  0.82312645059632217  0.83407191225493715
  0.84470072510114091  0.85509085904122528  0.86584614128607984  0.87651368641568939
  0.88669701092245712  0.89675827635830396  0.90716979995298730  0.91785631958385927
  0.92832665024453820  0.93904836266333314  0.94998111722378520  0.96070370977187147
  0.97100270184863635  0.98099271672681221  0.99135015245466562  1.00000000000000000
 -0.00221626498219099  0.00904790987753845  0.01839788640927535  0.02887363027722344
  0.03916836732483371  0.04924638287764509  0.05890642316496830  0.06906254027981368
  0.07982416487557276  0.09052017212730185  0.10102544305945833  0.11144723459900226
  0.12182466192683018  0.13232280583795392  0.14303579011300957  0.15368216361825712
  0.16421266329467932  0.17480112212626531  0.18521030161443899  0.19518630666676426
  0.20530595460332385  0.21561829716199915  0.22585387019037889  0.23588742580638258
  0.24581981287485452  0.25590332984485081  0.26618504818667854  0.27677417132246612
  0.28761405293123998  0.29848752515486121  0.30926927490551953  0.31997830726840459
  0.33058544913783017  0.34124979170319847  0.35220103680037435  0.36347745742964671
  0.37490262953022213  0.38624210735536080  0.39726904923680156  0.40814994787550135
  0.41916226178570004  0.43031384525775479  0.44153898345227266  0.45238722378575807
  0.46308458371858763  0.47349259963662016  0.48402250535374608  0.49465445335105074
  0.50565943542219005  0.51667990836401267  0.52752506198293536  0.53828776694634328
  0.54918939652068910  0.56051551561991175  0.57174078158966313  0.58294375340279247
  0.59310071654818608  0.60281441792057866  0.61235337181653915  0.62208622670010838
  0.63197807323503219  0.64220584979188966  0.65288484717445161  0.66411590620730521
  0.67499527326183428  0.68587587159528562  0.69672119120801979  0.70720618551584336
  0.71761617932648181  0.72821452510412543  0.73886385016172151  0.74948142636585724
  0.75965837128156255  0.77013066069487257  0.78048396309980661  0.79104687914648708
  0.80129916929173994  0.81188532395299329  0.82292287979259449  0.83407503333279853
  0.84494908515103850  0.85552141945845372  0.86601989728293982  0.87643506542765481
  0.88657402008282526  0.89602095409618387  0.90578191826809562  0.91544893818224893
  0.92554129564258503  0.93544940024187417  0.94568736986504609  0.95629597108953823
  0.96702729715032421  0.97782001329753487  0.98888198062341837  1.00000000000000000
 -0.00233317080240005  0.00920960446949614  0.01846058826936104  0.02907837217780404
  0.03953085105163004  0.04983311699785100  0.06035890280240569  0.07033504512221039
  0.08026772915395765  0.08998306038766025  0.09974411491036306  0.10988967451055677
  0.11982832894700038  0.13050395934537787  0.14235608150908066  0.15398904903468216
  0.16491546424499773  0.17531334158753134  0.18565186517228505  0.19625332070213147
  0.20671306377380164  0.21722295908743017  0.22799093539892210  0.23904027513017201
  0.25012041836471677  0.26075360397295078  0.27108136993531090  0.28173609833108559
  0.29210780814896398  0.30217163635668676  0.31197642086983784  0.32194214111525360
  0.33215913104208761  0.34249979725232971  0.35321861152842698  0.36380361623676166
  0.37422718306966851  0.38443647655978486  0.39452485187473152  0.40459564497896289
  0.41464927310783717  0.42529934782285073  0.43607828384269676  0.44684384470274147
  0.45713797672587159  0.46750159953316517  0.47797193175841257  0.48840667123995912
  0.49860272267127737  0.50887760716585384  0.51938291549329341  0.53001808062523836
  0.54090852234806519  0.55188799931651888  0.56299042731388793  0.57345925039233059
  0.58372687196416995  0.59460074687912279  0.60542196573434071  0.61593768275187877
  0.62615543924022288  0.63622320932606713  0.64627193209392597  0.65632538095437076
  0.66682956678402838  0.67776398236433533  0.68867119451733005  0.70003577848804099
  0.71096421115149189  0.72179954783116673  0.73260495282560067  0.74381880722362148
  0.75492775219905794  0.76599802312688792  0.77717569665573938  0.78874318892036155
  0.80046930382473125  0.81261917849486198  0.82460945358231519  0.83577336189431550
  0.84630890992317698  0.85655531073677005  0.86680062897412857  0.87707442371247013
  0.88741315614776262  0.89796333097434078  0.90843305473632940  0.91876804390261724
  0.92878083220781527  0.93879900735129451  0.94872165008102216  0.95860811019542846
  0.96903804791865922  0.97899731588271610  0.98981954202363542  1.00000000000000000
 -0.00232191670777969  0.00899443679866437  0.01948629694673500  0.03018980612536547
  0.04108216624004384  0.05153058725044742  0.06213340940464089  0.07276834956552415
  0.08354605895371189  0.09425784121863094  0.10507108538623644  0.11589704987021168
  0.12671049176744256  0.13708251595159934  0.14721606437710938  0.15771227776577840
  0.16854836445967741  0.17939785905048805  0.19010796050311116  0.20093632525219690
  0.21138938515755992  0.22126871176994817  0.23104975779959966  0.24146983531633218
  0.25186946980194358  0.26204697946998340  0.27260853268790070  0.28304940883965890
  0.29358505507002886  0.30408140798602101  0.31492608460323102  0.32582570412852602
  0.33677431216463127  0.34751202585220964  0.35816317781149160  0.36895620953381764
  0.37953697316134449  0.38988781826989216  0.40006659346144918  0.41048516251207512
  0.42118695616290142  0.43181644666845781  0.44239449924584096  0.45281607042254951
  0.46341782016458594  0.47412393983353912  0.48480885176961169  0.49556560086815860
  0.50667261281653486  0.51793562929152404  0.52876082146897108  0.53922114520396791
  0.54979697245007420  0.56048987748785761  0.57125679244771710  0.58222254500022408
  0.59356191129432556  0.60473529779209401  0.61526405330294975  0.62565899084132959
  0.63606995906924269  0.64632802494625607  0.65635740659445319  0.66649383884508351
  0.67709311055343269  0.68795957567275701  0.69866861790485568  0.70891035575077066
  0.71875629266004382  0.72872383172879285  0.73907756984170436  0.74941989205038950
  0.75936556176292958  0.76905543740161242  0.77894825650127275  0.78913369485213347
  0.79924840038994960  0.80889671452319600  0.81916564289056082  0.82962405256941041
  0.83985922143527458  0.85031182224319279  0.86112712198626351  0.87206392894585172
  0.88293164431640969  0.89341758811234651  0.90419771376251123  0.91477165174918840
  0.92666847694791343  0.93809529650086143  0.94908612033878226  0.95969093003882444
  0.96975766863345492  0.98009608456777564  0.98991549089839004  1.00000000000000000
 -0.00273783858331721  0.01053540106313302  0.02154334329524370  0.03157559860242404
  0.04201420844563088  0.05201562765158864  0.06259562727870405  0.07235685992714908
  0.08200269303287661  0.09170176213746062  0.10156314194401633  0.11178729874955928
  0.12247455943443182  0.13309003686291518  0.14364126490964563  0.15435085339284199
  0.16518457263410072  0.17647231618454967  0.18756820605877003  0.19870597830364553
  0.20970898928532258  0.22121741953162477  0.23239095774790555  0.24302801269057736
  0.25339436839796314  0.26408590930457954  0.27439338351724535  0.28455123085108353
  0.29496891805784126  0.30533064002439492  0.31562280123942693  0.32552941946792213
  0.33544874647451467  0.34578370652253271  0.35624807398403052  0.36702974079486045
  0.37779698563489733  0.38787317164913698  0.39805873041046236  0.40790441522804449
  0.41765579949628784  0.42779997774080197  0.43823618613423204  0.44877237105056750
  0.45921998985812235  0.46962679690238396  0.48018919412874034  0.49099352149260234
  0.50218068398348115  0.51311535582312406  0.52414181933448067  0.53593772500688563
  0.54720677613719171  0.55867615308402019  0.56944922768007877  0.58008813241781210
  0.59010796739951876  0.60010417458566079  0.61025835624526026  0.62044195091193799
  0.63075771016684412  0.64119807055659239  0.65142807905513755  0.66180488014466510
  0.67211213157851535  0.68279713074639603  0.69349741058580816  0.70400694685142173
  0.71460309015650625  0.72494404046684602  0.73553252611396247  0.74630199307354128
  0.75722546455051032  0.76830355434787745  0.77922230589345343  0.79006487422735017
  0.80029572196521404  0.81071097552957183  0.82126655979225216  0.83209590093003749
  0.84266526854937118  0.85339181191491342  0.86432293159575224  0.87533180042474024
  0.88614206267894369  0.89705078276117123  0.90777945407917837  0.91850828105479720
  0.92961840994899470  0.94042565266259326  0.95030455270822556  0.95997614263968656
  0.96982356430596917  0.98009223898519193  0.99004236204545049  1.00000000000000000
 -0.00191350705716897  0.00721201435452574  0.01547176587867826  0.02396086165289054
  0.03234949760645214  0.04074615092491610  0.04949418072825266  0.05863395404160861
  0.06783044634613748  0.07716322351013451  0.08651897350143747  0.09591588396119362
  0.10521562010169067  0.11442070048997993  0.12380324579575751  0.13347478419125786
  0.14346302235694156  0.15370456842759797  0.16383397989768653  0.17345886318328654
  0.18283267178882187  0.19254745065338150  0.20274220062799789  0.21310806083575518
  0.22353731726960216  0.23443616796098035  0.24568935764764052  0.25668983858699246
  0.26751662911895269  0.27846053435354357  0.28952308943328259  0.30053063536544278
  0.31165407938402845  0.32293591062634719  0.33409729853990433  0.34499655491887549
  0.35594373984209055  0.36732840819357698  0.37849299170697431  0.39045686920968653
  0.40254968866641716  0.41517075183402458  0.42749977243832787  0.44004591031295753
  0.45200181531447986  0.46417520796870260  0.47624223820857337  0.48813201422492486
  0.49981189092934419  0.51178060745656129  0.52433856274901058  0.53734998562682923
  0.55011704629517266  0.56256940233474040  0.57503215848694800  0.58745561741427710
  0.59953051735806806  0.61121731638892796  0.62248095596350994  0.63371690663005853
  0.64497482637396064  0.65634087286725318  0.66774906940272749  0.67913903328817404
  0.69026900514663891  0.70127367047321565  0.71249532269919935  0.72370943427406531
  0.73469162490507889  0.74531918782380580  0.75599735064270412  0.76686368454026155
  0.77745487409435932  0.78774103733848555  0.79784630386588640  0.80769574872343708
  0.81751275337999707  0.82729124657556630  0.83688092749575349  0.84627880816842682
  0.85569391933638017  0.86555884240220515  0.87536066909108445  0.88505612276071599
  0.89480251945891853  0.90470179710269849  0.91465348484395315  0.92424645151871265
  0.93361349075301991  0.94296988135132043  0.95211461987512613  0.96123916973313772
  0.97051535602340278  0.97991645076863620  0.98966605038756061  1.00000000000000000
 -0.00231204679682085  0.00985724326275429  0.02011680165477975  0.03105185318189812
  0.04143612720364295  0.05130460068210455  0.06125666171455835  0.07110526415245208
  0.08078841804829348  0.09047249323999482  0.10010888840601452  0.10985334185586236
  0.11979370381555146  0.13019012851388126  0.14081761753464000  0.15141844200408197
  0.16192896140284826  0.17237310028250022  0.18304852257728038  0.19394926190471948
  0.20498982024810108  0.21604907049258001  0.22685160293913625  0.23737411604731370
  0.24765387578216749  0.25770839332006357  0.26778379058369489  0.27785211515211650
  0.28803915838954303  0.29827407978301312  0.30850645697482043  0.31915550453087055
  0.32975319750208926  0.34012684836004237  0.35026699516040344  0.36077812061828379
  0.37184180043672738  0.38292092125543592  0.39388472493991511  0.40471414862685784
  0.41551124814972240  0.42647677624324243  0.43813088001361217  0.44991142754483721
  0.46162844593710289  0.47308780762570779  0.48421812157974936  0.49537706174114066
  0.50615641294120151  0.51691780110413021  0.52687085991174121  0.53720976899127704
  0.54777519530140550  0.55813055950502655  0.56831895436465185  0.57889653918150974
  0.58976496240917042  0.60089145579285219  0.61118000772205971  0.62156997609983322
  0.63177862765812121  0.64177773335640742  0.65171365099450684  0.66149667250247823
  0.67159944741856470  0.68174504256026247  0.69194139217230977  0.70201284776554540
  0.71203005987474000  0.72241182956980587  0.73348252142404724  0.74530516430834670
  0.75682753146327086  0.76785841098862473  0.77870475431222408  0.78932577801001347
  0.79956155318026667  0.80959514451327941  0.82018155634583501  0.83093967358852139
  0.84158290236331945  0.85196659142577247  0.86249244484416632  0.87349723651064914
  0.88464779933192128  0.89640514396124427  0.90765849116927400  0.91863186493070081
  0.92857668537510551  0.93881854444236224  0.94862024893736896  0.95868275583509588
  0.96904657293582164  0.97958168320803152  0.99000504986131865  1.00000000000000000
   7.1510213434085279E-010  -1.0000000000000000     
 T F T F T F T F F F F F F F F F F F F F F F F F F F F F F F F F F F F F F F F F F F F F F F F F T F T F T F T F F F F F F F F F F F F F F F F F F F F F F F F F F F F F F F F F F F F F F F F F F F F F F F F F F F F F F F F F F F F F F F F F F F F F F F F F
  <DiscreteSampler_grid>
  grouped_processes
  1 # 1 for a reference and 2 for a running grid.
  10 # Attribute 'min_bin_probing_points' of the grid.
  1 # Attribute 'grid_mode' of the grid. 1=='default',2=='initialization'
  0.0000000000000000 # Attribute 'small_contrib_threshold' of the grid.
  0.5000000000000000 # Attribute 'damping_power' of the grid.
 # binID   n_entries weight   weight_sqr   abs_weight
    19   10   1.732353989982092E-001   5.884338699631943E-002   1.732353989982092E-001
    25   10   1.436499677824382E-001   3.733478304380278E-002   1.436499677824382E-001
    37   10   1.517133087925226E-001   4.525874816936305E-002   1.517133087925226E-001
    43   10   1.798652345238018E-001   8.090527269809246E-002   1.798652345238018E-001
  </DiscreteSampler_grid>
