 -0.00000268200357299  0.00011226273574940  0.00049437224297129  0.00102302980917574
  0.00167583319678669  0.00241890236372815  0.00321330627331276  0.00408393711488677
  0.00499890292141364  0.00595094541559588  0.00694718111742567  0.00795246452784913
  0.00902830384686479  0.01010035683379461  0.01118361295320974  0.01231222933435569
  0.01343536027827891  0.01453948693397761  0.01569027850713444  0.01687383266386222
  0.01803499833056788  0.01919935240481521  0.02039515731861783  0.02162461084120154
  0.02284402452649365  0.02406204949128591  0.02525216708428991  0.02648436810283837
  0.02781073627706283  0.02909515264573341  0.03039935733456065  0.03169067470439690
  0.03294459014685740  0.03422545406859506  0.03552587764094513  0.03684058477122707
  0.03817416577678936  0.03953020663762502  0.04089303337674283  0.04224949440659519
  0.04354704903734956  0.04489414239691693  0.04628595749235059  0.04769960591327581
  0.04912721363189294  0.05056288876660842  0.05200865160595922  0.05347243366530891
  0.05494983252030607  0.05640740754260775  0.05787400741726186  0.05933158482092591
  0.06082750825998887  0.06236290387898559  0.06391379466647183  0.06545262883224921
  0.06700050725479453  0.06856427389984911  0.07014745100779897  0.07175061037014130
  0.07336793567999322  0.07499903837430109  0.07663296638538206  0.07830906185790573
  0.07996639087262832  0.08176293412138394  0.08363185858517012  0.08548495113444793
  0.08731633873288357  0.08916441423755475  0.09103493985014124  0.09291844525481610
  0.09481819685696304  0.09673712091775197  0.09869470814579404  0.10076171411228291
  0.10290357230420735  0.10506471298230520  0.10742462071710353  0.11001328714399843
  0.11269849972269308  0.11540668283919697  0.11820018457496453  0.12115807882292588
  0.12428237670303886  0.12755642664847786  0.13100065901508354  0.13460606833075039
  0.13822463959523998  0.14300828146308214  0.14875069360556564  0.15522310692837554
  0.16327355381179115  0.17715911843335985  0.19500123980346640  1.00000000000000000
  0.00910685042720608  0.01740675622893637  0.02785072480347833  0.03921704562275773
  0.05009874420171890  0.06078348547493585  0.07155278558570001  0.08209341198878060
  0.09270325168433013  0.10323550738755334  0.11379758090563952  0.12473627495008272
  0.13493306355112913  0.14595163999845620  0.15599247523605866  0.16693763405724743
  0.17712096132414146  0.18762173956880329  0.19775933344698823  0.20743117571949726
  0.21767324768056756  0.22810758528470759  0.23901572660212164  0.24983310782598883
  0.26042056475202807  0.27149858161054491  0.28179952629309585  0.29250019348004419
  0.30321422812384563  0.31405158993692861  0.32460888707035257  0.33469892568472748
  0.34485100771809546  0.35455474000064696  0.36415754825134483  0.37407527889625891
  0.38450083308544991  0.39463487739113440  0.40505006607415767  0.41488003374795673
  0.42523142308664563  0.43525723873359184  0.44615144759173236  0.45708296414445870
  0.46758735046583438  0.47772971327419628  0.48809589472212922  0.49853926515212987
  0.50924406888498031  0.51998080848997441  0.53088633275724084  0.54207586278300290
  0.55340312819813109  0.56476315856096015  0.57582504789668876  0.58693153164973533
  0.59823721403334595  0.60899415601181273  0.61943429248391735  0.62982648201547431
  0.64025860361341602  0.65068115660062364  0.66109763267914834  0.67180740827916330
  0.68290646051338422  0.69425227396796652  0.70573617689422585  0.71717365357476082
  0.72794476568421651  0.73791683045294121  0.74767591092938201  0.75758464452035157
  0.76760322884518406  0.77750784120875471  0.78716612872143465  0.79711677114001855
  0.80751444740410760  0.81818673697855426  0.82876473167299869  0.83905179611365055
  0.84915347097608662  0.85976451627431261  0.87040644472894380  0.88065116496125795
  0.89056427316291031  0.90069834498280310  0.91123782898351224  0.92150205107716610
  0.93161866720807274  0.94183584029314515  0.95220920855539271  0.96206718109249212
  0.97189030294583179  0.98195767007519363  0.99123475286975005  1.00000000000000000
 -0.00220422855589103  0.00917861387523942  0.01902605155791333  0.02943008088612655
  0.03981276185046415  0.05021377231247943  0.06044167067387118  0.07062815321941802
  0.08066353437435371  0.09074928181337386  0.10099642229210153  0.11143784195370127
  0.12207627498295384  0.13238247718126139  0.14249404033579594  0.15242788403852323
  0.16236182069415506  0.17247515729561252  0.18259586343666406  0.19288399840868406
  0.20329761273294414  0.21369638553980419  0.22417195677055815  0.23447582795926558
  0.24464861529471996  0.25475057585968802  0.26479386482256423  0.27508856120325648
  0.28561843117920566  0.29625446754682472  0.30696845965206448  0.31774015280263518
  0.32881507988718672  0.33967314214502697  0.35013230054499328  0.36050701487934195
  0.37089477339591259  0.38134104625438692  0.39194074870669826  0.40261321012584017
  0.41357319188844827  0.42461845085434952  0.43555694462566225  0.44638727167813425
  0.45704436207590327  0.46742023218724493  0.47760627326697513  0.48792185763128604
  0.49848583793250872  0.50876784235951700  0.51915763437290252  0.53025054515641523
  0.54212892347802411  0.55327840135965567  0.56455923995330171  0.57538070339814873
  0.58605528712630117  0.59618273569012981  0.60684780352482703  0.61771026787417682
  0.62871719307436880  0.63929646738325752  0.64999168429814536  0.66072784589964517
  0.67148674419840071  0.68208865308985533  0.69287965234141380  0.70391968941235472
  0.71468755662049810  0.72544225846400534  0.73625531571943714  0.74696404398364347
  0.75769166194764581  0.76802538035351442  0.77814396279247711  0.78814588154573961
  0.79835868182843095  0.80867397998305290  0.81894150693197787  0.82888947927486500
  0.83963162087816712  0.85053902339438492  0.86110028132249339  0.87142581083342097
  0.88223413059768618  0.89324337944850796  0.90415043194743461  0.91500032624800887
  0.92607525115522138  0.93669397372175278  0.94711877482715490  0.95735894728944015
  0.96796650296572984  0.97855157172649920  0.98941685008594182  1.00000000000000000
 -0.00217700269216573  0.00878335283248301  0.01781343552182644  0.02742537706341768
  0.03733211147929610  0.04779288446093615  0.05896700278467439  0.06945748426928736
  0.08017111956937582  0.09134787156777074  0.10285766973047124  0.11364396552566149
  0.12418299493560093  0.13472722425915767  0.14551807547090675  0.15659051971408966
  0.16735605326079789  0.17812665537264288  0.18919737942993128  0.20022278537691096
  0.21124617206653035  0.22176662816780143  0.23246524881428748  0.24329295900379816
  0.25416685588145671  0.26503588475695561  0.27591862228633129  0.28678434729814217
  0.29764597814807903  0.30844074653097592  0.31929884490161509  0.33007985615619695
  0.34060185188527059  0.35111909385555712  0.36163588421471954  0.37218509451820597
  0.38264165019790258  0.39313548922026514  0.40369651806290219  0.41423676891676592
  0.42435930272379774  0.43425161465481055  0.44430319741166691  0.45466600783197181
  0.46502044807245418  0.47548696554655273  0.48577977224380126  0.49618741698948871
  0.50623550399408779  0.51608495275918809  0.52612059870209527  0.53622045908400540
  0.54674790305185395  0.55733816744247844  0.56792025521155309  0.57864661124221828
  0.58925359116864506  0.59975693296915600  0.61001318249082248  0.62022489696039029
  0.63044240387088080  0.64097210923233461  0.65109202898954066  0.66189141930305961
  0.67244573149350517  0.68329502009126830  0.69425524877904232  0.70477865693810882
  0.71522540752739849  0.72522881390777449  0.73585112933961272  0.74656873306124083
  0.75761232380961352  0.76862395423588281  0.77964029207697949  0.79062580810333194
  0.80109952832528575  0.81172122675624636  0.82281117346221577  0.83350594217567253
  0.84389739411695186  0.85401936933003930  0.86440919309792641  0.87498539429994737
  0.88596009112746477  0.89658751506362833  0.90693856128052708  0.91735666324235776
  0.92831751149897057  0.93931567814922512  0.95023523770164997  0.96083576262740611
  0.97098220742337338  0.98101632275219497  0.99048623651437040  1.00000000000000000
 -0.00233166006088738  0.00908376101470932  0.01938046465082288  0.03011668306026441
  0.04080165493621863  0.05182794426625438  0.06305633269817007  0.07421750586278399
  0.08526302244472539  0.09551331781037033  0.10537657582199952  0.11492042875137036
  0.12461055434680354  0.13463779044111018  0.14466656203041123  0.15499481721095970
  0.16541836324525161  0.17525087825079230  0.18477490607595490  0.19454836498788469
  0.20466887019792881  0.21482720344079795  0.22500506076595489  0.23569683752848769
  0.24686214465730380  0.25829226318280607  0.26977233236049725  0.28121109675464218
  0.29258010249485161  0.30366169640967716  0.31487821085583290  0.32598054738426041
  0.33718429330897093  0.34846365508260041  0.35913697360441582  0.36959526599107240
  0.37965698616203408  0.39006349912470545  0.40014485553603868  0.41019580939962624
  0.42059192467367906  0.43125676211140213  0.44182859412940867  0.45252372158991006
  0.46334893970589319  0.47426675487407238  0.48506338034756530  0.49574630669287462
  0.50640540589860594  0.51704340620202138  0.52762284886355160  0.53830536424642506
  0.54921459277384366  0.56010629131999945  0.57100337652272515  0.58175188446391812
  0.59232038314616242  0.60251553462101082  0.61255405843830601  0.62275978033149526
  0.63309780890592260  0.64338184073752358  0.65338850425237860  0.66319138426872892
  0.67289007626894048  0.68287599141238930  0.69310354974462085  0.70352430086476092
  0.71408616507188372  0.72476923288842288  0.73579882467692137  0.74661600176924880
  0.75711027076629334  0.76736999687323126  0.77807536830497481  0.78894362414094188
  0.79962001886274381  0.81009425427869597  0.82079498416568442  0.83149292003069630
  0.84203223263370430  0.85211693587530613  0.86202042485212582  0.87183918655473525
  0.88182733812831837  0.89178633518376726  0.90185590920037129  0.91213400494388608
  0.92306148066971716  0.93400988455828804  0.94468014623874785  0.95528506844294792
  0.96653359786157722  0.97795108601234171  0.98917854756645673  1.00000000000000000
 -0.00242049002531874  0.01001216096709184  0.01995959064761446  0.03046556271854175
  0.04072679755113661  0.05247366442170028  0.06359031413084854  0.07459890929633491
  0.08557023335920655  0.09661423628072867  0.10742750087823180  0.11807297916049192
  0.12846427174782427  0.13893483644879792  0.14944876949732253  0.16016226571570835
  0.17071935077120612  0.18130702927205930  0.19194016515255571  0.20248897075410527
  0.21278552371249204  0.22295719354242979  0.23333458386324207  0.24378576951960557
  0.25459832373050773  0.26572766861702973  0.27719859649071471  0.28870640178689855
  0.29988730335961072  0.31059941048733442  0.32072810813399755  0.33070696332093391
  0.34086213378891528  0.35122398189580201  0.36133169358389333  0.37119426322955684
  0.38103914055027854  0.39098139394343573  0.40109360079464673  0.41095552987052303
  0.42117952120260249  0.43117460996079798  0.44150342877168058  0.45164426060501200
  0.46268989836746599  0.47436285651569449  0.48602008338677277  0.49707463115579337
  0.50719673591788672  0.51689658997585708  0.52663300231182208  0.53633001803574365
  0.54613506921883226  0.55580922568673286  0.56594454419833051  0.57659068583080852
  0.58706433214504394  0.59736778149778036  0.60783526402041510  0.61866305945878031
  0.62967541803130012  0.64064508592879399  0.65103977786107481  0.66122580155398714
  0.67160074442314910  0.68242903260416765  0.69314991524785896  0.70362903039538127
  0.71406792488900961  0.72474628818801190  0.73547290551997868  0.74592422639314415
  0.75618186730857340  0.76623722508856607  0.77671797736902692  0.78746433102608682
  0.79873010950038648  0.80982558530366722  0.82070136560192020  0.83121025650044933
  0.84228600615892657  0.85309427379761904  0.86423541086451416  0.87497131515133342
  0.88597725612835265  0.89660282777263733  0.90678405528832018  0.91665987113644365
  0.92673779890355978  0.93697583843527288  0.94733523665979524  0.95801879507318433
  0.96854564416848965  0.97934018324120642  0.98961299678620085  1.00000000000000000
 -0.00195464326715255  0.00712248077869403  0.01556715778978852  0.02382162628209237
  0.03194257354192721  0.04015129490885583  0.04872430546674271  0.05742460933806191
  0.06626058073195622  0.07515283537208217  0.08445994232505219  0.09433174514469397
  0.10430507563099729  0.11422744961324163  0.12438868602770746  0.13491589187050551
  0.14529008528842818  0.15486743320037158  0.16410810107033094  0.17343207820221404
  0.18276891077193883  0.19201090549972138  0.20125181189169780  0.21083111939629925
  0.22076040706659036  0.23095914691815442  0.24108785553848475  0.25105160300246815
  0.26104287297859152  0.27099342421722616  0.28129063844511454  0.29218992301655661
  0.30365090615888068  0.31562821578846667  0.32749528847666715  0.34005365700433365
  0.35299283527812109  0.36547679330948818  0.37823346495475341  0.39152875724126823
  0.40382785802077348  0.41546139380393299  0.42788815625985627  0.44041174719513737
  0.45265581151686518  0.46435766101019349  0.47596130153416022  0.48731505425541183
  0.49858443396535507  0.50991831005626309  0.52154344434826228  0.53351718644696045
  0.54559299299997044  0.55789474450222354  0.57054577170179599  0.58344707553013053
  0.59623090806882850  0.60847536555208470  0.62031114800112319  0.63217924239431789
  0.64414873702170161  0.65579044603513192  0.66719140050434422  0.67863161106241698
  0.69024673737531628  0.70186709011005111  0.71324160491361510  0.72448887299379039
  0.73573005359339760  0.74692827324007216  0.75809212045013685  0.76906566963867529
  0.77975804634703283  0.79029866709264007  0.80107192199766108  0.81194055536997389
  0.82251969630746868  0.83282907241875703  0.84316562034084519  0.85363632214515683
  0.86398434010257319  0.87425897162280242  0.88427345381859546  0.89395333844341973
  0.90327581608421226  0.91239390479642146  0.92155593243856959  0.93083860150741193
  0.94014716702425039  0.94942376792383298  0.95856774913516096  0.96730196813763747
  0.97590413697991085  0.98417813257750997  0.99212872189910861  1.00000000000000000
 -0.00216766175563929  0.00930051591572377  0.01913724320868711  0.02938009734278206
  0.03972978997561308  0.05042133378835046  0.06143331438965659  0.07184804361689741
  0.08217499620714416  0.09251255946567709  0.10282039500906738  0.11351293923553182
  0.12415026907450018  0.13483466230419522  0.14553927167183361  0.15592001384574736
  0.16611804572168090  0.17606542021973998  0.18604078030153806  0.19610546531685469
  0.20607079739090406  0.21616855303127713  0.22650311855563832  0.23723688183455202
  0.24822611576908071  0.25892994817583759  0.26943774924805930  0.27989563157570635
  0.29040555455035566  0.30063456696907653  0.31086759148220600  0.32143769391431082
  0.33218133522281695  0.34282314837941696  0.35349385861087640  0.36462177050484418
  0.37588888496236927  0.38686433814073512  0.39760753164985085  0.40845164904198389
  0.41919378462459872  0.42983131368827338  0.44066559053390353  0.45150209953864318
  0.46220337656828436  0.47226713619178901  0.48266400774371643  0.49315340021475301
  0.50356146022539050  0.51422545738664771  0.52519681980021193  0.53678654034195705
  0.54818361641334157  0.55923029463377705  0.56993217411239860  0.58038532859177105
  0.59090566071155148  0.60181113430791688  0.61248514974041290  0.62287668483275860
  0.63333698329895383  0.64365892949866554  0.65424233725974179  0.66499676804856822
  0.67607520099816476  0.68730836329424272  0.69825611413322619  0.70892392950754046
  0.71968345905988906  0.73049500253922661  0.74148626711622811  0.75194729999252463
  0.76191953361360099  0.77186292286455760  0.78209693474478370  0.79252608181956563
  0.80307569266876377  0.81360246255054880  0.82391555001730565  0.83424725495991359
  0.84432180525852885  0.85450588981830877  0.86414529287368924  0.87369536388718583
  0.88367213960028079  0.89375494916238640  0.90372888113127836  0.91339831259053317
  0.92339103532498945  0.93372218757769787  0.94414588620972340  0.95478197110756891
  0.96567789500316392  0.97713625081184607  0.98842597162026757  1.00000000000000000
   7.1641435459217222E-010  -1.0000000000000000     
 T F T F T F T F F F F F F F F F F F F F F F F F F F F F F F F F F F F F F F F F F F F F F F F F T F T F T F T F F F F F F F F F F F F F F F F F F F F F F F F F F F F F F F F F F F F F F F F F F F F F F F F F F F F F F F F F F F F F F F F F F F F F F F F F
  <DiscreteSampler_grid>
  grouped_processes
  1 # 1 for a reference and 2 for a running grid.
  10 # Attribute 'min_bin_probing_points' of the grid.
  1 # Attribute 'grid_mode' of the grid. 1=='default',2=='initialization'
  0.0000000000000000 # Attribute 'small_contrib_threshold' of the grid.
  0.5000000000000000 # Attribute 'damping_power' of the grid.
 # binID   n_entries weight   weight_sqr   abs_weight
    19   10   1.339604359040977E-001   6.703824553459332E-002   1.339604359040977E-001
    25   10   8.559236017941613E-002   2.094475662294167E-002   8.559236017941613E-002
    37   10   9.595159910346553E-002   2.734905969515191E-002   9.595159910346553E-002
    43   10   1.054513409706572E-001   3.781969540564958E-002   1.054513409706572E-001
  </DiscreteSampler_grid>
