 -0.00174806108377737  0.00613261057846589  0.01343252004874420  0.02075590122373466
  0.02825406708802374  0.03584288993964502  0.04350569229538043  0.05126142490828397
  0.05909402331937780  0.06702186720265468  0.07504723428649826  0.08313997407822329
  0.09134024562809530  0.09962248121794508  0.10799799433699514  0.11647927190701435
  0.12503569186414598  0.13371125093983158  0.14246451679832167  0.15134569118676694
  0.16032263272157396  0.16940966583314510  0.17861964112158515  0.18793875016835743
  0.19738005397249900  0.20693157736984669  0.21661225735937800  0.22640523566682058
  0.23631571479243954  0.24634232025928482  0.25650037901353373  0.26678931264412953
  0.27721021681907682  0.28776491643843932  0.29844216863341705  0.30924359282484959
  0.32016901396322539  0.33122943245972841  0.34241698451875074  0.35371857200174012
  0.36514185777482927  0.37668628402978060  0.38836125585577630  0.40015878599724342
  0.41207548549760431  0.42411529628963945  0.43625309900013148  0.44847951671085007
  0.46077336041938582  0.47314830518289003  0.48560217200113137  0.49814365644867203
  0.51076236069443737  0.52343331202757482  0.53614355614309017  0.54887855559733956
  0.56164339463966539  0.57443152330651381  0.58723032960457111  0.60001907412587363
  0.61278597614349917  0.62551970722319628  0.63821551634120188  0.65086074483029499
  0.66345895593349558  0.67599484826753464  0.68845586695682670  0.70082953831931294
  0.71310771383960891  0.72529854587582732  0.73736640656272678  0.74935845232578246
  0.76120416621067843  0.77297193691644683  0.78457688732371267  0.79609335140665005
  0.80746815197260380  0.81874164946628925  0.82986241633440361  0.84086693684918667
  0.85172820473536337  0.86247197064004189  0.87307998051728031  0.88357447712652326
  0.89394100064240312  0.90417960076408321  0.91428774023888248  0.92427813560066130
  0.93414767418816935  0.94390765290388412  0.95353709042014578  0.96305362458661814
  0.97241668787721858  0.98169854172583393  0.99086399010015991  1.00000000000000000
 -0.00242686112876414  0.00995219087007094  0.02030307370023427  0.03096686398807894
  0.04161096740440224  0.05216449796185112  0.06275716650322602  0.07345839301012450
  0.08412805035778306  0.09465773130147133  0.10515143895769888  0.11567328233233939
  0.12618364536511545  0.13669420454292025  0.14721765283643840  0.15775590402548934
  0.16831747939411423  0.17892277580802493  0.18948356574093517  0.19998236416611642
  0.21051524716585743  0.22111699713063185  0.23174396077396928  0.24241852745415512
  0.25306991127952866  0.26365398060708978  0.27421641240124661  0.28469466628148865
  0.29517158925430970  0.30553022241114253  0.31597450317387288  0.32636131819719932
  0.33676380214427548  0.34715583243471293  0.35762860975441307  0.36817929254213566
  0.37867655706421199  0.38912815740274420  0.39962431792048175  0.41018915051242721
  0.42081511177464337  0.43145918488833118  0.44204057239965011  0.45261557593076968
  0.46307231665965642  0.47358781250804205  0.48407372016163208  0.49450852095147696
  0.50497631634180551  0.51549051554281555  0.52605691412777333  0.53666555111243874
  0.54733446884518178  0.55797213528806577  0.56852790207591641  0.57907791761474636
  0.58969275667338639  0.60028606864630407  0.61077422218123689  0.62127124749521856
  0.63167863259882184  0.64204564979072587  0.65242361459963027  0.66275881752974453
  0.67317030769719277  0.68350789972959591  0.69404561010538668  0.70457949480754412
  0.71512822685398481  0.72563535376405097  0.73620283956306753  0.74685730116205928
  0.75748186118113281  0.76811103985987916  0.77871387495910283  0.78938713052524134
  0.79989192296162459  0.81038891949814595  0.82092389898214757  0.83158062630335972
  0.84218933338586832  0.85284451484164026  0.86346093628955667  0.87409912885960195
  0.88464647565251808  0.89522919543481405  0.90579029884616424  0.91633708400831326
  0.92680533663390507  0.93728809800145507  0.94782194436570144  0.95827230245403139
  0.96861991212380971  0.97902288026526818  0.98952851706328027  1.00000000000000000
   9.2269803911976729E-008  -1.0000000000000000     
 T F T F F F F F F F F F T F T F F F F F F F F F F F F F F F F F
  <DiscreteSampler_grid>
  grouped_processes
  1 # 1 for a reference and 2 for a running grid.
  10 # Attribute 'min_bin_probing_points' of the grid.
  1 # Attribute 'grid_mode' of the grid. 1=='default',2=='initialization'
  0.0000000000000000 # Attribute 'small_contrib_threshold' of the grid.
  0.5000000000000000 # Attribute 'damping_power' of the grid.
 # binID   n_entries weight   weight_sqr   abs_weight
    10   10   1.656898307316774E+003   2.929418290533421E+006   1.656898307316774E+003
  </DiscreteSampler_grid>
