 -0.00000263659042489  0.00011396551932956  0.00048492883471419  0.00101319244552497
  0.00167032096369293  0.00239643689095441  0.00318917098448219  0.00405697680262081
  0.00496094253409234  0.00590976178048000  0.00691638463769100  0.00791757198315250
  0.00894684005030931  0.01000807881457742  0.01108167551081761  0.01219334791706802
  0.01331484933767462  0.01441507782654644  0.01553897319014991  0.01668585849305006
  0.01782818247136352  0.01896743772918694  0.02014398122462066  0.02137575374981182
  0.02260415834376961  0.02382602132699110  0.02502153414005665  0.02622598116636385
  0.02750229568225693  0.02880437928521916  0.03007985317176902  0.03135705773489440
  0.03263637747546651  0.03390500843863722  0.03522874708008639  0.03659685624327539
  0.03794630371198636  0.03928584827035409  0.04062061348772617  0.04196021286225674
  0.04330349311161857  0.04467304170723723  0.04606841831460874  0.04747927256532085
  0.04890475828392955  0.05034456941763112  0.05179540004011940  0.05325577039952963
  0.05472687711803834  0.05620882269546837  0.05769999362557365  0.05921162365636382
  0.06074616471514600  0.06232694356961816  0.06392838194813476  0.06555043284535229
  0.06718097370144779  0.06880646542497829  0.07044252811647926  0.07209293037795947
  0.07372787812558010  0.07536104093776094  0.07698529939078222  0.07867068496914767
  0.08044862552529136  0.08224291410455832  0.08406391618521403  0.08590520901089219
  0.08777367082997566  0.08968685029354945  0.09164582413848223  0.09362673585356801
  0.09562769142857117  0.09773064633108640  0.09982313319317565  0.10187306239834885
  0.10404545237760245  0.10634073575852375  0.10870330523197809  0.11118519213814777
  0.11379012414133508  0.11646373813740135  0.11922400951801512  0.12211031922799212
  0.12512254476296711  0.12820510392670253  0.13144901403917114  0.13480296659207847
  0.13817788335559222  0.14298179641320777  0.14867971325510085  0.15514840939087754
  0.16326715327962404  0.17590512030281200  0.19561294123421608  1.00000000000000000
  0.00949767928181500  0.01641654121946732  0.02618838104769748  0.03681125590597815
  0.04704035894422363  0.05772444881357545  0.06847908748485000  0.07973655137340653
  0.09082124461945831  0.10202883695465244  0.11270669510310392  0.12320113050784748
  0.13400565899136813  0.14448419488829106  0.15495303262181684  0.16485257374750731
  0.17537384052565225  0.18582214624446991  0.19631353184116962  0.20675258855000975
  0.21727811624757515  0.22784252876359617  0.23839459990162101  0.24880951777792273
  0.25966009108282567  0.27047908611293925  0.28088251268936792  0.29133972226495825
  0.30222477838634371  0.31339727025565922  0.32404396086564907  0.33454863757353681
  0.34642926767548393  0.35790287496078826  0.36885915864659807  0.37961374590443459
  0.39095406466309618  0.40140453980715529  0.41190553747516007  0.42258135467536617
  0.43348102168687119  0.44372434521951598  0.45369649874081802  0.46379625555420106
  0.47423915682555789  0.48491550312125370  0.49525834997649759  0.50587677391925212
  0.51642430611886436  0.52676093107886124  0.53694056841632898  0.54698679268965256
  0.55722827267299035  0.56736871155761692  0.57746120843209514  0.58760735223783445
  0.59797347429616399  0.60821149469790592  0.61862321681468335  0.62889111614201687
  0.63924962393565044  0.64949291510001173  0.65994497437154631  0.67066548476847210
  0.68157814281084717  0.69253171298451655  0.70323796281426065  0.71316654360439735
  0.72258077589901704  0.73216966608107936  0.74165106734379505  0.75130666648730138
  0.76092743198437651  0.77038422533880346  0.78022285317569806  0.79034345310930720
  0.80078086885845612  0.81144259532934082  0.82189791921949162  0.83251307799659091
  0.84307770029318940  0.85357987802915636  0.86395660797595897  0.87439732157854655
  0.88496680351272405  0.89546377388797860  0.90575607217089094  0.91648097644296933
  0.92743104277468347  0.93854707536535120  0.94928978287896615  0.96019301252004752
  0.97102998212872715  0.98153892190640601  0.99150422479474243  1.00000000000000000
 -0.00239115191541258  0.00882914231286152  0.01870486325142557  0.02886073296993008
  0.03932770560927578  0.05014589275853289  0.06056960620265865  0.07078721324170335
  0.08092403199088917  0.09161459838980805  0.10210735459560466  0.11233087463511073
  0.12235833315540917  0.13330960907536119  0.14437920073913355  0.15448330806289370
  0.16476994828056155  0.17595261067871967  0.18707129293283825  0.19742416834103887
  0.20744358933568910  0.21786082656672612  0.22861461832439967  0.23977516177460664
  0.25062741646727471  0.26128536866646551  0.27180166687519236  0.28259874125587198
  0.29324500695782091  0.30396557840966359  0.31467344410678322  0.32552395418126517
  0.33553965003140912  0.34533262133417136  0.35539552127887636  0.36595763785866153
  0.37615850205726831  0.38648740969782891  0.39682532824711825  0.40828649689898910
  0.41947492125588509  0.43040293627761700  0.44109455818836119  0.45143845306988301
  0.46192469071748732  0.47245597894729524  0.48315223996235973  0.49368935251663643
  0.50452854889324539  0.51523730788824051  0.52589041199337550  0.53645761282589599
  0.54760566693670831  0.55898807960557328  0.57007499174007459  0.58135681793758798
  0.59226690732609699  0.60313633081434193  0.61359427686988965  0.62399092886377006
  0.63434816414234751  0.64468641137768690  0.65554903146981069  0.66672017487436996
  0.67753117778565908  0.68815652955893947  0.69867867255718985  0.70915669390284664
  0.71943392568356468  0.72978895179260317  0.74019689961958990  0.75066775967507804
  0.76120864306511637  0.77206117055511703  0.78321391638522342  0.79398279099767044
  0.80434877179880448  0.81468556322013708  0.82500332600066539  0.83514149819952810
  0.84496428809411095  0.85499685408333226  0.86517678141058951  0.87512812059653655
  0.88484321811266886  0.89496228423262614  0.90576070252697372  0.91660580961055760
  0.92737315064779779  0.93796007288637406  0.94857857435096304  0.95922235392657540
  0.96963782628458206  0.98023873651567717  0.99008408302046780  1.00000000000000000
 -0.00258598724746934  0.00970468413361345  0.01978546004975170  0.02989722849143831
  0.04039110837890019  0.05025758055289859  0.06038156171811569  0.07052406834816702
  0.08135328101099901  0.09124637334858840  0.10087139251431541  0.11066823646971911
  0.12071926981297108  0.13087643978692601  0.14128992921608594  0.15210442903625698
  0.16295566377240317  0.17315062082196675  0.18300078290289812  0.19303629455786317
  0.20336043267544740  0.21371119733800101  0.22399685755266421  0.23439741835733624
  0.24514789379766583  0.25606381922046778  0.26696945393872873  0.27769840130820378
  0.28823398374304743  0.29860883428661761  0.30896146496121502  0.31922324055472667
  0.32960653854584931  0.34004219556287352  0.35049705967526434  0.36072800242905467
  0.37067646034886537  0.38041313510478825  0.39004048332443031  0.39973197287607670
  0.40950460155604534  0.41957717701512964  0.42998474514907542  0.44048508799670394
  0.45099991615238827  0.46185386532857903  0.47312275163239242  0.48422710163586796
  0.49494952208308879  0.50570933679463992  0.51656075961691228  0.52724816387010864
  0.53781590633353948  0.54871203595884277  0.56011301716959594  0.57184099364144947
  0.58383695495102073  0.59584790841811408  0.60744474768947343  0.61832772466378527
  0.62889367860190792  0.63955384540656834  0.65005354824009320  0.66021233512836741
  0.67125837597029414  0.68272161919966567  0.69364912456878569  0.70393007215400338
  0.71489861360004636  0.72555223707077732  0.73582587485482354  0.74601739392715927
  0.75647511682613844  0.76731597285929642  0.77805736323338692  0.78849786660797672
  0.79889399332322486  0.80925010319008717  0.82007203723798905  0.83139757237959189
  0.84226445757948887  0.85334092962826091  0.86383555535574053  0.87421823054873182
  0.88413073523261976  0.89447018760036268  0.90537209817425812  0.91667751866822778
  0.92721957183503456  0.93762808230336880  0.94766298148235817  0.95793799735774865
  0.96807311869416512  0.97849199930447672  0.98919391007878155  1.00000000000000000
 -0.00231422375897161  0.00922285847874011  0.01944013668006673  0.02991812441018250
  0.03996857653021708  0.05017778405555849  0.06078482316618522  0.07143646678788684
  0.08161642490922176  0.09172117392224347  0.10215298117704297  0.11284660702214183
  0.12371235595225170  0.13431443599705301  0.14482885623061234  0.15534270928300772
  0.16583291958304375  0.17611086602094048  0.18634851562466098  0.19679779850104837
  0.20746241689859532  0.21757222900454820  0.22733831738699248  0.23705302902709777
  0.24677909486228367  0.25684780402063179  0.26693773625899847  0.27707604875792463
  0.28733812457832475  0.29773607291647008  0.30844794878801757  0.31932454030700735
  0.33017932707229530  0.34083275411219383  0.35147498261148258  0.36207432104824161
  0.37276969600651444  0.38344700109484953  0.39406362393936983  0.40457553591912265
  0.41510341169238923  0.42598387903264623  0.43701395445668362  0.44820056829528754
  0.45912750757845622  0.46980632515836590  0.48031875039980648  0.49080913602998050
  0.50123345155012689  0.51111861261810376  0.52092847635188422  0.53121143966759221
  0.54172947038505159  0.55217957919877980  0.56251844732294110  0.57340700671254630
  0.58421635257386395  0.59488915790552599  0.60564650883624382  0.61696151150356171
  0.62825405408322044  0.63988223322602900  0.65118436995794104  0.66231846874510669
  0.67317953042724954  0.68407850240449330  0.69524719849909911  0.70631474726656684
  0.71673226187992178  0.72708861564478044  0.73762040504529791  0.74853428421390622
  0.75893093090528596  0.76920810676824092  0.77976685354047626  0.79045330059490082
  0.80091223873645501  0.81108335644359320  0.82135452840087064  0.83178330535482503
  0.84206978897653495  0.85215841868068143  0.86221854984671964  0.87254922841770866
  0.88257236371213754  0.89267624174510340  0.90301390803756698  0.91345031472305427
  0.92361200851334735  0.93366012120717490  0.94400055945577355  0.95478054682938429
  0.96585857147799092  0.97709090774195828  0.98848012148843800  1.00000000000000000
 -0.00261497284439333  0.00987635679468374  0.02032697251125626  0.03031075187824325
  0.04027546229502046  0.05042022213496670  0.06042267159584145  0.07047050595643758
  0.08043171746337854  0.09106732469573313  0.10225622469637305  0.11301248066873008
  0.12349656008768506  0.13422049856483198  0.14468258957345073  0.15485882381801738
  0.16482577223620309  0.17559929142958486  0.18677333081577654  0.19754200529006938
  0.20809819692636164  0.21916161156161543  0.23033280168490672  0.24129430168834262
  0.25187370530452291  0.26229564237070979  0.27289644646641031  0.28383963072732338
  0.29482584454571226  0.30562883510412286  0.31653245901237881  0.32750510466840160
  0.33820355283388498  0.34874508910518981  0.35920840540985072  0.37001807861038560
  0.38031134464215982  0.39019088507470118  0.40011720654253213  0.40989402678019093
  0.42024726159259856  0.43033126678369188  0.44039750672223532  0.45083169206735535
  0.46121854156789099  0.47171313413388299  0.48211674619090678  0.49250353104323186
  0.50263046134112765  0.51299485181574211  0.52413939109459029  0.53579684156740559
  0.54708278690911571  0.55745780995745464  0.56778353537647530  0.57816305952749347
  0.58866720680789242  0.59919921169957346  0.60996081501140920  0.62089619374773863
  0.63168468560504643  0.64233232151628583  0.65294816747886397  0.66361887848925483
  0.67437277472552759  0.68518470674966803  0.69619571319928175  0.70717141398036043
  0.71805119099186632  0.72854694893577299  0.73875187243757445  0.74905406661439655
  0.75934092375390294  0.76946066645395350  0.77950884896846007  0.78996026099515049
  0.80073720281059280  0.81151470208014853  0.82217178644088396  0.83288249479899013
  0.84361398613626903  0.85417598176581189  0.86480619628978861  0.87535797506618007
  0.88572409298006682  0.89590685834766592  0.90614603840714170  0.91656715169335912
  0.92678208815055452  0.93689855343459139  0.94709474603453803  0.95706288865597078
  0.96732957870436420  0.97754611174045036  0.98871770590394370  1.00000000000000000
 -0.00172457055484522  0.00684706651961010  0.01493241399024586  0.02303044052080127
  0.03138743148132887  0.03982782219736310  0.04828849881406729  0.05696758768730718
  0.06571157833422095  0.07450539244834413  0.08330300068060667  0.09258845906865935
  0.10203115839004175  0.11179224752329080  0.12157543116760391  0.13136731147142469
  0.14111354680068863  0.15098582795216325  0.16111844465118136  0.17122983877045161
  0.18152063411426717  0.19200065453102408  0.20249282913075645  0.21275516676128631
  0.22294193691871803  0.23324126868243639  0.24357783698590627  0.25407545727326236
  0.26486514532882760  0.27588282699391670  0.28705402719964357  0.29804702531181215
  0.30922001464155641  0.32081201993088243  0.33240102856524850  0.34353101153618443
  0.35456840980328830  0.36626475229141209  0.37799034652797703  0.38937314672774376
  0.40075065321614328  0.41236462870017215  0.42445932245216961  0.43700281219864401
  0.44972995527864984  0.46198272534994500  0.47383893548451372  0.48565193312742388
  0.49795326691798103  0.51078175386142544  0.52369189323716048  0.53636417583589080
  0.54875209770020617  0.56115721891962789  0.57405117078195012  0.58713123615482499
  0.59998178903712251  0.61234805334733466  0.62435166918920038  0.63562956280551808
  0.64651746524563114  0.65780384152364035  0.66909409414019960  0.68013844395624323
  0.69115726042888059  0.70234398463591630  0.71338531497784829  0.72405114335028387
  0.73473596379952455  0.74559970341519943  0.75662895114085904  0.76759043692953111
  0.77822047997514576  0.78871752401055617  0.79944460745144097  0.81030091103997071
  0.82114042087456640  0.83185019397224469  0.84256608518653209  0.85307833825157287
  0.86301443082678864  0.87274993054956596  0.88230535716814484  0.89167984266992883
  0.90103000165922409  0.91035656843270540  0.91957272819720948  0.92867975072615372
  0.93757432321299172  0.94645210797233248  0.95539775016474104  0.96442338581174958
  0.97353015403655785  0.98246438306237549  0.99135987703665340  1.00000000000000000
 -0.00238524299785528  0.00935587031792733  0.01923185741378938  0.02916571682669559
  0.03894247072430951  0.04931570980951965  0.06013065785192884  0.07027651456112469
  0.07980573866895783  0.08955256912077086  0.09954936545809744  0.10962810469099873
  0.11971756947899263  0.12997044015231887  0.14040052738038367  0.15074089179324471
  0.16109185619931624  0.17150801327539514  0.18209119511939473  0.19261340085955561
  0.20322849920738853  0.21413134543754384  0.22515120037917327  0.23588366888272247
  0.24650672707307755  0.25717363189967368  0.26795607588949094  0.27856704720173198
  0.28908279317960545  0.29950105292658841  0.30997771632331672  0.32040129723976923
  0.33076021563479158  0.34110213683492935  0.35178713657932331  0.36295374491846144
  0.37448517477371834  0.38589039565502808  0.39700369106307176  0.40774364634061450
  0.41812027818895675  0.42826004828059638  0.43821364465340507  0.44825674079840860
  0.45836338853919395  0.46859043972441616  0.47899615848990007  0.48974253014165120
  0.50083713089761428  0.51215933868837782  0.52365588120237316  0.53506382941696851
  0.54650201440116819  0.55790506841368892  0.56950966401949976  0.58109507502826052
  0.59274144858203426  0.60425829128563757  0.61559276405318597  0.62639475611594075
  0.63681677015603166  0.64746988946891559  0.65828136834100970  0.66895382441276485
  0.67936943033257768  0.68999986343257758  0.70094150372189101  0.71205920254474930
  0.72311587234944175  0.73407442603149020  0.74460146736211141  0.75484340862881849
  0.76479796800530242  0.77494101265315618  0.78507949131461374  0.79525688073863321
  0.80556078140138976  0.81600099074008747  0.82636297397175307  0.83647637899771243
  0.84663192668983722  0.85691970523896177  0.86723073745284995  0.87720623381542706
  0.88710086348947503  0.89706591077823683  0.90728842931062903  0.91774167885780589
  0.92851497695518759  0.93917458541442334  0.94961202450797655  0.95990614600911217
  0.96987015151737344  0.97975418484774723  0.98973747609909091  1.00000000000000000
   7.1239633129258461E-010  -1.0000000000000000     
 T F T F T F T F F F F F F F F F F F F F F F F F F F F F F F F F F F F F F F F F F F F F F F F F T F T F T F T F F F F F F F F F F F F F F F F F F F F F F F F F F F F F F F F F F F F F F F F F F F F F F F F F F F F F F F F F F F F F F F F F F F F F F F F F
  <DiscreteSampler_grid>
  grouped_processes
  1 # 1 for a reference and 2 for a running grid.
  10 # Attribute 'min_bin_probing_points' of the grid.
  1 # Attribute 'grid_mode' of the grid. 1=='default',2=='initialization'
  0.0000000000000000 # Attribute 'small_contrib_threshold' of the grid.
  0.5000000000000000 # Attribute 'damping_power' of the grid.
 # binID   n_entries weight   weight_sqr   abs_weight
    19   10   1.574520692217080E-001   7.090029888612344E-002   1.574520692217080E-001
    25   10   1.783173479894284E-001   5.823512235333069E-002   1.783173479894284E-001
    37   10   1.871794887832893E-001   6.756711001345532E-002   1.871794887832893E-001
    43   10   1.890680969716491E-001   1.221775110925274E-001   1.890680969716491E-001
  </DiscreteSampler_grid>
