 -0.00000000990196499  0.00001268438069789  0.00009966442986493  0.00028909823251286
  0.00057973436282936  0.00096938237417715  0.00144921242687736  0.00198315339680063
  0.00258283800528973  0.00324146997570243  0.00394890437146710  0.00469560845083146
  0.00550339454887741  0.00632940919546315  0.00725607300329838  0.00816917719834429
  0.00915294281489729  0.01014834289464994  0.01115037566851860  0.01219463075196948
  0.01326135779909353  0.01432002010070820  0.01542710559078698  0.01659131675342236
  0.01775251073874205  0.01890930619052293  0.02011688842295735  0.02141806106148968
  0.02268577869149142  0.02394071324716552  0.02520662002071105  0.02648769269506205
  0.02778137941612194  0.02907260358546780  0.03033256939799723  0.03160341294444377
  0.03288268286271746  0.03416161733430678  0.03549095545912294  0.03685446610957215
  0.03820592975328937  0.03955890035275841  0.04091180866101141  0.04226499591996730
  0.04362482377531879  0.04496213577664250  0.04638735639687316  0.04787749239730481
  0.04941667156257021  0.05097330301545244  0.05251185677170206  0.05402322460456226
  0.05549133437753904  0.05695073824710089  0.05839521051686132  0.05994340701027096
  0.06154788340878181  0.06321240553143108  0.06495049186325119  0.06666689119941756
  0.06841268328441155  0.07016534550438371  0.07193082004285486  0.07372343975699500
  0.07554163785428443  0.07733228684623129  0.07917928015575880  0.08128977652975057
  0.08342590821549804  0.08554018764930076  0.08765639741202533  0.08978802487957073
  0.09195422083407143  0.09416203818471344  0.09640811776380483  0.09869213451590336
  0.10100567005896900  0.10328299701109643  0.10580518811035651  0.10869106191607071
  0.11174482069387531  0.11484493393354923  0.11800931038113588  0.12130279191409349
  0.12462973654177177  0.12806331480481353  0.13156899731144628  0.13515831458710229
  0.13932953633535072  0.14426943276110393  0.15025246858465499  0.15716846330165524
  0.16552507514671871  0.17752820312907566  0.19470085480973109  1.00000000000000000
  0.00933607104626609  0.01657441807832300  0.02660085229538870  0.03746839413041757
  0.04753430951605393  0.05710701817138455  0.06712515353551358  0.07744975662473794
  0.08822700389743859  0.09905666642029348  0.10980558305749670  0.12033009665824718
  0.13094396140574036  0.14143414423449263  0.15171641380210035  0.16209059203239784
  0.17287554865884472  0.18432843653992090  0.19528609179717402  0.20566340189170809
  0.21578200429803565  0.22551541647106690  0.23589803438108861  0.24658225775899836
  0.25718344629318352  0.26746082155710527  0.27765858863761578  0.28802165143737352
  0.29840126680473472  0.30848904070660954  0.31862410168357119  0.32899572008679129
  0.33935299702322058  0.34971052851021955  0.35977589087255496  0.36964952804650025
  0.37955245393512088  0.38930644569669776  0.39932010956019087  0.40948534896139460
  0.41972449315545196  0.42987831506129615  0.44011794271236437  0.45042939045751557
  0.46042915980199389  0.47038087030358733  0.48049422366777272  0.49087258603019551
  0.50120924492281793  0.51208252303116897  0.52292527758937035  0.53369744942234842
  0.54447306994441524  0.55581672067669063  0.56670468786712858  0.57703801560252943
  0.58747421629240704  0.59814819605354641  0.60882822075125231  0.61939707642513497
  0.62978778873762831  0.64026794281896027  0.65070019446761385  0.66150718061108127
  0.67265132380026560  0.68414572073765367  0.69572030547502450  0.70704378815355284
  0.71768399459445453  0.72825468530692639  0.73888418579488535  0.74966433173862201
  0.75989857048987752  0.77007561626125109  0.77969920633388601  0.78976785265612537
  0.79999365232175790  0.81023586644614054  0.82027258918824475  0.82997484919258468
  0.84029067714485761  0.85070802101759146  0.86123473886270674  0.87164329279574426
  0.88256652849308082  0.89334327882887810  0.90350617111927956  0.91371941372363918
  0.92520012673356788  0.93699345302690151  0.94817008431734873  0.95870776885107234
  0.96931576097767680  0.97986995286993139  0.99145662040585580  1.00000000000000000
 -0.00224612374067089  0.00866298800641148  0.01811984941004328  0.02809169405924354
  0.03837377265878132  0.04857023477168634  0.05895596647324470  0.06931249844925381
  0.07964364651476190  0.09003193273414233  0.10052894202364299  0.11126939107645767
  0.12225530138128445  0.13261295641382359  0.14275164709391772  0.15319731051872335
  0.16397343226723460  0.17499144610133202  0.18662942525132192  0.19872322405869336
  0.21136508188351219  0.22353603842390160  0.23494087365871161  0.24571379548471256
  0.25592273278416883  0.26587460207989333  0.27561598502517015  0.28509362941340460
  0.29472716080898353  0.30472319360431793  0.31504745834827885  0.32543347745511031
  0.33607090007088214  0.34655702180799675  0.35713283285650205  0.36767327675882833
  0.37798621671637933  0.38794618299984490  0.39808947213703827  0.40851833715042829
  0.41926727571513317  0.43000862583230820  0.44065987720379635  0.45173338294530252
  0.46285771661488601  0.47441988669588581  0.48547360489995922  0.49631644587645213
  0.50682002935497461  0.51730574762693160  0.52809102243469808  0.53886616592302827
  0.54952772487096013  0.56014187243243752  0.57077533985524198  0.58112658403242012
  0.59092515333241769  0.60066866877813141  0.61080243596401362  0.62101409558920129
  0.63130174267903161  0.64115497679974098  0.65089606606769090  0.66053125917615740
  0.67081196514835595  0.68157725712386419  0.69254091994781442  0.70271116373738396
  0.71289792391479978  0.72343171208080914  0.73408928335922552  0.74488769749680217
  0.75532050904434245  0.76570618163129101  0.77664582060288323  0.78787141334422817
  0.79883639956525299  0.80926012898000332  0.81975651376962644  0.83055256320189741
  0.84084928071228215  0.85147377946272418  0.86215863703026296  0.87268176429888655
  0.88296182011606306  0.89346804153354464  0.90381028575477207  0.91429169146789468
  0.92494440536080103  0.93574807176827735  0.94627546853156208  0.95669306413231947
  0.96736883784917582  0.97820209745415598  0.98903954229794067  1.00000000000000000
 -0.00225606154290419  0.00881011074648871  0.01857300700067829  0.02856325994126467
  0.03881100430206136  0.04940687856269746  0.06019357655354499  0.07171454596369638
  0.08304945689414381  0.09507281021640002  0.10660864732113792  0.11804406237629453
  0.12933080675560604  0.14031952026198383  0.15117320093907874  0.16180652050200717
  0.17287812724505452  0.18474713914786478  0.19686565888950378  0.20891712953785319
  0.22073045245521875  0.23166394034798987  0.24174622515881067  0.25159500280433117
  0.26127141171886142  0.27062248306794351  0.27965504119237511  0.28856808225182284
  0.29784408115359257  0.30755340781463486  0.31759743687279735  0.32814768134117495
  0.33898148759332181  0.34989303562832352  0.36070765576102704  0.37140960977919307
  0.38238591265204552  0.39381658011966580  0.40570916599921070  0.41746216306216583
  0.42896968407245184  0.44053099920683764  0.45225123332485612  0.46365490604802068
  0.47446283485642476  0.48513007546085152  0.49578084784005805  0.50600381478208711
  0.51577489649615105  0.52552192521745777  0.53528959663322584  0.54461235310042400
  0.55352577348033549  0.56282001405394477  0.57240917300058480  0.58181234912694590
  0.59095680274487505  0.60029498005193038  0.61042361530180844  0.62111625769238599
  0.63225209642443025  0.64359714143068192  0.65520097755161966  0.66694009710978996
  0.67886622857509948  0.69002301953306466  0.70011661241124079  0.70965462509415078
  0.71903987536378733  0.72861474049801767  0.73824191050644083  0.74800948208640605
  0.75793334895745668  0.76777984509580122  0.77777568590583990  0.78790070443212379
  0.79851418656850526  0.80934478731098869  0.82007531678832180  0.83079733749925833
  0.84135921932111724  0.85176451901798256  0.86193940227367249  0.87222048197935054
  0.88277677768479812  0.89350505833481442  0.90417653319635360  0.91481073611398467
  0.92551816304564605  0.93619449628019491  0.94684547975996614  0.95718846843761363
  0.96746112401333328  0.97790774958055859  0.98877353016685543  1.00000000000000000
 -0.00224436583129314  0.00913390367302691  0.01944108643243117  0.02886690093077754
  0.03869350691747103  0.04838613367641754  0.05783014285263863  0.06725244992391530
  0.07674596151841938  0.08690739684570296  0.09782115883690015  0.10870851283786018
  0.11954182174577511  0.13074931822240859  0.14233726240237710  0.15339939652915144
  0.16374837143025156  0.17386110473764207  0.18382442922673914  0.19382566943631052
  0.20389821852582979  0.21446697367095879  0.22555014424826070  0.23649586390598210
  0.24718844646508994  0.25736598298953561  0.26735758458322884  0.27728955734125282
  0.28720031659427570  0.29744709108841205  0.30796539559680031  0.31845912246854385
  0.32855368328653972  0.33831751451335046  0.34798406146963107  0.35789336272969935
  0.36812011094567176  0.37891122485471568  0.39028151881532941  0.40177391934160556
  0.41319281216502862  0.42406857878934734  0.43465987444914528  0.44552664212111165
  0.45664999053159261  0.46816296906997229  0.47961799674244349  0.49029402617342721
  0.50069680058777533  0.51088864952367441  0.52121560676158929  0.53142663830958503
  0.54192737429632665  0.55315770860562263  0.56437711807734814  0.57554947864769823
  0.58687223013975875  0.59844274231453398  0.61004374804134720  0.62125524901951934
  0.63196403808260371  0.64217731169569214  0.65192426994017671  0.66144461605736316
  0.67106369420624601  0.68082106983143620  0.69104088667748120  0.70174395555125790
  0.71314963267555553  0.72464443561040215  0.73527905878488897  0.74524653120617423
  0.75525068045949884  0.76533185139703030  0.77528874561284244  0.78508796701050110
  0.79510351916273836  0.80553129884557917  0.81601312226250433  0.82687974722318480
  0.83848577420658232  0.85061293710981489  0.86277006494574648  0.87460251926663590
  0.88528615087039630  0.89578546355303601  0.90621512857091113  0.91659163200537408
  0.92725636592967364  0.93798117278294080  0.94845050491786143  0.95897204477349796
  0.96933398801117354  0.98006868096823208  0.99003483277154603  1.00000000000000000
 -0.00227552334213034  0.00993594119690304  0.02036821488327935  0.03034192413326833
  0.04059714119656302  0.05170425430728293  0.06284052358692439  0.07348990585487897
  0.08414647335563126  0.09532828696609076  0.10617031070741861  0.11655720635021430
  0.12685432276771294  0.13787545217355737  0.14862881614505299  0.15877783546115221
  0.16878775195755827  0.17865996142636512  0.18856289427115100  0.19868448619229362
  0.20886333674374893  0.21941131337407482  0.23010223277822670  0.24118744592883079
  0.25217971003049189  0.26294492034008515  0.27382019795457740  0.28471672818728028
  0.29564035876911299  0.30632813082381749  0.31720290329319567  0.32837656229417994
  0.33941285078015893  0.34992389483685921  0.36049851020178963  0.37112416303217477
  0.38187500444559114  0.39245584159614705  0.40324462312864395  0.41385440032418025
  0.42392404757831031  0.43387800992411346  0.44387077983816742  0.45388928478022739
  0.46353337928141153  0.47336157848790150  0.48376981043515727  0.49468901056936987
  0.50501844155561526  0.51516279532191034  0.52552825704939998  0.53622358873033715
  0.54657281395666923  0.55656114203227358  0.56674935096577173  0.57716329991649284
  0.58721443693706366  0.59689511060502121  0.60668069222673038  0.61677108129900071
  0.62696460131014009  0.63697465071286119  0.64679793602925539  0.65710303717520846
  0.66732179890755383  0.67896985934899579  0.69061658897368139  0.70163841409191041
  0.71214025828775407  0.72282018258167124  0.73337434373590904  0.74384391766252955
  0.75460511222843007  0.76620599507270404  0.77753095047277310  0.78919854012497026
  0.80052852541356356  0.81169139204233520  0.82277854648110849  0.83394707769864163
  0.84465180503695636  0.85495985916480233  0.86501002769198099  0.87524225782072029
  0.88495572855781657  0.89454365541265501  0.90403205105869189  0.91362634436295542
  0.92347500784206682  0.93359220739746795  0.94410201413993589  0.95525455330910503
  0.96654938984790850  0.97799354083518819  0.98910441842045826  1.00000000000000000
 -0.00203126399822307  0.00698306625472113  0.01553722849457635  0.02423670035255406
  0.03337472397199473  0.04230716532557002  0.05098006429159226  0.05942609700049540
  0.06776049111670943  0.07626695136286386  0.08493086813876455  0.09387478158757184
  0.10254568524226657  0.11120605300297930  0.11985845242058352  0.12918468274726069
  0.13920317377591671  0.14936047693840260  0.15916576893551582  0.16918929021193801
  0.17897598863698477  0.18907859578910544  0.19961938407180957  0.21083145888357285
  0.22231001989688684  0.23371562304570467  0.24477677071022363  0.25537065905566153
  0.26586066201305175  0.27677015747694322  0.28788766357600837  0.29956902311493561
  0.31145788856392842  0.32365448784835554  0.33574515336239324  0.34776931195887784
  0.35971271778853342  0.37124216743015753  0.38236234928962309  0.39335975212936186
  0.40416985941473077  0.41483409705554825  0.42578371184876423  0.43731009794286374
  0.44938098363536177  0.46185623392312009  0.47439268588351780  0.48644816310844224
  0.49774830728349917  0.50879568800301522  0.51998469272624448  0.53149151819619145
  0.54300032633395723  0.55432327227841605  0.56555265788197062  0.57701082269607373
  0.58849113533083164  0.60001919765833367  0.61190812892039992  0.62368058887624933
  0.63450098029865676  0.64480793652338908  0.65564684393447925  0.66691262220983716
  0.67814822147405740  0.68958201246836071  0.70198037340697839  0.71436730187620978
  0.72638878040282140  0.73855973317916856  0.75040485672377866  0.76184189706400374
  0.77313327908964491  0.78435532442383005  0.79512907942288669  0.80547806796940336
  0.81568540712074533  0.82567138453814959  0.83605224862470706  0.84672409980966257
  0.85731037916981412  0.86694465697396850  0.87684448513550461  0.88697026378420019
  0.89701733891038515  0.90621509612430495  0.91533532785807625  0.92485300494261846
  0.93456608366870519  0.94391355359717621  0.95298061010866530  0.96213945574779924
  0.97167008149086009  0.98135086414138573  0.99056832985131538  1.00000000000000000
 -0.00232633472467758  0.00860497594423651  0.01823061824526154  0.02839228709056332
  0.03869095916910191  0.05000802262744489  0.06123910034886183  0.07232396894784911
  0.08286943829212770  0.09332546909527989  0.10371818292411208  0.11474763889705510
  0.12565157804039698  0.13659271159291653  0.14739412472998573  0.15859354673800918
  0.16963470677878600  0.17970337285655780  0.18960335512377058  0.19947579161884249
  0.20966548228690893  0.22021767216915744  0.23065476813233232  0.24188246708294495
  0.25306841766161442  0.26470685552878265  0.27600029864574671  0.28703594730869780
  0.29771056157983417  0.30804779255182296  0.31852848411099999  0.32895461952742761
  0.33914824220834405  0.34923946166910386  0.35920912959092621  0.36969113188946123
  0.37983334621361947  0.38997641800123556  0.40047829392446049  0.41137529501961129
  0.42245081645610999  0.43382958835146168  0.44453061117113141  0.45440317044632017
  0.46431653546981067  0.47454517888761938  0.48480582099049158  0.49469634829643755
  0.50475298661811119  0.51528213911071874  0.52545941957380293  0.53552811465112116
  0.54612513821232378  0.55747608012821714  0.56947959073002230  0.58121192025225199
  0.59235781637669815  0.60287790118706075  0.61322732742974517  0.62385626909646241
  0.63405267258259312  0.64419524630258240  0.65448234214335244  0.66527874801171538
  0.67574545534687913  0.68604129950050796  0.69616410856393229  0.70634015257553784
  0.71674007221126901  0.72714334675465686  0.73728384977881656  0.74729711181824166
  0.75732572121982911  0.76767585605961164  0.77821465242254917  0.78880908546826778
  0.79965550558013465  0.81089747890243558  0.82248884274281175  0.83380536905504432
  0.84448314257957990  0.85533706513746655  0.86657064416299501  0.87767690186612246
  0.88857194540827333  0.89938859573258811  0.91061722351893126  0.92153846584551646
  0.93195077705849294  0.94192184887918340  0.95188684774649002  0.96192591674284833
  0.97157060968369569  0.98116998620990747  0.99050338679902805  1.00000000000000000
   1.4281717591895055E-009  -1.0000000000000000     
 T F T F T F T F F F F F F F F F F F F F F F F F F F F F F F F F F F F F F F F F F F F F F F F F T F T F T F T F F F F F F F F F F F F F F F F F F F F F F F F F F F F F F F F F F F F F F F F F F F F F F F F F F F F F F F F F F F F F F F F F F F F F F F F F
  <DiscreteSampler_grid>
  grouped_processes
  1 # 1 for a reference and 2 for a running grid.
  10 # Attribute 'min_bin_probing_points' of the grid.
  1 # Attribute 'grid_mode' of the grid. 1=='default',2=='initialization'
  0.0000000000000000 # Attribute 'small_contrib_threshold' of the grid.
  0.5000000000000000 # Attribute 'damping_power' of the grid.
 # binID   n_entries weight   weight_sqr   abs_weight
    19   10   1.675858012500352E-001   5.243006122579356E-002   1.675858012500352E-001
    25   10   1.388348397861649E-001   3.284557433326131E-002   1.388348397861649E-001
    37   10   1.283978259057537E-001   2.814861764959662E-002   1.283978259057537E-001
    43   10   1.864223136597452E-001   7.534185489561435E-002   1.864223136597452E-001
  </DiscreteSampler_grid>
