 -0.00000001004061309  0.00001317049697352  0.00010054097529397  0.00028728164236606
  0.00057572936122061  0.00095906203108925  0.00142110705778613  0.00195897437007423
  0.00256675985151267  0.00323425577498665  0.00395062757583098  0.00470924733215236
  0.00551594563294768  0.00634969777358637  0.00726135685373262  0.00818838126020810
  0.00916341071174303  0.01015056568810822  0.01113186877878520  0.01217793637270881
  0.01324938065170844  0.01431414482788687  0.01542045449984109  0.01657435867657628
  0.01770106017318252  0.01882472804106554  0.01998202628179315  0.02119119499349349
  0.02242954113926225  0.02366263724760383  0.02486966344453870  0.02607815149738466
  0.02737020832347639  0.02866206720038757  0.02992528683497506  0.03118369161269474
  0.03243659755603199  0.03371606102161867  0.03503853595395622  0.03640416557413712
  0.03779002877465201  0.03916756384259521  0.04054006155937716  0.04191342681753469
  0.04325649075533874  0.04457528125331579  0.04596987932540667  0.04738125098580887
  0.04881303839975953  0.05027141217927151  0.05176481652020726  0.05329787995623548
  0.05483010846752563  0.05639713544787318  0.05791188875855735  0.05941142635459605
  0.06104267225639048  0.06275474099379305  0.06445188455343674  0.06613096129542123
  0.06784261479163578  0.06956944598857646  0.07131106510817800  0.07305996082555326
  0.07481250333971221  0.07657429197500673  0.07833812655331071  0.08030954453036784
  0.08244147578504780  0.08461259913095467  0.08675726536996056  0.08892658777081253
  0.09114466918740059  0.09338853180954408  0.09565927171237378  0.09796183291595953
  0.10030279760752811  0.10274412110890596  0.10518326843164319  0.10790817867070160
  0.11093473416768471  0.11404201913247553  0.11721860838802138  0.12048907596396725
  0.12386235200583051  0.12734000976245904  0.13093117364441989  0.13471784666010794
  0.13886052040300481  0.14408025250531242  0.15032452692986170  0.15764423200596456
  0.16681015546782810  0.18103670734220093  0.19364404527270615  1.00000000000000000
  0.00988999528211879  0.01455283458334773  0.02270555211190292  0.03267249748389815
  0.04276752112113361  0.05231774327300666  0.06139637801835074  0.07041077309453624
  0.07974317534773075  0.08957381614475343  0.09941801813648664  0.10916747068681588
  0.11891815165550537  0.12885101362191656  0.13930810953072775  0.15004087834806712
  0.16090713256236602  0.17155157984025585  0.18210499792007809  0.19267954927653663
  0.20345322452649217  0.21417891984387047  0.22430325631649267  0.23453991808700414
  0.24469671264213241  0.25472655683379219  0.26482098536220422  0.27533225254334137
  0.28639872807624056  0.29749638746995705  0.30844311328427415  0.31932837308230949
  0.33012638997008953  0.34086418576443983  0.35154761867848155  0.36275795499066721
  0.37442215545476276  0.38558096416661530  0.39619810784583825  0.40635542943668723
  0.41635825294628198  0.42630220397115970  0.43660891055262663  0.44761487697270991
  0.45884497173575228  0.46907233181421026  0.47980427718216329  0.48979112028971494
  0.50013172975529285  0.50978684617537851  0.51955820359903171  0.52916067744627482
  0.53881888115514631  0.54888383978316868  0.55922820127042128  0.56992243921310837
  0.58081853947558026  0.59202111974236227  0.60360218739450200  0.61496862774692518
  0.62618401650006772  0.63709242001486144  0.64816068922885095  0.65861190987675455
  0.66936195133738197  0.68023687893817342  0.69122381038986502  0.70242017800229939
  0.71330160890578831  0.72424620678386564  0.73453180566973530  0.74414800166659845
  0.75344053152863610  0.76258053584394092  0.77203754237026956  0.78244541429102521
  0.79298458407541927  0.80370676592046486  0.81407020138509267  0.82389820369260780
  0.83385818404753143  0.84398033693314045  0.85417269086139003  0.86462343176720580
  0.87524354677217464  0.88685516899287142  0.89923141758856928  0.91224364448300266
  0.92405042551000416  0.93577211437254815  0.94782748562249941  0.95947625466834074
  0.96970014259158988  0.98048857562115765  0.99143076964854893  1.00000000000000000
 -0.00279606689356329  0.00972734203359138  0.02047242694951809  0.03085785134053613
  0.04120411763125151  0.05158807495909910  0.06205832084358537  0.07275932615331461
  0.08342066395979283  0.09386060571737206  0.10453767676825691  0.11541612763150395
  0.12646549017634423  0.13663468026559697  0.14653247591935928  0.15742586080259774
  0.16813426675148135  0.17867445558702874  0.18906675644930496  0.19965442099226818
  0.21018634389778873  0.22054386327299674  0.23063387565717075  0.24068497591979313
  0.25077726673842254  0.26108054999122748  0.27120244357038192  0.28134966307378084
  0.29129883896819336  0.30101635188886028  0.31061825149615097  0.32043472148225788
  0.33099051233793070  0.34207506186998954  0.35347328575064590  0.36436248985321623
  0.37503217329709465  0.38609922076118847  0.39758871965948622  0.41015042215429037
  0.42202744953646654  0.43366930769478751  0.44437031688335732  0.45471935765616650
  0.46461891040089459  0.47443148429419113  0.48457802259745353  0.49503189951570170
  0.50579269330963084  0.51613127938534964  0.52603175560885795  0.53576323021637051
  0.54570336290950472  0.55573460840504429  0.56588323936053631  0.57614512395721929
  0.58561682150011607  0.59476206981640733  0.60418071865445711  0.61433942286476362
  0.62481494116285496  0.63472824301663111  0.64446373396275802  0.65458830384804023
  0.66558620674815272  0.67649452676869060  0.68741594885900426  0.69827592612992762
  0.70923924810388006  0.71931369739443585  0.72939182713448392  0.73880915688452498
  0.74809022212808318  0.75752737348225285  0.76735318641842398  0.77765391966014019
  0.78822150546152536  0.79878116802558929  0.81002129866034467  0.82118331000605460
  0.83286387227450998  0.84458772642838009  0.85651640604893919  0.86830486700896015
  0.87969542894260533  0.89098520210002596  0.90184024374215754  0.91263698754545186
  0.92349415352928299  0.93392804266351304  0.94464565471049167  0.95579923824451807
  0.96715990075218417  0.97875676210817075  0.98942103327978803  1.00000000000000000
 -0.00249396003181290  0.00919795697972930  0.01937125620565017  0.02969797930931755
  0.04002254799651590  0.04993550306798898  0.06020754788634165  0.07160059005645190
  0.08274420540481436  0.09347954003052368  0.10368587345036336  0.11409043180104807
  0.12482527216878077  0.13542952840185263  0.14560255413472242  0.15528949493145947
  0.16495443452396433  0.17470649148174311  0.18490357968093274  0.19558207434472863
  0.20688112072524648  0.21848816745400110  0.22998507718388853  0.24085717512422586
  0.25179539209619178  0.26237516049486831  0.27276567600487239  0.28286618528203505
  0.29269691447108881  0.30240119936280069  0.31191472349649385  0.32172432114854016
  0.33208142674784757  0.34296586728606721  0.35402351734876758  0.36528169684742601
  0.37693717243312141  0.38871549386268728  0.39985488828963134  0.41029558190934295
  0.42031989233967865  0.43096726389575946  0.44130683196361276  0.45155055478038025
  0.46228163876922229  0.47353833006007884  0.48433435812881886  0.49493268929580908
  0.50523618501316103  0.51572422086846248  0.52608760243304209  0.53646190353322942
  0.54669661416944937  0.55701440662215784  0.56784165556011301  0.57907239769165908
  0.59030181613970023  0.60134435264407393  0.61187387299518170  0.62209434761355253
  0.63175932785420552  0.64098630010788638  0.65002936364637531  0.65925614159774615
  0.66883748593986680  0.67880208195470859  0.68860880168725425  0.69953053436029344
  0.71095805461927164  0.72287824865445860  0.73473191449102360  0.74615759557392214
  0.75769412450525886  0.76914051640389269  0.78045376127062072  0.79158588417795550
  0.80314654121277362  0.81479720502577857  0.82672603528148469  0.83806677392523954
  0.84868400814666189  0.85879615503305784  0.86867776197698976  0.87859732783252564
  0.88813538086417521  0.89763822681601979  0.90732302611928783  0.91681359447916755
  0.92631288123456179  0.93580620574140427  0.94589395976940538  0.95617939084415260
  0.96659959323938671  0.97701484237261949  0.98820013422402375  1.00000000000000000
 -0.00258765232112539  0.01002801346745873  0.02106926469412915  0.03220562223257600
  0.04350590034706775  0.05425956954837800  0.06487118992698540  0.07503611008993333
  0.08583066513704855  0.09655284876583488  0.10696741065587834  0.11692176235148223
  0.12727667472373227  0.13755049413549325  0.14769954284068576  0.15821502097842877
  0.16847038155682514  0.17864218109434518  0.18880232178906217  0.19890401347315051
  0.20930847783421636  0.21963933132055807  0.23021132540110772  0.24088931060955321
  0.25167837847657670  0.26184348646604394  0.27170899802704684  0.28165758403869634
  0.29185210770176706  0.30252220964416104  0.31280672090797013  0.32386069997869571
  0.33461104730509006  0.34534226992785799  0.35636192068328193  0.36790043794685251
  0.37903366962247453  0.38975759088811762  0.39981494079292412  0.40936209657042699
  0.41899806915402116  0.42886240830246358  0.43919739931910018  0.44955110463511871
  0.45986721363796668  0.47030475390275750  0.48080448204900278  0.49036408918081448
  0.50030485707786443  0.50997958535007404  0.51961482124226011  0.52945644285323545
  0.53964644502689751  0.55018352179989127  0.56121077268434050  0.57258095992118907
  0.58394462883781406  0.59437161950739603  0.60445273394212717  0.61479658323643849
  0.62518306929145995  0.63608268858951322  0.64710556072021730  0.65816446973740672
  0.66878531304997157  0.67894774969309457  0.68880086121700790  0.69837471958006325
  0.70802585803072438  0.71801860325560862  0.72841040740130181  0.73898571544701597
  0.74956368475492308  0.75991095268296849  0.77029269587393634  0.78102399190539140
  0.79201345629694198  0.80314676259749318  0.81422336057260902  0.82502698105502681
  0.83560606049901809  0.84609403588418886  0.85646663502835307  0.86681977596519055
  0.87712512783450858  0.88757936520109126  0.89852665704377055  0.91035714866873318
  0.92226802121865681  0.93347915679498050  0.94484210758949227  0.95626393600545956
  0.96756343198951267  0.97844875565289247  0.98930571982431248  1.00000000000000000
 -0.00228602763245447  0.00873573851605816  0.01843346585042611  0.02886803635306555
  0.03966517344662247  0.05156677150129420  0.06333961092040184  0.07440507801427121
  0.08496315300560062  0.09550310779462112  0.10617303678251838  0.11672809346874322
  0.12740926632835023  0.13827840967515456  0.14886945437245236  0.15910224932992054
  0.16914746655062332  0.17903457143025450  0.18913848289304921  0.19945449719906963
  0.21034525060903403  0.22211796966317435  0.23449707116274279  0.24679145739073238
  0.25804585848403766  0.26892539834500823  0.27980348356550377  0.29076683768196582
  0.30109847754500751  0.31133850945151992  0.32172440933364643  0.33229907489103849
  0.34272151708910675  0.35287933476371797  0.36288816377878796  0.37272216528407920
  0.38297464602462400  0.39333206746646243  0.40346251015101892  0.41371659254657611
  0.42464094709145200  0.43602819136963222  0.44731553183503747  0.45842961377107339
  0.46930981564497692  0.47997000932376799  0.49046248590334313  0.50106143012152771
  0.51164681003586288  0.52227454209763524  0.53322086429376014  0.54359730266111517
  0.55361529596658543  0.56356058438963696  0.57363571482205977  0.58357942370970184
  0.59340791370502588  0.60347190735397616  0.61390859294953160  0.62411364928404001
  0.63388378789195354  0.64384782364821724  0.65463588934275008  0.66545249165282971
  0.67611656058509872  0.68664480528200722  0.69711167508239968  0.70748096518175418
  0.71772461313370717  0.72758951915931347  0.73762730738637683  0.74783829934781854
  0.75865991360870555  0.76948113768398951  0.78000823421999621  0.79054557949437221
  0.80134824083415801  0.81231085350129528  0.82290052304665906  0.83333520051809296
  0.84376692948693766  0.85434079609981894  0.86489158789774823  0.87581040471643434
  0.88703122515935706  0.89828875227938176  0.90916223261850748  0.91971488753188091
  0.93015518239678008  0.94033160855946007  0.95008306038626056  0.95990510602046064
  0.96977278994502347  0.97963376690577220  0.98979346918634337  1.00000000000000000
 -0.00176484097373171  0.00678259374848844  0.01420441014078154  0.02211063457599782
  0.03040828989061069  0.03840890828179385  0.04736334722633174  0.05625250109904076
  0.06500537153537381  0.07467678443402148  0.08383241997385923  0.09402530127117449
  0.10430051579610751  0.11514889142619326  0.12585624815079857  0.13620742005296255
  0.14615831412884575  0.15560656288154315  0.16485403182097313  0.17418881980674331
  0.18354429773480202  0.19314544440867096  0.20291490673267179  0.21303838707014755
  0.22337771902967421  0.23349018386377415  0.24340471824372839  0.25327256575117141
  0.26315336803068379  0.27293955601139508  0.28245467455373430  0.29183801818240873
  0.30207726312472211  0.31233922660046121  0.32315599334908479  0.33430872696898073
  0.34608543203825654  0.35790074507296377  0.36932580938625709  0.38103581323811281
  0.39303752392651076  0.40494561401624291  0.41769731331768728  0.43149582243259765
  0.44563489966662362  0.45911265566118525  0.47220111472916565  0.48474149936968347
  0.49673617355983268  0.50852154955402495  0.52075670529042561  0.53362717479076671
  0.54703759375823291  0.56098118272464947  0.57471332778146789  0.58820686152662671
  0.60141303027177251  0.61454521215748215  0.62706700194249365  0.63912856344467062
  0.65031006477490716  0.66130055835225621  0.67239965205273666  0.68344823580248193
  0.69458578954988992  0.70623633905924788  0.71825489098219830  0.73041221652470856
  0.74197461040792323  0.75314566617493128  0.76326333669801361  0.77327265338618834
  0.78351253125283926  0.79372194713382760  0.80386075694856451  0.81410003235868256
  0.82452967334980831  0.83490673983789909  0.84496425416212273  0.85527112988398912
  0.86581612669830865  0.87616934713867267  0.88618328354556297  0.89573472857865721
  0.90464872585910650  0.91328049710718551  0.92233520055333218  0.93162669493420547
  0.94082872162674203  0.94956822837685251  0.95804136584392474  0.96654423442807980
  0.97532005957877554  0.98393498392516765  0.99206693061779783  1.00000000000000000
 -0.00252737870988407  0.00964630050912753  0.02065743211918452  0.03192678372375504
  0.04314502658349606  0.05410442412853970  0.06488209181845220  0.07542029249909764
  0.08598486404631599  0.09659563826170448  0.10746643232303105  0.11873467329825321
  0.13000886316282226  0.14102473112289363  0.15176002928986801  0.16201439454466079
  0.17202500847501029  0.18188991426528586  0.19235006599213650  0.20286717601175111
  0.21336006846658803  0.22394508496355997  0.23473258085423407  0.24555989216303409
  0.25587512767059128  0.26601551316199978  0.27641462445745785  0.28680569452770599
  0.29765321734161554  0.30870724002907712  0.32018596443180064  0.33144891889094502
  0.34251405206158897  0.35353923457951342  0.36454455827744625  0.37534338728183764
  0.38593843358861318  0.39677333683595978  0.40783073567735151  0.41895821065548217
  0.43024237508316837  0.44180140298925519  0.45374615996076578  0.46516487674674584
  0.47593131671592792  0.48645328245344593  0.49659749013206689  0.50633882770793592
  0.51591264940055515  0.52558782539026327  0.53519695854018545  0.54455478862500684
  0.55373437047768526  0.56322834044979575  0.57338799013154207  0.58366955860747460
  0.59410807369729934  0.60444357757073586  0.61467040372466619  0.62505428051706802
  0.63566378847692040  0.64636950102171387  0.65634113759028301  0.66568150776687840
  0.67519481852071106  0.68492123254621806  0.69466836875748905  0.70430771571367190
  0.71439857453033140  0.72504691072273408  0.73647793594316524  0.74865638235373866
  0.76114036111169214  0.77322540831238451  0.78474275819019534  0.79588835001430580
  0.80685840835202893  0.81766071005690388  0.82826856189380238  0.83890852528506443
  0.84964027895312977  0.85954060375416808  0.86925147227622923  0.87916673910398047
  0.88918569589467433  0.89899460665114306  0.90837846807203326  0.91768196664330914
  0.92753885961652149  0.93727961879313848  0.94728575181887875  0.95743286623189583
  0.96786203027648610  0.97865053083691167  0.98924725660379198  1.00000000000000000
   1.4499318898463379E-009  -1.0000000000000000     
 T F T F T F T F F F F F F F F F F F F F F F F F F F F F F F F F F F F F F F F F F F F F F F F F T F T F T F T F F F F F F F F F F F F F F F F F F F F F F F F F F F F F F F F F F F F F F F F F F F F F F F F F F F F F F F F F F F F F F F F F F F F F F F F F
  <DiscreteSampler_grid>
  grouped_processes
  1 # 1 for a reference and 2 for a running grid.
  10 # Attribute 'min_bin_probing_points' of the grid.
  1 # Attribute 'grid_mode' of the grid. 1=='default',2=='initialization'
  0.0000000000000000 # Attribute 'small_contrib_threshold' of the grid.
  0.5000000000000000 # Attribute 'damping_power' of the grid.
 # binID   n_entries weight   weight_sqr   abs_weight
    19   10   1.491293164905514E-001   4.095911300081932E-002   1.491293164905514E-001
    25   10   9.441122572900938E-002   2.752258109679417E-002   9.441122572900938E-002
    37   10   8.164704562047186E-002   1.706527910089769E-002   8.164704562047186E-002
    43   10   1.444372903129209E-001   4.078122797118345E-002   1.444372903129209E-001
  </DiscreteSampler_grid>
