 -0.00000000994132927  0.00001309524932923  0.00009926416465927  0.00029004636985900
  0.00058395661582992  0.00096234419944270  0.00141505420023117  0.00193101221603463
  0.00252154305336350  0.00317288059666837  0.00389117975163409  0.00465521814654644
  0.00545393359914892  0.00627771253244658  0.00719159205868195  0.00809882231876678
  0.00904975937925796  0.01000861222719266  0.01098480249946801  0.01204004207638486
  0.01315455365229318  0.01425042634360532  0.01537768604927603  0.01656266333599775
  0.01773644214672852  0.01888622439650944  0.02010920173979800  0.02141866507063348
  0.02271320533203421  0.02399942397110620  0.02527426515063607  0.02655146780920314
  0.02786193649799360  0.02918259525916360  0.03049508432928872  0.03180646610450572
  0.03310938113700786  0.03442832933560001  0.03582007283949238  0.03723809610566312
  0.03863617852391264  0.04001663386500454  0.04139256174831836  0.04276257167956015
  0.04414822167333787  0.04556592170234737  0.04702725824181873  0.04851228597062920
  0.05000978039990177  0.05151710427250645  0.05303082177562672  0.05453551524105703
  0.05607309649916841  0.05758326995195667  0.05909871244324250  0.06071863618239118
  0.06241244399313558  0.06412993192044975  0.06587631484943593  0.06763850463579213
  0.06938605690162865  0.07114654639702837  0.07290744663672777  0.07465526463194359
  0.07641094997430051  0.07809411750736361  0.07992729918812502  0.08188281167056678
  0.08390222513800938  0.08593920149602177  0.08804212695596852  0.09017603466470260
  0.09234362014705119  0.09456149718413118  0.09681564692856520  0.09907529797844000
  0.10134653576859819  0.10353806712813475  0.10587245549998828  0.10852396129594807
  0.11137751418060510  0.11425182262663006  0.11729371192350196  0.12051523219784931
  0.12387288706375224  0.12745175434772640  0.13122375489264110  0.13502525523103248
  0.13896421250336422  0.14472310438433750  0.15090337800946527  0.15782750187655609
  0.16630573693897890  0.17855798285496918  0.19462336573879238  1.00000000000000000
  0.00942534892105088  0.01570071163946532  0.02515389655454550  0.03642414957349454
  0.04737785278089327  0.05822454848210078  0.06886557080351596  0.07929411250841926
  0.08955798021974708  0.09994188454024049  0.11011775500788872  0.12010396961476456
  0.12996605294266117  0.13972807635200904  0.14950366747505472  0.15936580046407933
  0.16904042169825773  0.17870437154519478  0.18833169683651924  0.19768128614413225
  0.20709438698950264  0.21670878085912279  0.22712215390881763  0.23755531555741147
  0.24822663146969845  0.25798885168362606  0.26766268356046191  0.27692855786828191
  0.28615465470764218  0.29572227539884000  0.30614620728227798  0.31638330742941423
  0.32679751112003180  0.33667661516050224  0.34657596852271194  0.35651479094449506
  0.36689228009418384  0.37716973661340614  0.38788023143759265  0.39835769774902613
  0.40911571931246449  0.41965195856581111  0.43043763783091704  0.44104029142233075
  0.45163101705992148  0.46242154706844163  0.47333633608077169  0.48379406331408653
  0.49375836823680891  0.50397219688405415  0.51455967140090186  0.52504768464846741
  0.53531048657738622  0.54577408071646616  0.55670742582307564  0.56780364497799352
  0.57897184250470091  0.59044857449772015  0.60205278483669600  0.61337304034340934
  0.62445705576984678  0.63572358058955380  0.64705019672005715  0.65836928433281472
  0.66961744551909419  0.68100042192469890  0.69210108520324332  0.70332501329434782
  0.71428647169564952  0.72513989223163089  0.73618605069838927  0.74676352990979089
  0.75709816233629268  0.76703330669388881  0.77689475848244816  0.78655552305203869
  0.79656927341352946  0.80685392594263461  0.81689334786756052  0.82690699293009173
  0.83665367809346658  0.84633606708432174  0.85622478229017474  0.86652777545309712
  0.87681084241195872  0.88734174696543577  0.89782988869058589  0.90842521264022658
  0.91880218999016372  0.92886329313505245  0.93869743184012733  0.94891293684065414
  0.95915842877802382  0.97004158841887655  0.98054011239662631  1.00000000000000000
 -0.00257583458679250  0.01005331969379203  0.02017423782214150  0.03057399897918963
  0.04073249535894921  0.05211150348815836  0.06317560344141465  0.07446994472615656
  0.08529274173294482  0.09706899120854132  0.10816117156033114  0.11913039385953890
  0.13029386834206230  0.14164530141153248  0.15254991803694110  0.16298273860278006
  0.17349448349955243  0.18381111196306837  0.19378911614867678  0.20335670339788328
  0.21298102786465900  0.22285772600041448  0.23304391554536361  0.24370739138012054
  0.25461929527996213  0.26571113196384821  0.27663007222492003  0.28727393859160144
  0.29780389695107268  0.30828684421170721  0.31911082955698983  0.33029258149286045
  0.34153261074856633  0.35233928413396326  0.36313240689773663  0.37402785003552824
  0.38513309937645585  0.39631147620973772  0.40704798191112412  0.41742395859451853
  0.42720881876958650  0.43692445216367981  0.44658049985594622  0.45642933156273507
  0.46693100063282333  0.47742720807585853  0.48791230198277219  0.49854971681785998
  0.50950015636907653  0.52027896689358899  0.53065605562254103  0.54110600670470099
  0.55198538434582289  0.56281989980062541  0.57376901825033533  0.58451063990018182
  0.59476444069050260  0.60457162825216226  0.61415252250431385  0.62375126219773125
  0.63327392409427841  0.64259995377461898  0.65280606228365545  0.66330200704961406
  0.67323017417867392  0.68330451434019912  0.69356977359034822  0.70402596908770743
  0.71421052800542018  0.72450857134559388  0.73451170044576908  0.74415297772326983
  0.75334060891198051  0.76246230109470092  0.77215927308633547  0.78273109459229195
  0.79347487271378891  0.80419860345437311  0.81463620973758211  0.82509091256014111
  0.83543662303084598  0.84573076794833257  0.85615234132964180  0.86697514841668100
  0.87800051243357180  0.88919735508090270  0.90086422918272469  0.91248406181321151
  0.92425488376610643  0.93531478318087302  0.94633921009673438  0.95730910440048111
  0.96836549179163012  0.97924782819921952  0.98988183808563490  1.00000000000000000
 -0.00260095200919287  0.01048472494055268  0.02193767430243804  0.03387386330483263
  0.04533415126452575  0.05603179597703831  0.06717097992034843  0.07833412558830498
  0.08964317665667278  0.10089704050765382  0.11205430481477997  0.12303268348592560
  0.13382952472451634  0.14460913616722232  0.15543358243364866  0.16648847000754072
  0.17793112474731784  0.18930764403847278  0.20034116468579150  0.21124749593510533
  0.22225353955692925  0.23319027969816400  0.24371176537083647  0.25396886120323509
  0.26432561078647426  0.27473822936895692  0.28504778864955616  0.29517587640799497
  0.30549688855065138  0.31607223097666010  0.32628422000210355  0.33608604580152934
  0.34590000460880116  0.35622356778276387  0.36705216551978093  0.37762983467062239
  0.38788848033682866  0.39812125073714433  0.40837139479735063  0.41876025857016386
  0.42929734800285851  0.44012885444629057  0.45112824675848473  0.46194090333254773
  0.47239729491495219  0.48261241775857183  0.49269709939310308  0.50323584910584485
  0.51455604480352202  0.52602411571563168  0.53709685724339606  0.54761254932817094
  0.55764747227794154  0.56757311511954756  0.57731720252469154  0.58715255798011112
  0.59705283724677560  0.60712764436119793  0.61756209691757291  0.62830852180192198
  0.63899696209758039  0.64919013506980594  0.65911825403607083  0.66908609112990036
  0.67922078574020905  0.68922748695256641  0.69963448731051836  0.71011108227711461
  0.72007866546246280  0.72995628326836082  0.74005275888799671  0.75047402610626213
  0.76067999206038195  0.77123248976366565  0.78267029129108456  0.79409686712794159
  0.80490851748794745  0.81533065552296125  0.82530590634026957  0.83550785916566672
  0.84572795378990195  0.85615198592307828  0.86636427541919236  0.87674483293594052
  0.88717741041921527  0.89765810320771811  0.90807780884629030  0.91857690217530974
  0.92900526534705863  0.93903978342440075  0.94887460144939151  0.95888167223312060
  0.96912473261260701  0.97959195965148271  0.98982379790487662  1.00000000000000000
 -0.00266050076727018  0.01015999159311858  0.02098013840255660  0.03165331383814759
  0.04205906049782880  0.05176269683643507  0.06146197386498134  0.07216275088483952
  0.08279242650203281  0.09358761282190074  0.10437065883814212  0.11552348839347606
  0.12674422564465937  0.13765591771567398  0.14843373704780810  0.15966109194564551
  0.17083716141458727  0.18217606656360541  0.19380736448781424  0.20574123608031547
  0.21701344642799875  0.22823918595826628  0.23912371075481589  0.24998682302467962
  0.26083284304138682  0.27157820760957785  0.28204692520872843  0.29242493168429329
  0.30297898418505098  0.31333358300535857  0.32310932261430164  0.33265887158747165
  0.34207376487405511  0.35148608097320017  0.36119853348804581  0.37103287087271947
  0.38129062864915436  0.39151679785509386  0.40184401971784967  0.41230528223791152
  0.42254317321845825  0.43280464482037950  0.44348772300210426  0.45449352756032596
  0.46518002453556762  0.47561083219966904  0.48597237881484290  0.49649908319242381
  0.50686531646951472  0.51733194209633160  0.52762668838564508  0.53775119804551053
  0.54796740652234943  0.55869177235879708  0.56946324666029224  0.58011902052431163
  0.59030452963762536  0.60051916363757729  0.61053831231141420  0.62068184871749910
  0.63097104596865417  0.64143956241413780  0.65194647986798093  0.66250091147449375
  0.67280429625544247  0.68292545718560749  0.69304239399304413  0.70339254824306219
  0.71365135750130582  0.72410889564027692  0.73456399489406854  0.74574509530827415
  0.75662383069367956  0.76772481316421193  0.77840177196323668  0.78925595634123158
  0.79947717036547916  0.80986820784139590  0.82014478902165344  0.83048848558554833
  0.84114128671596322  0.85180436449136687  0.86251582178031383  0.87304792803130382
  0.88390688345877455  0.89450114721477847  0.90546495784707082  0.91617667862813257
  0.92686605011413670  0.93760867166821404  0.94876341422860400  0.95954026936997949
  0.96932996964989426  0.97927832621891009  0.98968924393675506  1.00000000000000000
 -0.00227041780977758  0.00972616702515217  0.01961138914212129  0.03050113677920200
  0.04129734021731959  0.05220536774069696  0.06299521082815517  0.07358196584899709
  0.08413346760251580  0.09452449199336378  0.10529353508151072  0.11610586970481966
  0.12724124389905569  0.13848754935915575  0.15005268180405454  0.16207079717527773
  0.17364820162683928  0.18501098622049977  0.19648448154492876  0.20815850231338595
  0.21946873341190015  0.23109559118488029  0.24303545475760110  0.25433722888522303
  0.26505392655077609  0.27564408571576010  0.28609252482938963  0.29634807496199955
  0.30614235875431900  0.31676470220172859  0.32797638984253547  0.33869002220673783
  0.34881108842886938  0.35930589209971758  0.37022702950308783  0.38040904055696600
  0.39011594562273783  0.40047557888772528  0.41154775721691561  0.42259862263844711
  0.43302441451664953  0.44332953746162851  0.45375032851979002  0.46391100822588227
  0.47363245157918227  0.48349717449653629  0.49340072687165160  0.50296375450777220
  0.51253282591222105  0.52259863303739351  0.53333298949914942  0.54385143937315406
  0.55381049352516543  0.56388405551427689  0.57428649305175883  0.58466425671561373
  0.59501426394150647  0.60585112190717383  0.61737944248889209  0.62889286984664527
  0.63983000826087821  0.65035891285717728  0.66087365171752976  0.67145639131323964
  0.68203377357205097  0.69239304818209768  0.70249604340655891  0.71251229353527168
  0.72223976897330755  0.73202717921749438  0.74187775612574114  0.75207738034988292
  0.76262846782555349  0.77391661950373469  0.78551495359021506  0.79647318466354944
  0.80673438809957443  0.81718949703786059  0.82815370526979315  0.83908968685067653
  0.84971401415601444  0.86015923158857666  0.87051997550072679  0.88044050100206872
  0.88994335683881398  0.89968573305564614  0.90964706034734755  0.91920234855946459
  0.92857544344132714  0.93809954355829894  0.94826541161145428  0.95880930414592647
  0.96934594555241593  0.97963405690556804  0.98995056622896771  1.00000000000000000
 -0.00260987399210137  0.00899756437190253  0.01869486451740978  0.02829545089657661
  0.03772717563951549  0.04669249435131913  0.05531885374133180  0.06380359608187511
  0.07241915042253570  0.08139991055924681  0.09078281558393407  0.10036621211450801
  0.11004264121714161  0.12005188703339756  0.13015917492684542  0.14030076601019140
  0.15022361198420489  0.15994385543048534  0.16980259846097326  0.18002339158601177
  0.19049023315492800  0.20089223827074204  0.21107108086695520  0.22127587769089668
  0.23160937299909523  0.24194799689397431  0.25236007448145414  0.26326012753031525
  0.27482227604401765  0.28654365885498223  0.29791391949259977  0.30903223409705610
  0.32010647638378542  0.33134303116405739  0.34283045520989919  0.35443273186862612
  0.36601321500025991  0.37736833107564177  0.38850394071768202  0.39949987205863002
  0.41068412478260585  0.42232581169591710  0.43410306875866000  0.44659461165945713
  0.45936391562416740  0.47158977930484269  0.48380515114746414  0.49570994927896211
  0.50745950756377312  0.51908769072194905  0.53057500155599180  0.54245969061677124
  0.55472133673998880  0.56722301743728931  0.57962425081948943  0.59224922492628973
  0.60460783988733213  0.61612190404317979  0.62760126372377556  0.63907504434860318
  0.65030456694050209  0.66116276119909012  0.67219168589171741  0.68338225518801043
  0.69465848208682668  0.70592333662801254  0.71733635423824837  0.72861146328303039
  0.73997276418673319  0.75125778649429087  0.76270725268604067  0.77373483225199569
  0.78420980015062014  0.79461618191275707  0.80501127776396830  0.81517769646483240
  0.82503244489241612  0.83517774949150858  0.84533097110063593  0.85540185246418043
  0.86571344467952960  0.87622905477941526  0.88692224663082286  0.89686259780234645
  0.90626558149593028  0.91538955310488668  0.92441178510894861  0.93322944393708418
  0.94185964729990534  0.95066074133289946  0.95952688211744297  0.96819467880975518
  0.97659934330417431  0.98477908012924098  0.99251422859483485  1.00000000000000000
 -0.00252664373845132  0.01022199439664231  0.02046493706418942  0.03154366701945717
  0.04230087420951577  0.05317649070636948  0.06377823761873239  0.07400539492054116
  0.08392910305528653  0.09350038531852789  0.10287134900740387  0.11212880246770646
  0.12161808594603110  0.13179103221103911  0.14211504733428831  0.15256359836642655
  0.16291939243464945  0.17290327641052192  0.18267311485622695  0.19259171448867540
  0.20233323921874191  0.21207255499734434  0.22186985267099560  0.23173775301745619
  0.24247795411745177  0.25272219206941082  0.26349537740069062  0.27388188318622614
  0.28515603107873699  0.29589762816852505  0.30614509420480501  0.31619690382585952
  0.32555918098846703  0.33485270906364317  0.34348500399623100  0.35259670868809823
  0.36236674419491477  0.37218327001363549  0.38241627812801410  0.39320408354121877
  0.40487598251771562  0.41693825973223553  0.42861473881266082  0.43985837399371808
  0.45065601269868999  0.46129971748454018  0.47196727440363728  0.48270653839648076
  0.49323155117991524  0.50332397630844361  0.51319509088601367  0.52329809579417608
  0.53389889106216959  0.54461836205526715  0.55514243091554427  0.56570465866242703
  0.57658251003400729  0.58763500060537022  0.59863065431961371  0.60960743236084614
  0.62073370534503014  0.63205963095721296  0.64345345466927650  0.65483873902937328
  0.66622834762395078  0.67760376767739516  0.68884534260805330  0.69971866817066397
  0.71018449291407248  0.72064925537697633  0.73136234313007220  0.74201900124827813
  0.75264349066502079  0.76308781339864873  0.77336270882351699  0.78327589867123304
  0.79310328295368648  0.80345367856287109  0.81363289225738777  0.82376155138429341
  0.83431111928152013  0.84540906033665653  0.85652185090678989  0.86654101699387909
  0.87689599939798057  0.88769654692197497  0.89847300125090990  0.90901209070814670
  0.91995563478080911  0.93147607057708537  0.94274604773657900  0.95398917316247500
  0.96497024124315134  0.97611931661567519  0.98791150985749854  1.00000000000000000
   1.4198667027358577E-009  -1.0000000000000000     
 T F T F T F T F F F F F F F F F F F F F F F F F F F F F F F F F F F F F F F F F F F F F F F F F T F T F T F T F F F F F F F F F F F F F F F F F F F F F F F F F F F F F F F F F F F F F F F F F F F F F F F F F F F F F F F F F F F F F F F F F F F F F F F F F
  <DiscreteSampler_grid>
  grouped_processes
  1 # 1 for a reference and 2 for a running grid.
  10 # Attribute 'min_bin_probing_points' of the grid.
  1 # Attribute 'grid_mode' of the grid. 1=='default',2=='initialization'
  0.0000000000000000 # Attribute 'small_contrib_threshold' of the grid.
  0.5000000000000000 # Attribute 'damping_power' of the grid.
 # binID   n_entries weight   weight_sqr   abs_weight
    19   10   7.035396477977414E-002   1.613286428210225E-002   7.035396477977414E-002
    25   10   5.304581738394358E-002   9.275887366409377E-003   5.304581738394358E-002
    37   10   5.439782941751276E-002   1.004266772778770E-002   5.439782941751276E-002
    43   10   6.253484267300560E-002   1.330945436535351E-002   6.253484267300560E-002
  </DiscreteSampler_grid>
