 -0.00160908320484034  0.00621648265516096  0.01351032861003885  0.02084298909900677
  0.02834279830343905  0.03593778415870518  0.04360870297743314  0.05136429661883456
  0.05918484084571814  0.06709362824282546  0.07509363590853207  0.08315992616666995
  0.09134614266463408  0.09961710758219949  0.10799804119856825  0.11648953545565324
  0.12506164855651852  0.13375866696246100  0.14253383861365670  0.15143500012712308
  0.16042485346256757  0.16951726904414832  0.17872240269985032  0.18802876110674996
  0.19746122921258077  0.20699296686012353  0.21665371741855807  0.22643185767824023
  0.23633583278305528  0.24636991197850697  0.25652869350332985  0.26682005993527913
  0.27723970183784458  0.28778002898542171  0.29844854936111898  0.30922872708722277
  0.32014759606334720  0.33119392997780844  0.34238456400392397  0.35369563360984890
  0.36513095773093013  0.37668540652462917  0.38836385385179661  0.40016481738079940
  0.41207519052198588  0.42410503723687115  0.43623261642128347  0.44846544558251000
  0.46078138484874265  0.47314975475564580  0.48558292370337935  0.49810155520459154
  0.51073311366413154  0.52341833269780280  0.53614736206134550  0.54890220931224587
  0.56168462634823413  0.57447796716423960  0.58727384264908011  0.60005368778919710
  0.61281193356596197  0.62554885328023457  0.63825897976033419  0.65091634590634984
  0.66350786021534702  0.67603565906507224  0.68849445166924694  0.70088036423622280
  0.71316356299018402  0.72535765709350974  0.73743571768687977  0.74942407140963252
  0.76127063099839487  0.77301534085372547  0.78462604336770581  0.79614212652252581
  0.80751212399523153  0.81877388427029707  0.82989578476271442  0.84091478772567441
  0.85179520334223391  0.86255002015106885  0.87317186109317280  0.88366809149543157
  0.89403295254526860  0.90426927393680701  0.91436382932694271  0.92434356570750953
  0.93418826520042519  0.94393318453050934  0.95354066098263712  0.96305776416387834
  0.97242640160095539  0.98171051438633772  0.99087347637926859  1.00000000000000000
 -0.00240998069931358  0.00946240240191264  0.01962000204248143  0.03011653576276760
  0.04064903867513495  0.05102822166153276  0.06143568674507179  0.07186573077005036
  0.08233380756671554  0.09275391708838433  0.10322113471497039  0.11373455218962593
  0.12424178105454327  0.13474108918292058  0.14530038923126351  0.15584800541178551
  0.16628236847350447  0.17680257268097407  0.18724194556912294  0.19779188024991656
  0.20835485038058760  0.21900957955624173  0.22959259766375006  0.24016996710169641
  0.25069267230358377  0.26116387614039466  0.27168929881700227  0.28220680552034094
  0.29275398267542452  0.30323243405683897  0.31374051492982619  0.32423255156870734
  0.33478359117877837  0.34543542372030417  0.35608774038222052  0.36664050883497140
  0.37715370734625614  0.38766030486805847  0.39818850203071310  0.40875344631986976
  0.41943009335258469  0.43002800909863098  0.44055722849076734  0.45100772770082687
  0.46150499583325916  0.47202921107704643  0.48247257783946235  0.49290423796743760
  0.50337927863178256  0.51395068600424532  0.52450280105022618  0.53493252532678492
  0.54547272106847577  0.55609198174582009  0.56671491378859196  0.57732193822226352
  0.58793075668796335  0.59855736102778556  0.60913205896506672  0.61965769330456655
  0.63027137505965092  0.64087636287144023  0.65149428528956077  0.66215003873757672
  0.67283645387774782  0.68347514471290216  0.69403662340922145  0.70456412624421505
  0.71509917279919111  0.72558113668815161  0.73603210334060143  0.74646343654971836
  0.75695970817849823  0.76750864026805654  0.77812077563110427  0.78875169600448891
  0.79934856211312388  0.80997375364332569  0.82047232829736272  0.83097970780685315
  0.84140800660399906  0.85197064950208479  0.86255552852980277  0.87308557966283307
  0.88365534228594567  0.89422777107048712  0.90482480567557166  0.91540241201787620
  0.92604707760753757  0.93677070660782014  0.94737383107462991  0.95794529633495051
  0.96847263154531826  0.97903617512342411  0.98949668525869339  1.00000000000000000
   9.1761395460817198E-008  -1.0000000000000000     
 T F T F F F F F F F F F T F T F F F F F F F F F F F F F F F F F
  <DiscreteSampler_grid>
  grouped_processes
  1 # 1 for a reference and 2 for a running grid.
  10 # Attribute 'min_bin_probing_points' of the grid.
  1 # Attribute 'grid_mode' of the grid. 1=='default',2=='initialization'
  0.0000000000000000 # Attribute 'small_contrib_threshold' of the grid.
  0.5000000000000000 # Attribute 'damping_power' of the grid.
 # binID   n_entries weight   weight_sqr   abs_weight
    10   10   1.586506643816088E+003   2.622648877667484E+006   1.586506643816088E+003
  </DiscreteSampler_grid>
