 -0.00000002047936696  0.00002220742048602  0.00016902156241175  0.00050276133149698
  0.00106037091920045  0.00177842160107633  0.00260859129836738  0.00359571468841431
  0.00478783933558137  0.00629261363037993  0.00783439844545077  0.00944149272886467
  0.01104434792449619  0.01273826660785290  0.01433997444260533  0.01624570303141619
  0.01801853179583755  0.01995674146484206  0.02208823669976545  0.02432644997063998
  0.02666618699962107  0.02897188550097783  0.03099860630499993  0.03294069692787348
  0.03492569448910007  0.03697438021847058  0.03907496145758325  0.04117325865169062
  0.04320554822172972  0.04526208267380754  0.04741174333193969  0.04953553484071382
  0.05164565049825123  0.05380006297024673  0.05598963314649332  0.05819616646573408
  0.06056576945078932  0.06313306432500722  0.06572431730026550  0.06815052236159747
  0.07055938103417692  0.07292955721729331  0.07522376084782642  0.07756674899592823
  0.07994641791927175  0.08233636449254841  0.08471071095410662  0.08701342609078154
  0.08924729575513603  0.09144361516328768  0.09372050360255928  0.09604270207056664
  0.09855025117315541  0.10110354314493028  0.10355257502576493  0.10608446155873903
  0.10880794395273415  0.11151156652259281  0.11421153387119497  0.11693845162008719
  0.11969666900571510  0.12245602964823926  0.12509408831739996  0.12776321885466541
  0.13046004407453779  0.13313144666277904  0.13574375994885893  0.13833573406584504
  0.14117544323437975  0.14414673466882275  0.14730361774540870  0.15058482596782963
  0.15387996028207418  0.15713325468757766  0.16068740452376121  0.16419037843240172
  0.16772300858279721  0.17131899233774625  0.17498808855868797  0.17862222313240494
  0.18204434988879764  0.18670281954109069  0.19166293759634520  0.19710390692915927
  0.20284235732768979  0.20859054918214134  0.21467888323128398  0.22107047848041952
  0.22794622992167737  0.23509665561796211  0.24285277010329670  0.25242496607896808
  0.26458764881833285  0.28116878228796760  0.30361929164885620  1.00000000000000000
  0.00989580970544650  0.01508616277139753  0.02286326299339082  0.03121181330455378
  0.03974152610569245  0.04840399450954141  0.05690497791753286  0.06551543225410339
  0.07404709660705022  0.08213275874040930  0.09136469063222402  0.10156259025016409
  0.11191739655211060  0.12245270134757488  0.13401377267586928  0.14656791428722776
  0.15957497079564290  0.17284733861549445  0.18647397997625470  0.20017053938865814
  0.21335595800707038  0.22583694833667320  0.23682935737809471  0.24620232133219133
  0.25551358758422066  0.26475287771507966  0.27437073083773167  0.28420641480171510
  0.29507978112899841  0.30704333229089364  0.31842351975694561  0.32884578474705434
  0.33934708742132086  0.35016266374412169  0.36127799327501209  0.37277354359594483
  0.38437226125634349  0.39605392397276307  0.40724339201075793  0.41863760979686898
  0.42922202811236282  0.44000141007168003  0.44951478865310884  0.45980470156603737
  0.46956779477230476  0.47939099040882766  0.48903988033725548  0.49959562860473949
  0.51058747912758740  0.52244405110888759  0.53370010383260003  0.54469425824234574
  0.55639065031933166  0.56727196486881393  0.57776713748257535  0.58886925837883897
  0.60041871657859114  0.61117955682434921  0.62033997600322055  0.62922839271377762
  0.63789543822390216  0.64675764337329233  0.65545187700793139  0.66454271571831036
  0.67555209255974880  0.68710368176205971  0.69718988584522223  0.70616472315325318
  0.71493083029444615  0.72401323063189027  0.73308184748678273  0.74226633423200372
  0.75203683089701889  0.76339836472753742  0.77501508667611207  0.78700184886591906
  0.79730407804110415  0.80674957460714081  0.81679472282866672  0.82641022856324775
  0.83539715782700708  0.84412227295659137  0.85333203761570797  0.86352139327155686
  0.87356808080226289  0.88314159501533951  0.89283764227032758  0.90358247360542243
  0.91562613094581335  0.92860810855688458  0.94294209836526588  0.95824799327790111
  0.97134710354578391  0.98217187617037316  0.99133940873462756  1.00000000000000000
 -0.00002254262179281  0.00019815038865943  0.00046149674889927  0.00090830904693499
  0.00144636542310871  0.00223634333413800  0.00305065762467178  0.00379152531282079
  0.00467585270239443  0.00578177180656087  0.00710570871641642  0.00846721178250507
  0.01005394070179955  0.01189199086399190  0.01360632566255204  0.01517228986980542
  0.01682034075050111  0.01869905317279193  0.02079029749484844  0.02297819330788275
  0.02506069655278776  0.02708094289515134  0.02906858187150757  0.03107423217547331
  0.03321406386490187  0.03555600157063368  0.03803012006987690  0.04056265554845045
  0.04402223997235814  0.04685722787344728  0.04956866417320482  0.05235411810231326
  0.05520236817900254  0.05815517435041354  0.06112177933618163  0.06406929890501784
  0.06720987469987043  0.07076245559689162  0.07467520084110320  0.07845959208423377
  0.08182820759367124  0.08586647248991874  0.09015006785667305  0.09459388129487567
  0.09928265830430681  0.10391580784644597  0.10817642897182027  0.11219859128616727
  0.11601466988968648  0.11951702629594711  0.12279884830930217  0.12614147893008454
  0.12964974215944458  0.13334182782336348  0.13723022718643282  0.14129882157989790
  0.14547441834503463  0.14985074208998087  0.15410923567809237  0.15818062669354155
  0.16207654062982729  0.16664707979725829  0.17144097595136426  0.17680851355287369
  0.18254591121114724  0.18843658006184463  0.19427169926325405  0.20013884867445872
  0.20627702154843711  0.21275456587642322  0.21920819892936191  0.22575290515493265
  0.23282035723569947  0.24003492153066580  0.24766121687863241  0.25608290831885600
  0.26498172405513498  0.27422569092553778  0.28402386066704527  0.29381165336621196
  0.30360437615996783  0.31400028033979438  0.32502258090154201  0.33688825227759539
  0.35169366352765519  0.36899144886469920  0.38752904466989696  0.40469729165971713
  0.42254541328333173  0.44386526163116696  0.46868708224846911  0.49776149382319823
  0.54317830468310846  0.62126853974134966  0.71377721594152799  1.00000000000000000
 -0.00374125404732054  0.02359200995266377  0.04249792999083353  0.06134814629689059
  0.08174638063351253  0.10990069679220264  0.13219039232044458  0.15203359951476070
  0.16848474702698624  0.18538349514799896  0.20122269603553067  0.21745583975310012
  0.23403030329625255  0.24834541647898872  0.26279447589074545  0.27671668488243623
  0.29015308886945390  0.30455579937872379  0.31868574948882683  0.33216452427099358
  0.34577349423407999  0.35932821963224082  0.37247882100194551  0.38447890052504086
  0.39582304613397912  0.40693256002245393  0.41756130188587487  0.42774971707771720
  0.43807972013030372  0.45142660448942068  0.46533909167903786  0.47772141214840724
  0.48840456835788115  0.49803738315799118  0.50803134008990281  0.51703649867837154
  0.52608528458869452  0.53540063773648372  0.54519452028782978  0.55717889883158545
  0.56849148583012588  0.58028958389977547  0.59161088635613668  0.60186301657740549
  0.61013197734786473  0.61684601193757138  0.62363624944991658  0.63042132892282010
  0.63751759611604475  0.64451078310244403  0.65109012171110059  0.65761349808596714
  0.66454758746063547  0.67320630672627035  0.68331922456700667  0.69315737173622294
  0.70306907879936953  0.71240126397296577  0.72142352717959901  0.72996417934452418
  0.73831910585939620  0.74678207961088883  0.75525762648545691  0.76330780482999727
  0.77145560228174681  0.77959979415843805  0.78794776449107740  0.79753856070721385
  0.80838702262931039  0.81713228975126395  0.82412979250429164  0.83052256395326363
  0.83644744753867928  0.84236888004424793  0.84843402605089624  0.85446552389600317
  0.86016495105879920  0.86601434238255481  0.87242163795717564  0.87930229886824629
  0.88666333229691630  0.89320600211976042  0.90008058368936295  0.90722265266712865
  0.91442342527161202  0.92166064450385132  0.92864150375782950  0.93493148734970721
  0.94288288615873694  0.95082880383056312  0.95882526396174805  0.96705855021627474
  0.97550126913700252  0.98388973310018868  0.99199670582489063  1.00000000000000000
 -0.00346839448734659  0.01103332725794583  0.02524499196702996  0.03899741302216667
  0.05319274317572888  0.06862970684115889  0.08293429730497470  0.09336846086045231
  0.10300804814483148  0.11278980403124028  0.12238799397498772  0.13206626744911162
  0.14148121643498227  0.15214432844709724  0.16407151787373514  0.17575050143861637
  0.18729999347495904  0.19857829679690425  0.20908947170576783  0.21902561753143315
  0.22851579590667709  0.23894421797922644  0.24959464101276074  0.26066360649429415
  0.27128432588530488  0.28093479106907526  0.29120984290035723  0.30124514846160733
  0.31120967142576506  0.32118344517868830  0.33148901919864926  0.34149863690770910
  0.35095597090858710  0.36042819842676349  0.37053099278679913  0.38117220127698126
  0.39167714017597804  0.40224349113671193  0.41321160779792915  0.42416878252805207
  0.43538610468400696  0.44597102297296248  0.45656308374896382  0.46826465331078493
  0.47901154642188742  0.48736732748541689  0.49548916033306517  0.50462618550854133
  0.51488511224139233  0.52416633305370741  0.53248553575818314  0.54071273132325315
  0.54977523523608707  0.55914952760270953  0.56777669786279827  0.57594081164879973
  0.58409354706531713  0.59355592922298162  0.60280794475291444  0.61188843851307084
  0.62049407367122644  0.62974742419813667  0.64028636201595490  0.65016706509213196
  0.65996239329291040  0.67027351329687879  0.68158614357376490  0.69255435516194130
  0.70251543204482803  0.71219225665296793  0.72134774954212588  0.73046862205608920
  0.73971585092592107  0.75004443359045736  0.76191470759117863  0.77410229085060001
  0.78662706403845128  0.79862183799034381  0.81039673391539113  0.82159521111200418
  0.83247863901291874  0.84316288668010075  0.85360746814880828  0.86630959208539304
  0.87859833541525345  0.89201382067173096  0.90262654178463297  0.91344843442518320
  0.92259027987224562  0.93184257015376792  0.94114243225663241  0.95103534549713509
  0.96201121696939407  0.97355532644675424  0.98537431966807054  1.00000000000000000
 -0.00226556462950762  0.00978001257648900  0.01982588409146886  0.03019427616866348
  0.03986886448457541  0.05127021206397377  0.06317182625451427  0.07436715649035092
  0.08524039702665828  0.09558397368414448  0.10504782800779847  0.11442553195856066
  0.12416111631788886  0.13368427365978761  0.14313529628653418  0.15266554461955389
  0.16231324580120132  0.17190775944016207  0.18187619485754405  0.19189279344320090
  0.20322709040811610  0.21384973229599152  0.22446442192001662  0.23372912718361966
  0.24175638919327844  0.24948688906023894  0.25781552307996131  0.26627283939783924
  0.27574209157888713  0.28614162468703808  0.29726996462844840  0.30924470732304676
  0.32092409468927136  0.33141487505927630  0.34165342559429784  0.35165824738686635
  0.36206004154013199  0.37293191636478712  0.38374780325423186  0.39367536598837266
  0.40211266663476708  0.40989647970537318  0.41780052732850553  0.42537693604757970
  0.43316383122304219  0.44125847864245538  0.44929795357384750  0.45738010856377243
  0.46671221259953688  0.47562375027834763  0.48617079055104739  0.49783610518362731
  0.50948823495145024  0.52195358855302998  0.53502047069811209  0.54992246232913122
  0.56427911036077627  0.57327363174128565  0.58178679479690110  0.59111706223869465
  0.60104343825295647  0.61076613438216765  0.62049860608487617  0.63089369393589445
  0.64117707234191290  0.65126378768592119  0.66120207864481850  0.67182388823119044
  0.68358859946624106  0.69684693513330165  0.71104325867383866  0.72540174649107703
  0.73734911470190523  0.74790139804958733  0.75837652452105109  0.76842936434055342
  0.77842809158137205  0.78905060592908016  0.80151803188553650  0.81562140191617127
  0.83034566182086755  0.84365907865177425  0.85707699160072837  0.87091186102592999
  0.88438712472498149  0.89804594599833687  0.91177532352458879  0.92493797244503462
  0.93716050374192439  0.94794811723287220  0.95741053846763524  0.96613798690172714
  0.97432859883174650  0.98286324394189906  0.99129890947478938  1.00000000000000000
 -0.00150856059613860  0.00805635792320902  0.01592163972883825  0.02394953059319556
  0.03255954234020338  0.04169885608587891  0.05243844347269820  0.06467005094029643
  0.07721320835759060  0.08870244220516980  0.09798063110968856  0.10666686589827504
  0.11484715091246681  0.12337438350323152  0.13225815131700769  0.14195329894334133
  0.15286293869083259  0.16575911767887269  0.17993848333284970  0.19436107947771936
  0.20842853902977926  0.22099338413968864  0.23290521061385622  0.24387281731861449
  0.25317462910765887  0.26161260912453665  0.27048751632186430  0.27968203293808147
  0.28870391225923514  0.29803142423540430  0.30714217557034401  0.31709119756217841
  0.32755879716005765  0.33783448342289546  0.34788215759248670  0.35743423805259961
  0.36690719175559167  0.37611309700995821  0.38495974445963416  0.39376584790311464
  0.40325695407112727  0.41222533344403234  0.42140809400988349  0.43127758875840200
  0.44170623562490924  0.45225288953357834  0.46201196067462674  0.47095380787662688
  0.48138821685623234  0.49451946617425935  0.50624748045451717  0.51668655263990648
  0.52724404957654514  0.53798333633211803  0.54898009082436006  0.55982932729976853
  0.57226938625957180  0.58471695216247654  0.59548894004959707  0.60589881406975832
  0.61648462060419207  0.62755664383463472  0.63711586767853912  0.64639773670271172
  0.65631412342833406  0.66661853640395086  0.67723855369708208  0.68732811249864478
  0.69820926302936037  0.70910853222759906  0.71899414932424921  0.72842819145114623
  0.73782375145047041  0.74698416604743056  0.75620943225803361  0.76572644238474696
  0.77598507554990204  0.79092441327310115  0.80434719737260219  0.81818767529168912
  0.83202114407712313  0.84588908665149787  0.86045636089228938  0.87426528113779500
  0.88636314039951181  0.89691317575490181  0.90720560172401232  0.91758955189727387
  0.92649359229753148  0.93500243958974771  0.94415530087114452  0.95355700681666611
  0.96367953611717483  0.97371446937261952  0.98418417824418813  1.00000000000000000
 -0.00211674214188732  0.00960874406258477  0.01863849243512066  0.02835436636489283
  0.03887465240103848  0.04828514322098012  0.05786826551208440  0.06784058331453720
  0.07778590780099068  0.08694244881540616  0.09629810078706634  0.10718001136026706
  0.12196563412464907  0.13464510085215639  0.14623989786341710  0.15716935175326860
  0.16848418014181368  0.17952587778679435  0.19223061594303867  0.20703110008289227
  0.22232658873029648  0.23618511759937499  0.24919514622331779  0.26150170940623585
  0.27279012342311376  0.28335660518539657  0.29412347141780981  0.30497697382965294
  0.31488978003494539  0.32277557903707682  0.33133936523238994  0.34027423450086092
  0.34963679329476277  0.35903644968767767  0.36796538686996666  0.37694160089081236
  0.38629865496701232  0.39571871230084937  0.40538596201705757  0.41531708238248316
  0.42593990996405462  0.43635829648532481  0.44693070399450907  0.45716972286614777
  0.46807640145882490  0.47813152615693572  0.48650929885149924  0.49423507681072670
  0.50194083211569096  0.50973730778022175  0.51780277958336662  0.52612443929798658
  0.53476975580580077  0.54473544658644202  0.55660947461207777  0.56708318801346991
  0.57719628700450942  0.58685049083145358  0.59588705438827694  0.60526622783015593
  0.61498927352572286  0.62470023275880404  0.63619718743429887  0.64802389490025070
  0.65934877755785037  0.67037818456747100  0.67972251820900687  0.69031022154960131
  0.70119964888117470  0.71322950226855586  0.72390902814488101  0.73439744118716155
  0.74443839112225896  0.75521617084552772  0.76641661275554918  0.77886369333564254
  0.79261025979857769  0.80632869158904952  0.81900266969075985  0.83072799647329909
  0.84106344285933854  0.85136266231950264  0.86145696510477177  0.87065769237454138
  0.87936497369823430  0.88822365369317602  0.89788710416109807  0.91076605700264657
  0.92189154107151139  0.93270920782831157  0.94392080096816744  0.95609276105209795
  0.96721759187720269  0.97803220788836487  0.98876157164355238  1.00000000000000000
   1.0135468884685942E-011  -1.0000000000000000     
 T F F F T F F F F F F F T F F F F F F F F F F F F F F F F F F F F F F F F F F F F F F F F F F F T F F F T F F F T F F F T F F F F F F F F F F F F F F F F F F F F F F F F F F F F F F F F F F F F F F F F F F F F F F F F F F F F F F F F F F F F F F F F F F F
  <DiscreteSampler_grid>
  grouped_processes
  1 # 1 for a reference and 2 for a running grid.
  10 # Attribute 'min_bin_probing_points' of the grid.
  1 # Attribute 'grid_mode' of the grid. 1=='default',2=='initialization'
  0.0000000000000000 # Attribute 'small_contrib_threshold' of the grid.
  0.5000000000000000 # Attribute 'damping_power' of the grid.
 # binID   n_entries weight   weight_sqr   abs_weight
    10   10   1.656370115512225E-003   5.905724992359040E-006   1.656370115512225E-003
  </DiscreteSampler_grid>
