 -0.00000255078100320  0.00011235284958371  0.00048884092522350  0.00102833058915935
  0.00169065262768925  0.00242977760841141  0.00324276991495202  0.00413961683676868
  0.00507781751254991  0.00604191635739698  0.00703973620702214  0.00806980316296889
  0.00914168598462103  0.01022593009179543  0.01131636257748377  0.01249107469511806
  0.01363216004117500  0.01475039185384168  0.01592538462741716  0.01711022964042347
  0.01828722957056124  0.01945764260943040  0.02070931798825398  0.02194549985012351
  0.02316539436419460  0.02438347497972941  0.02562219816958563  0.02690926657487876
  0.02821343084255976  0.02953242501607763  0.03081343759856545  0.03208691316738953
  0.03334652270253417  0.03461928203873366  0.03592602686400786  0.03722390976774777
  0.03853281770745014  0.03981647037536985  0.04110667199532616  0.04238323890935050
  0.04365581013171524  0.04498618587427510  0.04639467284602188  0.04783157324161924
  0.04927890186689377  0.05072364678874761  0.05215640460169068  0.05359744746015201
  0.05502313927052982  0.05645101542717263  0.05787435633794221  0.05931254291108119
  0.06080336709382819  0.06231228942689816  0.06385885008474169  0.06538374563357349
  0.06692153380203694  0.06848600836297268  0.07007268933434255  0.07167111055046559
  0.07327988941268475  0.07489475141131385  0.07650160503578049  0.07817157112476622
  0.07989937185857791  0.08170090250404005  0.08352646992381117  0.08537864020155432
  0.08723810455228834  0.08911366321678482  0.09102633761831419  0.09300693144020761
  0.09506887225944222  0.09716287215175121  0.09928103696908785  0.10133343675633984
  0.10341139985460567  0.10561769324139497  0.10803906087764077  0.11055180751840614
  0.11313289410431090  0.11581232600397520  0.11860511165676221  0.12152241926272622
  0.12458445983259837  0.12782776667065121  0.13115716892162185  0.13462009836082434
  0.13852157892800104  0.14320438601863181  0.14885280419100250  0.15552446815518592
  0.16394015796867017  0.17703768024603617  0.19524364521241389  1.00000000000000000
  0.00966484569252014  0.01587258495464011  0.02534874601696831  0.03530759335278526
  0.04581208690682357  0.05679928234190633  0.06761479978244453  0.07807893634660833
  0.08836557190790773  0.09859025494210392  0.10882367735770689  0.11897463614098337
  0.12898371966378111  0.13882980498258155  0.14858775906813115  0.15824629817039598
  0.16790270390651107  0.17773935988801093  0.18806881493870056  0.19864791086170330
  0.20942776653010658  0.22017607736326367  0.23086428459294425  0.24151105283210186
  0.25214309317084882  0.26289221999606571  0.27341921552939358  0.28369100028331506
  0.29426726674563636  0.30527252616819461  0.31647831903018731  0.32742086971864348
  0.33815629434522049  0.34924692446069427  0.36005375224288749  0.37069832123575241
  0.38165015467543778  0.39238175263543018  0.40295100846271709  0.41335134291659592
  0.42395583859873159  0.43444086888922417  0.44489550183238658  0.45547083111784714
  0.46618995989004230  0.47699900519478505  0.48776649820866902  0.49846437878740990
  0.50911647048116238  0.51959389006676360  0.52986868440291546  0.54012025046002921
  0.55042901875464689  0.56062395114888586  0.57057617951533457  0.58051617031327651
  0.59057372754421644  0.60059143690390127  0.61042586413896716  0.62020830456914666
  0.63036986716925025  0.64064900880432729  0.65072143783981939  0.66094835128644491
  0.67122085477041926  0.68201464332298600  0.69274249626841422  0.70384673606596126
  0.71488009782800066  0.72573818003008694  0.73617537826257329  0.74687488381346123
  0.75690067571274278  0.76722434837274489  0.77776739550662832  0.78840963242679885
  0.79877856646205214  0.80884801263498307  0.81911285714862192  0.82932445551564271
  0.83940150214084308  0.84930809662379603  0.85930451647603956  0.86926538005572429
  0.87953824564890504  0.88991358361613404  0.90023726632608358  0.90988619691306216
  0.91976787180283948  0.92995197910692440  0.94016172820332933  0.95005604784993825
  0.95997603009758692  0.97055625478403496  0.98116360586177243  1.00000000000000000
 -0.00192556386188959  0.00818758713822068  0.01709299142357315  0.02692633833932896
  0.03703244808565804  0.04704048587907732  0.05694150790863026  0.06734438247406757
  0.07865442467212382  0.08946461134424719  0.09963161808220897  0.11005885228555604
  0.12076348317816142  0.13147460441677908  0.14232219566337881  0.15355752280758353
  0.16483369143629431  0.17580547320371265  0.18651742900535145  0.19731036437681265
  0.20816595004528810  0.21897107462779897  0.22972840668495359  0.24016575496526510
  0.25079633192848055  0.26115100307493266  0.27161039778151902  0.28168764386815004
  0.29167761632490680  0.30189878257883934  0.31184380855879790  0.32233403672680494
  0.33287150586250985  0.34405241546080423  0.35500086970403927  0.36485572086857349
  0.37448122695015074  0.38402686225926430  0.39369461536355832  0.40374122251541811
  0.41383997980823300  0.42398528842780009  0.43443565655664101  0.44511841590973367
  0.45627570723867689  0.46726734904457756  0.47834619481714818  0.48925834029730952
  0.49979428703841616  0.50995457715378634  0.52027192343561701  0.53060322111342417
  0.54080887356663665  0.55109814696825477  0.56148983725102364  0.57185314932141540
  0.58233458247094427  0.59300019205867260  0.60384694933967853  0.61489154122020717
  0.62607980232003957  0.63779177072057824  0.64938854213849251  0.66115335351385041
  0.67266966745882850  0.68389645366971874  0.69517057403319127  0.70645551142246354
  0.71777598594846825  0.72903610588468981  0.74038930649956580  0.75142854441548379
  0.76237746645917526  0.77291626163499094  0.78284063260259718  0.79257638971580968
  0.80249492967633373  0.81247330276387264  0.82218814801672069  0.83182800872550700
  0.84250383825222530  0.85353836878022482  0.86448837454389349  0.87522412359231139
  0.88561947760078852  0.89606675144520564  0.90704419706219763  0.91822376471753320
  0.92914297652463440  0.93965221379408093  0.94980769332175874  0.95979682212317396
  0.96942578151048930  0.97917539523240404  0.98936381254465389  1.00000000000000000
 -0.00227877154852346  0.00882560684519180  0.01828293300848610  0.02876580351044378
  0.03957910312465245  0.05031121535257845  0.06082203386957977  0.07148063520081122
  0.08217842223930356  0.09270752792176262  0.10301562765251582  0.11321280576561903
  0.12362438764199989  0.13446491649323547  0.14496457409322683  0.15510724880730561
  0.16530625450583145  0.17611302854379507  0.18710207799629866  0.19766841768954399
  0.20783261757329921  0.21839764244643328  0.22898858735087221  0.23977600178995717
  0.25046707871002954  0.26108916280568090  0.27180145296568969  0.28242783848030489
  0.29323875220876716  0.30381367950954952  0.31401621835644289  0.32395698852653942
  0.33412828548963497  0.34453116365315051  0.35493870402373062  0.36530882490662731
  0.37570072513945191  0.38636972097426919  0.39717404715702381  0.40837428144862992
  0.41944562053011725  0.43016413030875972  0.44076177414560436  0.45134156465070308
  0.46192915208475277  0.47179624561392824  0.48151382095397866  0.49120426211429524
  0.50100402846065240  0.51107045065885437  0.52149798936147851  0.53228056934609114
  0.54303416248149927  0.55369108180644566  0.56428442622685537  0.57467292857812002
  0.58490992021571575  0.59519000447097514  0.60568802274968025  0.61636653747624914
  0.62691535488748640  0.63740668029273129  0.64768097632170563  0.65810889853157439
  0.66847179644248755  0.67875604491461738  0.68895635874506511  0.69939026515816993
  0.71027685812030350  0.72132325712752421  0.73241169413546170  0.74339760164147184
  0.75398041661973836  0.76439291080192984  0.77494472914185297  0.78549053057851204
  0.79576027504609115  0.80602147984392103  0.81653880364274689  0.82769561873688480
  0.83908979035277120  0.85057265186182474  0.86180533677070759  0.87283478351808574
  0.88421129312839708  0.89588671597844138  0.90697211617185491  0.91772883290406837
  0.92802363839323077  0.93842569786323493  0.94882759121634797  0.95932432841706516
  0.96935123014926916  0.97939990379512654  0.98949304686656847  1.00000000000000000
 -0.00233155236103874  0.00958151618543872  0.01964882120723382  0.03042825970742139
  0.04114784394027195  0.05196357330452947  0.06276132075751048  0.07349412872222326
  0.08434028079087209  0.09539290398623534  0.10606946964031193  0.11619639733470534
  0.12655860224706311  0.13696636692081693  0.14718805701591081  0.15729196755071670
  0.16752243988502383  0.17870420432181716  0.19017504003326993  0.20186950921655672
  0.21332813893395203  0.22475830857108367  0.23506237968977697  0.24514381439470978
  0.25497034759071896  0.26501414500133724  0.27484905167634016  0.28436654016669732
  0.29398308769015485  0.30379026441007373  0.31378472269915597  0.32411229195820884
  0.33460975366599788  0.34556792610099124  0.35649649435182929  0.36748818208967193
  0.37816260125579182  0.38847304344923783  0.39861785963064766  0.40863031318226845
  0.41889203160046051  0.42945111429783639  0.44003907825450250  0.45024248413468215
  0.46030080831296849  0.47022444398144803  0.48016658532255835  0.49039331631808880
  0.50096108759214697  0.51189737797162793  0.52272618848961949  0.53307157992887877
  0.54367451998674843  0.55389287675000065  0.56405912760431098  0.57404591831990071
  0.58388529824383806  0.59435524386343674  0.60507054256409420  0.61644063876043431
  0.62747657529887835  0.63838098949491617  0.64921047723244785  0.66023393728721225
  0.67133311883150981  0.68248404074581359  0.69344570203008382  0.70422940716254590
  0.71502184657805090  0.72570399555727938  0.73674690682363286  0.74765264330551218
  0.75846837847079240  0.76906979391430674  0.77906413200865432  0.78889485156379946
  0.79892377470585718  0.80914462435061207  0.81947879916818467  0.82910919962722307
  0.83922744705183039  0.85035802258327509  0.86105684538065030  0.87192596793531418
  0.88285843391891905  0.89371074310244625  0.90390595208613633  0.91362333226155834
  0.92410200121294905  0.93496542720681763  0.94587153496391763  0.95689788475557802
  0.96732511124310649  0.97857346407917523  0.98913654581458754  1.00000000000000000
 -0.00266995641738811  0.00982004720560469  0.02058009845839109  0.03069201320381279
  0.04136977739931458  0.05194475688250329  0.06264481622010500  0.07260104996962914
  0.08276946537489385  0.09308772608971456  0.10347998021682940  0.11401213502762690
  0.12447879557142411  0.13483469698693004  0.14478264302841370  0.15494456017451905
  0.16512095022953449  0.17519467413675521  0.18547892954305606  0.19636533934643574
  0.20771164714229057  0.21842656831623716  0.22935694588493979  0.24029967808183775
  0.25106879038266422  0.26153472727377425  0.27178360812424263  0.28215973003630224
  0.29275749094015202  0.30308781382657957  0.31345326040659033  0.32347210013999417
  0.33309084372909231  0.34272533883871986  0.35272861340481887  0.36308651621506988
  0.37381980400881953  0.38435010480050918  0.39474402109844575  0.40469309822760852
  0.41440709647451196  0.42460735925645027  0.43490707411536589  0.44495195161262996
  0.45486936647218762  0.46497390298821611  0.47528592244773482  0.48561886770071072
  0.49602003460255062  0.50654699562473382  0.51701715528393688  0.52742115668709644
  0.53785153295890553  0.54817788797093570  0.55841210871768776  0.56878880651549146
  0.57932950921430071  0.58987450374234207  0.60041968090416031  0.61103618109823854
  0.62171558359727375  0.63233564072915327  0.64287128743496036  0.65346310317987366
  0.66406771334280523  0.67483468204231911  0.68566738137246719  0.69653400582194991
  0.70743349342420758  0.71842001708081937  0.72924472761577996  0.73975056713168919
  0.75012194808424604  0.76072997719562041  0.77164150736315951  0.78262225281721354
  0.79375219042780998  0.80497284941569247  0.81626326069268129  0.82741032338678455
  0.83823397427202528  0.84894817663878408  0.85977012723568014  0.87104800050353925
  0.88204215453485990  0.89300486102024712  0.90358647385836766  0.91394343565486891
  0.92493335749320582  0.93633114267696205  0.94697345487531492  0.95767053343044706
  0.96859452958004788  0.97948178380004869  0.98948566658427795  1.00000000000000000
 -0.00173203712342541  0.00671824675603194  0.01415467114661420  0.02166674123000750
  0.02964268957910325  0.03725941709027909  0.04586797349324624  0.05479466383686209
  0.06375243308471613  0.07296443734526828  0.08246395932095829  0.09205367555410232
  0.10152029889487584  0.11068696898375219  0.11985313875804177  0.12932400598526622
  0.13888896800113282  0.14853673719172863  0.15843792923302424  0.16865366549163491
  0.17915360567507863  0.18962567120557977  0.19997366996533811  0.21025076658513053
  0.22052928792681714  0.23095928855561412  0.24155236700207089  0.25216299227178612
  0.26258969523268466  0.27306847379162119  0.28399121362625418  0.29540531179925156
  0.30701694572875032  0.31849448954805132  0.32997149699170131  0.34179002871927927
  0.35363398674828461  0.36508793220334290  0.37648989997719612  0.38810636998562309
  0.39996459263836442  0.41203599473802305  0.42429479244332935  0.43670707735283304
  0.44845841984420748  0.45997236387526269  0.47140445815057930  0.48328046069404534
  0.49540618262617397  0.50760727394385852  0.51993234561204293  0.53258698054682962
  0.54542979876953668  0.55817419352673980  0.57090781212350150  0.58373372349562347
  0.59638937671692094  0.60848489638603087  0.62004622648167051  0.63162984573578995
  0.64361880487772882  0.65602742295610750  0.66864739198443723  0.68126194963150877
  0.69359816216619219  0.70551813067488955  0.71671801881808384  0.72735706627395580
  0.73814168415366066  0.74902657934247197  0.75975418070743428  0.77018928666817932
  0.78050718939949038  0.79084079546472130  0.80118763478993382  0.81160740038844492
  0.82223583397336453  0.83293682428946803  0.84341659698416094  0.85343673192777059
  0.86301537051056743  0.87257256730028354  0.88226962834986300  0.89201056887767571
  0.90160900192880256  0.91099225740868217  0.92056210110667369  0.93006731699769152
  0.93925628008266493  0.94802639063946026  0.95653884494015529  0.96544411582082423
  0.97404964516351245  0.98267160056553460  0.99102255707192244  1.00000000000000000
 -0.00233232242353460  0.00889635381293200  0.01916147258456245  0.02981149695339957
  0.04051840134713958  0.05092160683153002  0.06120666695986626  0.07141730940357467
  0.08195593335637300  0.09245211704152981  0.10296534380734372  0.11329104159785036
  0.12332708761601854  0.13371122255991894  0.14408175989806332  0.15456414434368029
  0.16487309568355379  0.17552944490874678  0.18601823695220243  0.19609500938735352
  0.20595312075703961  0.21607362752860021  0.22633024197884793  0.23656842540778222
  0.24664981514483358  0.25691796955329310  0.26693621350167734  0.27690665557821753
  0.28675111602074832  0.29670859255765730  0.30675869207666734  0.31704105507307961
  0.32785629458183069  0.33885839942456986  0.34961899511789979  0.36003096247894117
  0.37013103992530461  0.38019234930951851  0.39017830207807230  0.40030162160832949
  0.41065904554333199  0.42110794107426552  0.43167610341061069  0.44231112261707783
  0.45320214263824632  0.46394189491886045  0.47456292891754837  0.48526844590854462
  0.49590872230097371  0.50686091850403048  0.51764286175829777  0.52850339155795079
  0.53976019921518736  0.55129769350995861  0.56343792832462636  0.57518842297628869
  0.58608476552009614  0.59637651004400138  0.60631518351747082  0.61642767747996963
  0.62679044482834312  0.63714547214990136  0.64760668209018202  0.65802833710833131
  0.66869177890199649  0.67983002266775672  0.69108591150395371  0.70188359251418320
  0.71290015774382665  0.72413588787605476  0.73531852968383560  0.74626064207374654
  0.75690324862195313  0.76779376652683606  0.77840764049413191  0.78932643817590331
  0.80011816654015000  0.81084673283823050  0.82129093458128255  0.83195428141465899
  0.84256555482099316  0.85349317917508782  0.86434454223160861  0.87499726319653193
  0.88491088309478849  0.89464905331164424  0.90472933130808775  0.91507060265706197
  0.92582695261860304  0.93609819229224256  0.94664333780631982  0.95697782590300207
  0.96740159398047409  0.97811625740308950  0.98890469727571217  1.00000000000000000
   7.1084711996436255E-010  -1.0000000000000000     
 T F T F T F T F F F F F F F F F F F F F F F F F F F F F F F F F F F F F F F F F F F F F F F F F T F T F T F T F F F F F F F F F F F F F F F F F F F F F F F F F F F F F F F F F F F F F F F F F F F F F F F F F F F F F F F F F F F F F F F F F F F F F F F F F
  <DiscreteSampler_grid>
  grouped_processes
  1 # 1 for a reference and 2 for a running grid.
  10 # Attribute 'min_bin_probing_points' of the grid.
  1 # Attribute 'grid_mode' of the grid. 1=='default',2=='initialization'
  0.0000000000000000 # Attribute 'small_contrib_threshold' of the grid.
  0.5000000000000000 # Attribute 'damping_power' of the grid.
 # binID   n_entries weight   weight_sqr   abs_weight
    19   10   1.020797058667936E-001   2.576802448732394E-002   1.020797058667936E-001
    25   10   9.617553722593700E-002   1.715850485736893E-002   9.617553722593700E-002
    37   10   1.050858003442702E-001   2.206182338074714E-002   1.050858003442702E-001
    43   10   9.126171774660627E-002   1.997553664238390E-002   9.126171774660627E-002
  </DiscreteSampler_grid>
