 -0.00000000499415977  0.00000284173710393  0.00002153873450080  0.00006151055449024
  0.00011824172233923  0.00019848393679848  0.00029257395831618  0.00040031500744280
  0.00052138445798442  0.00065837189093353  0.00080896252288909  0.00097066895949845
  0.00114306774369600  0.00132479958260987  0.00151471661967568  0.00172010203831181
  0.00192874841153449  0.00213768828739537  0.00234336721630605  0.00255206231074595
  0.00277640569213074  0.00302028658447785  0.00325706875554926  0.00348728447687309
  0.00371418630539228  0.00396445936993051  0.00421798145213217  0.00447840715842534
  0.00474424938616886  0.00500320167038009  0.00525695962047171  0.00548996482003360
  0.00572055913529736  0.00595912113671151  0.00620602667381476  0.00645786965808653
  0.00676141488414522  0.00705492086077808  0.00733938110905987  0.00763364705920559
  0.00792308128637320  0.00821812273188611  0.00853330683778460  0.00886885779092887
  0.00922427737840308  0.00957083168108963  0.00992166956464187  0.01028013298086754
  0.01063426333286141  0.01098432175773012  0.01136961575652618  0.01181445669074838
  0.01222821440401176  0.01262824174014029  0.01303024619740094  0.01344150462910886
  0.01386419649258189  0.01428833584094110  0.01472476250918808  0.01517703295560217
  0.01562044037741350  0.01605232768577068  0.01648387884196993  0.01693477898019123
  0.01740273967923991  0.01787783151254766  0.01836366216313873  0.01885372173115105
  0.01934151646326840  0.01989339222215903  0.02042672202668097  0.02096891940629781
  0.02153188829068273  0.02212180556724843  0.02273093255857349  0.02336002869165939
  0.02397763166496776  0.02462056941356315  0.02530821465594547  0.02603518455139352
  0.02678988175371434  0.02761227620137338  0.02840447042812341  0.02920248040384987
  0.03002321740782749  0.03087226088424568  0.03175160129673347  0.03268796738884706
  0.03356795690531026  0.03493273918909848  0.03660339820593404  0.03854725588706192
  0.04091672978750308  0.04419059837383189  0.04894757031148424  1.00000000000000000
  0.00961532741935074  0.01485662014551779  0.02385995785952884  0.03505740041276378
  0.04575970737157292  0.05599990652411652  0.06651534719057280  0.07702060961836006
  0.08806041882465414  0.09897011713956100  0.10993172986780686  0.12057969313372827
  0.13469923890390875  0.15007024958063062  0.16391986448741000  0.17649189366393242
  0.18835985080300105  0.20033036955166267  0.21189881910085842  0.22161948545414920
  0.23171192577630179  0.24171917140848626  0.25083811010845336  0.25936361868839314
  0.26766600528648710  0.27673051300339113  0.28629546535620726  0.29606023184414193
  0.30618606003369664  0.31625221728203845  0.32639715224096044  0.33688713443332136
  0.34873929956583927  0.35973724117938283  0.37095675715560195  0.38045194282938999
  0.38944424454776921  0.39836363979509432  0.40728140214532565  0.41630171076982236
  0.42503917257496288  0.43363887379342503  0.44339072861161810  0.45398975978346062
  0.46423147827795685  0.47381609289158977  0.48323268581043832  0.49274282417414139
  0.50253769927107350  0.51234198398710007  0.52192054074841709  0.53156047017586083
  0.54175263370044535  0.55331986227203733  0.56514391714182322  0.57671290658077046
  0.58882340610881612  0.60123926861638421  0.61259761179836858  0.62290111255331815
  0.63286613103088352  0.64280466481531984  0.65350128294639342  0.66497804806994087
  0.67642994325317607  0.68740082581152895  0.69804479744945935  0.70937801803581069
  0.72231451297640947  0.73424331529042997  0.74470902670504513  0.75479934422679251
  0.76478770638624005  0.77468599790781567  0.78390439052963301  0.79312150406840143
  0.80227031184597830  0.81136752531807710  0.82105214365050294  0.83148390336356326
  0.84241909887089395  0.85237963055588495  0.86240186490569670  0.87266390447330988
  0.88379974145955575  0.89447582018823946  0.90516434661508260  0.91459905187004198
  0.92337358148885584  0.93213576426920042  0.94158268577277293  0.95273053134092500
  0.96427432482937814  0.97573708719955865  0.98770119620323427  1.00000000000000000
 -0.00001597292948334  0.00016568759740165  0.00044804000240928  0.00084451785208018
  0.00136941659525616  0.00202945151822282  0.00274391485302971  0.00353957148960188
  0.00436191387195686  0.00528952192100039  0.00633526773032889  0.00744951987996196
  0.00867314024021167  0.01024523519584541  0.01201298016964845  0.01393379569575692
  0.01622050201107611  0.01829008798208583  0.02030313999267120  0.02239647022258882
  0.02448419001511304  0.02659454882319680  0.02884746257038901  0.03119029731140874
  0.03370059704075687  0.03623099009999678  0.03873941097497083  0.04129106659886789
  0.04391313742158169  0.04658075799207434  0.04930822707012823  0.05211012085101466
  0.05497074554233620  0.05783620160848103  0.06066185355114023  0.06364511192869247
  0.06686993100547355  0.06996818429243055  0.07299600858437268  0.07607512860764407
  0.07923264494084602  0.08246206845636082  0.08577473509756786  0.08919814321617543
  0.09274161674050721  0.09640061829271346  0.10015723526932215  0.10396157565751550
  0.10781422632679694  0.11171289102215623  0.11582360030609334  0.12003325414408408
  0.12466498445071451  0.12970000988465705  0.13525932603590574  0.14124510487409273
  0.14749335712154443  0.15361078107771303  0.15985667930567987  0.16595791226797127
  0.17195691556342443  0.17800014015299900  0.18420697671423614  0.19092156240690467
  0.19794224980208175  0.20515492813624853  0.21243449632944111  0.21972350803448731
  0.22703709166313779  0.23448162871216280  0.24225121702524446  0.25034776900316852
  0.25877360341168093  0.26761867480312873  0.27683882940787302  0.28633333651699727
  0.29594736805024502  0.30554802083043181  0.31687797151123431  0.32846763866873169
  0.34067795930602107  0.35388771213231801  0.36780180706012355  0.38314936541441658
  0.40201827977984600  0.41880906007609447  0.43767714862941315  0.45789807636395385
  0.47812002143331539  0.50997733434457848  0.54406018456038363  0.58321800203007801
  0.62999452807539735  0.68884875226848363  0.78468517999815879  1.00000000000000000
 -0.00141359050113809  0.00637889769603017  0.01275066492695622  0.01917097558279872
  0.02540055191548713  0.03184361317329806  0.03838132711858879  0.04550792529362423
  0.05217913387557520  0.05860196180970925  0.06531659595761583  0.07245055690249480
  0.07973807502557637  0.08707301664690878  0.09432619676743197  0.10257415985498464
  0.11284551152289711  0.12410574096541714  0.13386598953211931  0.14201139499772344
  0.14945890420091706  0.15552489723914428  0.16197809892267725  0.16863159764575586
  0.17512835161355134  0.18143167826343570  0.18759526079281824  0.19435200482443390
  0.20087338375336516  0.20766545883091878  0.21560471051765553  0.22405956129384447
  0.23348008977180276  0.24303858553890673  0.25278840137816511  0.26261876253483168
  0.27220533782495432  0.28159141118268999  0.29095300862308537  0.30063535762029070
  0.31058464130341407  0.32025841015814727  0.33012310481472396  0.34032989364776972
  0.35069834476763007  0.36079035801405257  0.37060085041481866  0.38085544574544988
  0.39204320441076168  0.40367270658417764  0.41554214332806710  0.42752795989466941
  0.43944792025614471  0.44999414870320825  0.45998585784666057  0.46891118136041321
  0.47838410885976906  0.48849033477795889  0.49899029774396203  0.51086028643562775
  0.52274963016891385  0.53456264479945292  0.54643346864562625  0.55803980481894444
  0.57098645321604868  0.58325603213537269  0.59588972426613918  0.60795289412560138
  0.62041324138332477  0.63363050732478321  0.64705204675393879  0.65944150357942455
  0.67050521383297834  0.68157010618629210  0.69316817758723526  0.70527782590354426
  0.71770443819001550  0.73059258531258564  0.74391057229413282  0.75789397892295562
  0.77161006000008026  0.78503143302381662  0.79835739685342955  0.81156519905072944
  0.82505070732922670  0.83781519294622142  0.84970945765239492  0.86292342162427749
  0.87774674114727369  0.89311339928116418  0.91089828283331997  0.92910497888049459
  0.94727607224650412  0.96488872230860834  0.98263113201187824  1.00000000000000000
 -0.00211134208570346  0.00945634192872613  0.01866930629794028  0.02838007207165751
  0.03805735340455717  0.04815578984724991  0.05850605384461168  0.06972495350828797
  0.08142996233641228  0.09226545799492020  0.10183396017518490  0.11201388286824654
  0.12141181663024334  0.13094506994682062  0.14027286542375084  0.15454123695143207
  0.16826822752344886  0.17952857457292648  0.18982955392295947  0.19997832484474151
  0.20996607981764331  0.21956621783901828  0.22953437620441799  0.24002160707929063
  0.25028673049868616  0.25917849159983175  0.26749157227115961  0.27632746224464150
  0.28542325124450652  0.29486481237789308  0.30491590671155261  0.31505451363841619
  0.32533630435716654  0.33586104568484271  0.34638416552227319  0.35733192861358326
  0.36755003393943109  0.37858391105865458  0.38905099201180232  0.39892924997976115
  0.40920225628856355  0.41951404835981376  0.43169165819919314  0.44485448985165382
  0.45815404814128108  0.46993528683481334  0.48064057575558794  0.48934223503661167
  0.49786088736850986  0.50670475306330665  0.51640344018934348  0.52761130322138561
  0.53944171730899160  0.55337190832341843  0.56684963412982814  0.57896918557815724
  0.58979821799146148  0.60037322235748081  0.61174495525790407  0.62356821149250985
  0.63623389932628527  0.64922834655498429  0.66275000474628021  0.67333485600005294
  0.68246178352040732  0.69159411112367686  0.70060470778684847  0.70983654209250768
  0.71972012404635510  0.72998744661419490  0.74105982493139044  0.75247181187068035
  0.76378046819908474  0.77463469187820244  0.78499194963538543  0.79606355172890320
  0.80746884912256767  0.81850263151981739  0.82925279796114015  0.83984608820759143
  0.85036238939575470  0.86116843410693944  0.87227712456725448  0.88263843551032350
  0.89139588818189497  0.90065260573692829  0.91129986696088050  0.92322401001239252
  0.93492845115820178  0.94491273550206023  0.95449797024763050  0.96368105109014246
  0.97301250956992702  0.98243079043201342  0.99155476176799007  1.00000000000000000
 -0.00244869169120156  0.00963580570418623  0.01916032305972031  0.02878303593822765
  0.03889477963257460  0.04954646677130527  0.06079103524952988  0.07147607372384497
  0.08120651940175795  0.09053517142537854  0.09964952345669092  0.10886893347764677
  0.11855341738784883  0.12819056203446777  0.13760412811979811  0.14746148969812073
  0.15744189693970190  0.16709841912589141  0.17618995754129491  0.18550861059529888
  0.19528792081472054  0.20538056857592757  0.21613338874880067  0.22762753143070752
  0.23731527655063442  0.24655648893686610  0.25643345447290633  0.26675917035588337
  0.27663693268213813  0.28517819352668228  0.29434229019053049  0.30405439941903695
  0.31412072591818541  0.32425832943117583  0.33445224825926534  0.34480465804477767
  0.35554282666021059  0.36671602697986755  0.37794430751561781  0.38905246367731494
  0.40020874833094672  0.41134007995803185  0.42223530434429224  0.43271297522497082
  0.44283953409776577  0.45293709674574617  0.46330685097595731  0.47330061256629113
  0.48250362946920811  0.49145493445663624  0.50156965688836164  0.51373654988853190
  0.52600863260624831  0.53686790129375506  0.54668159116324033  0.55621211804781323
  0.56613761298810050  0.57657933504593695  0.58724228400206768  0.59842066909574410
  0.61036731681441958  0.62238766534296375  0.63460227516812018  0.64562231385937452
  0.65637993102174497  0.66604092388825697  0.67447026596361703  0.68217184999581526
  0.69035744266920696  0.69940062435127581  0.70947635842234358  0.71918192415344451
  0.72838919945162384  0.73735379509885957  0.74627899342184623  0.75583091950541159
  0.76616511784172647  0.77596003656961399  0.78531781525883071  0.79501384135965725
  0.80546174846747276  0.81614842028318046  0.82640470818126199  0.83773023710096417
  0.85180379903063741  0.86473134187466694  0.87752112693670259  0.89111449055027592
  0.90410849885843869  0.91775634793527106  0.93317893297645638  0.94804171275528448
  0.96201541873329255  0.97617937170329672  0.98839327313091441  1.00000000000000000
 -0.00459825495516761  0.01449846902015874  0.03010705882184977  0.04288868191009503
  0.05364396434122625  0.06351075263263763  0.07309006481830187  0.08254999821422195
  0.09204280980826091  0.10120618045544826  0.11047542412706141  0.12000127920356568
  0.12998913880935337  0.14030467833723997  0.15008731379258761  0.15922909268302488
  0.16830161406007027  0.17732766441154335  0.18632461865892580  0.19538757435477722
  0.20467119849405813  0.21462368691058173  0.22545994488176146  0.23556141152139437
  0.24531630554046527  0.25498863488345924  0.26483563887796774  0.27589314667871884
  0.28603034517006448  0.29758031311511718  0.30967525664160972  0.32257096167293708
  0.33505535520371288  0.34713891173962030  0.35897797774953161  0.37090167641606692
  0.38305215036291523  0.39488105352674380  0.40436222423566687  0.41328555297050529
  0.42314304714008921  0.43298274062100039  0.44292242304878343  0.45216903270474401
  0.46388579967376564  0.47724197857685502  0.49003561798816514  0.50234289229989271
  0.51448848681978820  0.52608865600645560  0.53809365996089942  0.55092513367896212
  0.56319691125554827  0.57396008819141875  0.58419368038172870  0.59448267236109764
  0.60479270173694799  0.61538144353902213  0.62619107745053348  0.63671059530270191
  0.64642243490185036  0.65524707156646311  0.66490282432408820  0.67531807834959678
  0.68536813400824004  0.69462545536344600  0.70353738002921240  0.71323999569569374
  0.72368300255367879  0.73447069413456012  0.74550442731527589  0.75698036573232874
  0.76868915170012020  0.78097990391648586  0.79298383453116306  0.80418412941345774
  0.81458653619327759  0.82409091293016878  0.83387956777684102  0.84326289762412932
  0.85226102638511081  0.86132491569757208  0.87075083893826188  0.88120297067164888
  0.89212101204456051  0.90394206452559023  0.91687725455547897  0.92672788900700132
  0.93625211112130591  0.94538979937174183  0.95429709713180466  0.96384164390901028
  0.97366314332748449  0.98301919284462480  0.99165645437454286  1.00000000000000000
 -0.00170234401661543  0.00885208566062934  0.01917525478442569  0.03065807498895319
  0.04344334470051960  0.05629545225095178  0.06813448907425891  0.07759449094986999
  0.08691694580335410  0.09651425435828372  0.10618996529134210  0.11620457271624324
  0.12594974760350203  0.13596892909024733  0.14586801173510502  0.15562538608316129
  0.16523908882217064  0.17458782220148858  0.18379763214559178  0.19348694105151179
  0.20405560813349294  0.21591812022201129  0.22869999661544546  0.24005983986269300
  0.24979845963229008  0.25950601096041814  0.27051473804772325  0.28352038897333159
  0.29531505624941207  0.30390186568892813  0.31206132417808768  0.32004112270169272
  0.32830009067570887  0.33687554543568943  0.34539409571185742  0.35431809900712863
  0.36430874695166532  0.37456275567163588  0.38486773840831873  0.39456876467662477
  0.40542322159229099  0.41620370329721496  0.42739011310862784  0.43800412362188001
  0.44801908073779068  0.45877104247999639  0.46939407488585522  0.47954703993615511
  0.48946966584745416  0.49966239288797532  0.51176248304018701  0.52425962084070143
  0.53665163871018529  0.54800040073553491  0.55862353929028397  0.56932498740455695
  0.58039451797493347  0.59180455137676002  0.60269481757569876  0.61243704723454850
  0.62149001224561451  0.63065935891171687  0.63997231084989303  0.64927596922223130
  0.65803233472209299  0.66679914821382325  0.67626357584492791  0.68646246747035222
  0.69749209603164231  0.70831473741047946  0.71814809823499826  0.72840712111601669
  0.73945760533706850  0.75029373055231008  0.76037515171602699  0.77098234343391148
  0.78329271374097431  0.79634787697211307  0.80894596460577106  0.82075054309279949
  0.83189680622133277  0.84250661541251148  0.85281049600027270  0.86345825484234728
  0.87429774836974428  0.88507527239871320  0.89499258341128030  0.90515819729863245
  0.91510032559450116  0.92443513312239645  0.93433904194793482  0.94596368751439297
  0.95924774360340326  0.97304152248644538  0.98669147959162828  1.00000000000000000
   1.5362339398761238E-011  -1.0000000000000000     
 T F F F F F F F T F F F T F F F F F F F F F F F F F F F F F F F F F F F F F F F F F F F F F F F T F F F T F F F T F F F T F F F F F F F F F F F F F F F F F F F F F F F F F F F F F F F F F F F F F F F F F F F F F F F F F F F F F F F F F F F F F F F F F F F
  <DiscreteSampler_grid>
  grouped_processes
  1 # 1 for a reference and 2 for a running grid.
  10 # Attribute 'min_bin_probing_points' of the grid.
  1 # Attribute 'grid_mode' of the grid. 1=='default',2=='initialization'
  0.0000000000000000 # Attribute 'small_contrib_threshold' of the grid.
  0.5000000000000000 # Attribute 'damping_power' of the grid.
 # binID   n_entries weight   weight_sqr   abs_weight
    10   10   3.069368226922416E-003   1.803375430152438E-005   3.069368226922416E-003
  </DiscreteSampler_grid>
