 -0.00000002909463399  0.00003806779699650  0.00027876914161614  0.00079848390704089
  0.00156363686931013  0.00261672207333345  0.00395227479852127  0.00544052015860385
  0.00706193082243805  0.00883628538058464  0.01081467961131984  0.01294616679732911
  0.01524527464569910  0.01760664005275335  0.02006049054515144  0.02253003859520257
  0.02510148232920002  0.02784922156476621  0.03059037007525525  0.03356976097538270
  0.03675841510564126  0.04007755358701102  0.04361996902413511  0.04729778188471985
  0.05076794068778621  0.05420398672052375  0.05776891068392349  0.06144209950129294
  0.06509516899404874  0.06879564758611734  0.07267849546801987  0.07674716684773995
  0.08074931020953083  0.08465781541543126  0.08858004658713234  0.09243082370648512
  0.09656539712166641  0.10081841734787536  0.10508655806283439  0.10944467998918922
  0.11386038620125571  0.11823863092331384  0.12278325532952186  0.12755315149826219
  0.13233091476565378  0.13708294116542366  0.14183726181613032  0.14654597460208491
  0.15115971435662678  0.15591057732797756  0.16071409578567802  0.16575101071676884
  0.17077861199945793  0.17577683595578131  0.18071850348142335  0.18552592664590117
  0.19044420178545285  0.19546829232671356  0.20068561219307196  0.20595816400091307
  0.21146930468000644  0.21719714049217551  0.22287438559962355  0.22867628237326557
  0.23450603088666952  0.24040240908930749  0.24638044769897804  0.25237507142066812
  0.25828396379722623  0.26432450174797206  0.27092549808952326  0.27761419935900555
  0.28443192147801971  0.29137428008444155  0.29838392840972333  0.30552501062922627
  0.31288980682494422  0.32047314203293020  0.32819596733670331  0.33597339677334864
  0.34414186666799473  0.35339262541690042  0.36429911694291206  0.37521179939875549
  0.38621003694972789  0.39737497135512700  0.40888450232504747  0.42147502461604053
  0.43459103960078549  0.44861156940271413  0.46667287082470665  0.48769290889659445
  0.51280721706193233  0.54744130809236979  0.59645059548402268  1.00000000000000000
  0.00980247985901343  0.01465525894815958  0.02258947068832674  0.03148949873936206
  0.04094945688059151  0.05088025764512906  0.06117188651758918  0.07132918158555972
  0.08153007920341761  0.09130119531032471  0.10071800111770361  0.11044038156891910
  0.12062387297685796  0.13148072139064956  0.14287194544266119  0.15419281652389752
  0.16485339916387537  0.17479263234219733  0.18458200449660109  0.19453175735999448
  0.20467660613548019  0.21516282577983684  0.22555344383646619  0.23629294414218319
  0.24744444306235022  0.25874625532402695  0.27024226777328270  0.28187754398269282
  0.29332836663426354  0.30419419720994889  0.31460048484044406  0.32501823744447206
  0.33561546781420826  0.34646502863126311  0.35779751212977923  0.36957542765085427
  0.38076027292451786  0.39125663014851597  0.40169627800021468  0.41167606691660413
  0.42131389185170165  0.43119970883222997  0.44123279844676144  0.45173215152221319
  0.46179554526674466  0.47288882862417481  0.48345622573709801  0.49413547304853705
  0.50474573600884187  0.51553530183504837  0.52597251739475881  0.53603589877522662
  0.54587853453066226  0.55597455965387910  0.56635635579854149  0.57666112091101140
  0.58684611426057398  0.59720380229507952  0.60782906077631005  0.61826946636910263
  0.62828016306682821  0.63808099312365085  0.64807271743111494  0.65812547313492031
  0.66778182676785125  0.67708293449743662  0.68643806375773853  0.69574825914378557
  0.70498986101774919  0.71431276452431802  0.72380099323045000  0.73395175371538623
  0.74364738325484114  0.75351153526495029  0.76383291804839093  0.77438981254743655
  0.78541968880720381  0.79701531868411490  0.80873922779403573  0.82034394270685296
  0.83176376774188798  0.84304100011650673  0.85403241655305873  0.86462008440699678
  0.87504549897309558  0.88578049954323645  0.89673571289219378  0.90738822109020578
  0.91813382363792462  0.92969700938050459  0.94132333026227166  0.95205364748129373
  0.96324869858263751  0.97560813020780690  0.98781774898632646  1.00000000000000000
 -0.00208427549422580  0.00861665200174509  0.01716817983545239  0.02665738228619109
  0.03619682903184982  0.04588704723105244  0.05497998514121480  0.06444433402181521
  0.07471787298450243  0.08515283261938919  0.09577793296172255  0.10679286773812105
  0.11829970163088442  0.12978154304649772  0.14084596793599924  0.15221255383217899
  0.16335280613462047  0.17360837503360987  0.18303332199048220  0.19256646745109349
  0.20189963014657303  0.21109630061654938  0.21992215401165352  0.22913360434109187
  0.23910349719092838  0.24909508972676120  0.25931690727723949  0.26963110048802641
  0.27966924596865633  0.28944398993648407  0.29949367732923121  0.31024912906618995
  0.32047260380158304  0.33095833585056583  0.34191287581417634  0.35370772881149171
  0.36594730278770637  0.37765119960515553  0.38881770539258914  0.39970905970374415
  0.41079623971520474  0.42176739189740198  0.43262041967197129  0.44351317726058259
  0.45453126307944375  0.46497150452456704  0.47490686178766250  0.48504851695135970
  0.49509890792384242  0.50519868968746062  0.51533463094790577  0.52582407521172003
  0.53637761139631324  0.54683697616611115  0.55750343841675820  0.56887287492634708
  0.58100044458333266  0.59368697155289984  0.60657599934802309  0.61915390998006381
  0.63085194850083470  0.64192512120327183  0.65267403152122583  0.66406718975312651
  0.67573298170360763  0.68754679674098318  0.69985919562849241  0.71113967534235512
  0.72199529493526537  0.73287534361097961  0.74417297987777287  0.75385809357890576
  0.76300688220845647  0.77260663319331535  0.78199471914126006  0.79078042329667220
  0.79900021194722237  0.80718707718088178  0.81583384233047163  0.82548871969968085
  0.83553767435478432  0.84663390927511928  0.85771424961575959  0.86812350872339406
  0.87887260134163159  0.89041898906806294  0.90190454289389033  0.91288743277371653
  0.92416636423497689  0.93676542890946723  0.94799609345869329  0.95938963541703992
  0.97008101622090237  0.98053250759279731  0.99016011056960029  1.00000000000000000
 -0.00360598336965788  0.01193802932502518  0.02391382477615656  0.03565273167941369
  0.04641942171574840  0.05716771791639927  0.06773752005659131  0.07809464643701142
  0.08881652302829461  0.09967563064565792  0.11059704848546430  0.12119586305430378
  0.13156177466602867  0.14193584763181341  0.15217121769663169  0.16244800098139320
  0.17272807454025177  0.18280722859538137  0.19224688279246466  0.20133436005622743
  0.21049509275338382  0.22021921673441935  0.22984256412925558  0.23912577093703372
  0.24821964589260212  0.25827583620201361  0.26851127407572861  0.27790088202148838
  0.28687908704722104  0.29618266495567341  0.30542712919806203  0.31472560496338131
  0.32369268241677968  0.33281800553996954  0.34244743792143723  0.35262153065315205
  0.36268440562958970  0.37233257938854103  0.38192561883126974  0.39145348568031296
  0.40155746478234094  0.41218690082530718  0.42332820133238486  0.43462452283508202
  0.44607424156526254  0.45770619707770899  0.46912041617917122  0.48044147757615091
  0.49189369354579293  0.50305555395261781  0.51390017507063490  0.52489939447960166
  0.53595019177963810  0.54732578071338855  0.55901930417066181  0.57119109000557367
  0.58316753426836587  0.59371962493095432  0.60385339159672213  0.61395532859637092
  0.62385665173065563  0.63313223845792643  0.64212527111235751  0.65146602863407777
  0.66140223745181792  0.67160527194698538  0.68179508804957645  0.69213581105632838
  0.70293476345024208  0.71374954186505224  0.72436565959144483  0.73512324232940296
  0.74589436520221708  0.75664909807534830  0.76754211480835288  0.77863271396740352
  0.78979783773789103  0.80080039469362929  0.81141620275896975  0.82207970716483381
  0.83309258843149281  0.84495700747047653  0.85689725192981392  0.86814257470501544
  0.87941270636467417  0.89059623844191604  0.90140739928557889  0.91244882636271718
  0.92399588648833941  0.93641612286612030  0.94798409871150713  0.95905108921217963
  0.96966224790073252  0.97999699737722046  0.98979197896799387  1.00000000000000000
 -0.00262244949162443  0.00989749652327549  0.02098081175097445  0.03186670596795783
  0.04256923562044600  0.05275906674377383  0.06309024681628693  0.07344401490215979
  0.08414876029037617  0.09465497223910067  0.10509829835555111  0.11579694768932469
  0.12687259680880886  0.13825561952250751  0.14962269252696317  0.16099606624552967
  0.17160055034499869  0.18170006544584621  0.19132012440195109  0.20101546149484267
  0.21103060308046676  0.22095310110858726  0.23102868094034418  0.24116317587304167
  0.25153778374233610  0.26115437079285647  0.27044267521655363  0.27942618793997331
  0.28795579712315567  0.29639282346260720  0.30478955488524545  0.31394758545124557
  0.32484077660757238  0.33598914093267329  0.34692215249083386  0.35822536669310873
  0.36975446631165915  0.38064771737564745  0.39090455436602095  0.40135379277782357
  0.41230993692063972  0.42350232611837069  0.43465285824097122  0.44680996345036444
  0.45898555604805724  0.46982860686927086  0.47995700521330914  0.49003274878318526
  0.50022356356160746  0.51078045056655919  0.52158111820545505  0.53249033293902037
  0.54349773907136523  0.55448903063650945  0.56655364390951135  0.57900408292064698
  0.59068842332303328  0.60158636971547397  0.61199118388982743  0.62187187644695618
  0.63125527600072551  0.64092925098494968  0.65116957608258563  0.66174987711759914
  0.67219544508048090  0.68236784394534822  0.69260944693904336  0.70295872104161605
  0.71355106712908978  0.72423189871820093  0.73491287278438477  0.74588747463587612
  0.75633033106107228  0.76637863440951004  0.77631790403229217  0.78633892854969711
  0.79682169118585155  0.80741636670495220  0.81779345742793419  0.82782095751320328
  0.83806808421247736  0.84860325037525663  0.85896405736956394  0.86916942802030350
  0.88003344967151287  0.89163133360695457  0.90313064825677813  0.91435511978746054
  0.92539831106472659  0.93604115837623991  0.94634768431496752  0.95668986710676318
  0.96690564303526438  0.97733518280769549  0.98821368466607207  1.00000000000000000
 -0.00229099037543044  0.00843719721827315  0.01793057024275453  0.02741610394741992
  0.03729579032207452  0.04757413477159218  0.05782553077617996  0.06796638733873971
  0.07824054527556978  0.08808368492612501  0.09806647407258091  0.10789416195823491
  0.11840980585500559  0.12852496653610604  0.13846736355285030  0.14889588652248800
  0.16027932386304569  0.17077928064630543  0.18107303680151041  0.19170495700789164
  0.20314186188752120  0.21349621093668320  0.22284385731416601  0.23254052426400926
  0.24311743021547089  0.25369489254614791  0.26475435263916292  0.27618478169784161
  0.28841388553001696  0.30056898514697344  0.31205800536127271  0.32247958239799573
  0.33292256880731547  0.34362408177018783  0.35456171045634322  0.36539417653313749
  0.37644694185846850  0.38721992559666030  0.39777515307230021  0.40859088037686969
  0.41899772874283842  0.42886349992343731  0.43874699988103638  0.44855119476159094
  0.45834754787684195  0.46807810852394638  0.47787582250814387  0.48812410973154841
  0.49858237872574113  0.50933539658693516  0.52078893426501671  0.53204465696023162
  0.54357555153268644  0.55368826225006829  0.56460206357259024  0.57600390510929433
  0.58714908145043865  0.59742374903426543  0.60782360228567078  0.61924591955268871
  0.62993665072808824  0.63976013968023193  0.64954500661877201  0.65920836501837998
  0.66916268130868162  0.67890851660657026  0.68871544417673936  0.69830558257271635
  0.70773848435088538  0.71741410847203757  0.72769158140840340  0.73839805956977855
  0.74982753987696560  0.76231179351895351  0.77412724339749084  0.78471039735508208
  0.79471053537323766  0.80510176357201257  0.81557129498677106  0.82615723151578824
  0.83698654900213887  0.84825963020682527  0.85969121252377467  0.87106416442386059
  0.88296915401938614  0.89474823685796689  0.90662823061818132  0.91784120106904055
  0.92806316005310463  0.93833434867702326  0.94917383842905245  0.96013161259595503
  0.97053899213675277  0.98035731127718295  0.99020093033169176  1.00000000000000000
 -0.00242897123605418  0.00950810116677088  0.01942564032461258  0.02939285018373071
  0.03962117591855393  0.05026988565837739  0.06127716058391450  0.07221055664084079
  0.08362745706976964  0.09500627463034821  0.10638501629784784  0.11777731065910302
  0.12989923442282350  0.14243772043356467  0.15476967433184147  0.16658101579243856
  0.17704440406902117  0.18724585847105896  0.19828680585647002  0.21053483118847080
  0.22274648792346738  0.23494813198205766  0.24688805814755596  0.25827157247856330
  0.26943783395274501  0.28069474973831848  0.29184890995148904  0.30278848163342803
  0.31421669795783952  0.32680826530713064  0.33939634422483911  0.35180500479446675
  0.36435770776439974  0.37669725860045833  0.38763320644314037  0.39822927902474475
  0.40893211896300685  0.41954192077335295  0.43009658142378493  0.44098166941621647
  0.45259734911227234  0.46422212807091806  0.47632951423678921  0.48826984306285914
  0.49992140103779159  0.51069240091821355  0.52160823654624333  0.53244437455257221
  0.54392154906329571  0.55581890267190814  0.56799070069872848  0.58042947581313553
  0.59180131460276109  0.60276546933066855  0.61332082186655745  0.62332649634012482
  0.63275407451269094  0.64207739910558115  0.65174218382443039  0.66173245124043845
  0.67149306732255376  0.68082069580979931  0.69066703644851157  0.70128862806509806
  0.71145029734709198  0.72104868224247531  0.73041982909897518  0.73966608411604529
  0.74871161517492513  0.75754706880970590  0.76635172782968886  0.77539468058926664
  0.78454690826174356  0.79393069016507234  0.80349065942687425  0.81287399919576087
  0.82201626622618362  0.83117570266258323  0.84100746273818727  0.85143311935638255
  0.86173949579084330  0.87093084844607382  0.88134024804192701  0.89180675433035872
  0.90172035844200749  0.91128006007769158  0.92109547631813116  0.93144423511451624
  0.94163577427207212  0.95069545907009090  0.95989694101746448  0.96875242149981833
  0.97709733148775912  0.98470235551180973  0.99241006802206966  1.00000000000000000
 -0.00192141895149350  0.00867816657240705  0.01841006650613120  0.02816663642650479
  0.03778399471329648  0.04715911320419012  0.05693192882684424  0.06691730208871341
  0.07701705125368077  0.08706385708086309  0.09704415896488301  0.10730058998667345
  0.11780154108609266  0.12804994088109292  0.13778342597046117  0.14745959575143758
  0.15843453530750307  0.16964584664347909  0.18130124585106058  0.19248045062150465
  0.20431268473610015  0.21517255012096589  0.22580945218867757  0.23729557104290083
  0.24924279457491866  0.26028302258551872  0.27135026257691663  0.28281931668960808
  0.29381112740934612  0.30378155290119790  0.31361336139696355  0.32361591534143341
  0.33421237820468375  0.34502326907456210  0.35620472657763830  0.36743547350283251
  0.37792766325075705  0.38697556107320569  0.39630206345928776  0.40595691795217592
  0.41568672212311819  0.42576056012481994  0.43578107863375481  0.44978752625876084
  0.46214550568337082  0.47326317793976641  0.48416149996054197  0.49480320665094896
  0.50487910538637004  0.51448892210140607  0.52365628096662853  0.53289141944843033
  0.54210036238013282  0.55125897136292124  0.56036288529913214  0.56984216431412449
  0.57976032015788259  0.59033401156801646  0.60113817502056521  0.61129136435521547
  0.62070388012947109  0.62980741696100184  0.63913113055565118  0.64856788453673764
  0.65735578563326602  0.66614042488293101  0.67554458263001527  0.68564805737181578
  0.69606125545840336  0.70683090444164454  0.71755476870845747  0.72817717728466147
  0.73924789594764551  0.74993731281070342  0.76048758791646554  0.77134459563825031
  0.78324411676431782  0.79505579640774970  0.80686197417172445  0.81890412698219084
  0.83105366251630930  0.84398007249470686  0.85732580353162080  0.86930494335781328
  0.88180282604070936  0.89429506647369172  0.90554380576262372  0.91680971799529443
  0.92776116364595651  0.93817346571165383  0.94848967775189241  0.95902476863687369
  0.96928850478166373  0.97914229827555155  0.98935039518327805  1.00000000000000000
   1.0147460325446105E-010  -1.0000000000000000     
 T F F F T F F F T F F F T F F F F F F F F F F F F F F F F F F F F F F F F F F F F F F F F F F F T F F F T F F F T F F F T F F F F F F F F F F F F F F F F F F F F F F F F F F F F F F F F F F F F F F F F F F F F F F F F F F F F F F F F F F F F F F F F F F F
  <DiscreteSampler_grid>
  grouped_processes
  1 # 1 for a reference and 2 for a running grid.
  10 # Attribute 'min_bin_probing_points' of the grid.
  1 # Attribute 'grid_mode' of the grid. 1=='default',2=='initialization'
  0.0000000000000000 # Attribute 'small_contrib_threshold' of the grid.
  0.5000000000000000 # Attribute 'damping_power' of the grid.
 # binID   n_entries weight   weight_sqr   abs_weight
    10   10   1.382663033892594E-002   3.526200764533541E-004   1.382663033892594E-002
  </DiscreteSampler_grid>
