 -0.00000000990103993  0.00001242137064255  0.00009777310492537  0.00028725956765043
  0.00058155647113101  0.00096555840918606  0.00142240967786209  0.00195047000224831
  0.00256524935210079  0.00323597453606110  0.00398545528628636  0.00479011809258354
  0.00564123574316293  0.00652894601940000  0.00744739047591994  0.00837956507722063
  0.00936253563239290  0.01037257460753581  0.01139154491775185  0.01245733092582127
  0.01351505166539261  0.01456803434127071  0.01570902990198248  0.01685344639129500
  0.01798738796011061  0.01913592709421601  0.02034744762693133  0.02157355487923304
  0.02281133079251919  0.02404397535675765  0.02528565553126907  0.02662288585490584
  0.02797765366920674  0.02928365103114503  0.03059766942133024  0.03191265356213703
  0.03323385737161619  0.03459879659755966  0.03599542470320259  0.03738946662044941
  0.03877522853619751  0.04014494738955872  0.04154510024712421  0.04294030438719319
  0.04431639426160314  0.04575564989957710  0.04722777961533486  0.04871857510090638
  0.05023720548509775  0.05179303112334084  0.05335976641815324  0.05494894420596143
  0.05651667469068920  0.05805574311507068  0.05952844986918033  0.06110653229297081
  0.06278155103366241  0.06443341255408185  0.06608337019816361  0.06775551168914243
  0.06943638460460251  0.07112799900759756  0.07284564040318374  0.07459895503254270
  0.07636882558887201  0.07810859704845410  0.07999497922075170  0.08206653635840531
  0.08420188509433346  0.08634318442774466  0.08852062533245433  0.09069724879525003
  0.09285912936496567  0.09499835790772154  0.09714473026083127  0.09931321343107330
  0.10148392252316621  0.10359253091257858  0.10617413716237527  0.10888421456208158
  0.11168209316738674  0.11458333265142380  0.11758847909233394  0.12073758044135248
  0.12402410369119307  0.12741217096023641  0.13085901353550972  0.13440658073631781
  0.13849012796792420  0.14358720191472110  0.14982531400043633  0.15701746357246493
  0.16567940462366695  0.17768822799778561  0.19483866433212976  1.00000000000000000
  0.00952799074527101  0.01579871065616418  0.02518451612927116  0.03561843098697353
  0.04547539104676390  0.05523508566928378  0.06541012061724050  0.07539786612557081
  0.08507009767263080  0.09485953273588189  0.10499387245716885  0.11574247433821465
  0.12669283529174968  0.13767775561086129  0.14849631913754352  0.15918600393543358
  0.16990971479711109  0.18050483888058796  0.19100708449032919  0.20251181137150084
  0.21386435019444308  0.22502455434091526  0.23586457363046481  0.24674527390332579
  0.25726947006372081  0.26771256264539006  0.27769297313106589  0.28735525630785580
  0.29681648901931579  0.30649161679529574  0.31652178313847434  0.32690471555181144
  0.33739287058974954  0.34816869776774223  0.35886843225965792  0.36931996805523187
  0.37969519077326885  0.39039513980850976  0.40128869262634270  0.41185337648648751
  0.42177853667431431  0.43136394692623314  0.44116867898573220  0.45101020598541197
  0.46125550338254262  0.47186235077468669  0.48274066596964610  0.49439276246895858
  0.50579688023624025  0.51725887183883235  0.52851824359962196  0.53993057636882935
  0.55146065866920801  0.56303764551390689  0.57366434741200356  0.58361278965433605
  0.59310334485047822  0.60246734499628651  0.61197736788569768  0.62156646391730985
  0.63136383225109893  0.64107484641064394  0.65036023445383884  0.65943021484628539
  0.66865253403188496  0.67836934652661307  0.68861205767573375  0.69920723368632476
  0.71001955792707028  0.72088291556675843  0.73172692992411514  0.74235699031630931
  0.75287495684100947  0.76346986375524784  0.77429426866666051  0.78515641712201201
  0.79583818194385569  0.80653682722369147  0.81747284906713613  0.82844606522464204
  0.83925058032664068  0.84982993682015873  0.86025420774805161  0.87073621718514194
  0.88155187536006341  0.89285554924367339  0.90437692171830797  0.91575879923358949
  0.92721905822062700  0.93867770844903664  0.94975476251322233  0.96085895685085854
  0.97119438389590484  0.98124282743910263  0.99137982420207071  1.00000000000000000
 -0.00247101938015400  0.00968104368825199  0.01977863125029655  0.02954115258383728
  0.03980828783877326  0.04938320929645774  0.05911031089812328  0.06937121301346848
  0.08009005813229855  0.09078239872589240  0.10140903604214048  0.11197914580112668
  0.12227295781843386  0.13193255033190321  0.14146188017013966  0.15130910752702403
  0.16093550445903196  0.17022645252060978  0.17944778350488513  0.18885245266666159
  0.19879326955587071  0.20898138315879905  0.21919332239459602  0.22945681631853562
  0.24010819735250527  0.25101883882163178  0.26209031441630143  0.27310623181281840
  0.28382893709348889  0.29446733121843671  0.30481418490708756  0.31490873810149372
  0.32492461443929233  0.33513963595798257  0.34568916930646543  0.35633866744146220
  0.36686514813895255  0.37723758700214755  0.38735676146606174  0.39737860755438470
  0.40739558768008782  0.41764325531589436  0.42800451606950246  0.43853127571457740
  0.44934925897186062  0.46068750325340529  0.47230017621308740  0.48341867760506935
  0.49422516604314271  0.50508300758320601  0.51578071322406038  0.52600724866253312
  0.53597421516748167  0.54637159162260784  0.55717574822789884  0.56770197968124503
  0.57803434811959986  0.58892901927716002  0.60041819222740300  0.61211837445451511
  0.62384837039275964  0.63535686125206359  0.64689270999537718  0.65851456390476604
  0.66982387758904660  0.68045009902253162  0.69127450910453514  0.70193253641189279
  0.71246419439197939  0.72308581339241573  0.73398688083752128  0.74508264870554242
  0.75633111032349087  0.76729175759716794  0.77840223014866206  0.78950852101633973
  0.80048500394288957  0.81151686000400947  0.82272763477743982  0.83419174602788271
  0.84578449012672108  0.85757892093825894  0.86917609851156552  0.88018065119859723
  0.89039609070530212  0.90015778998811291  0.90980179917074233  0.91968693489130271
  0.93003110582742488  0.94004250367701048  0.94990094694066718  0.95988380415267582
  0.97018317795383135  0.98039448229448833  0.99011894825516944  1.00000000000000000
 -0.00267791813995029  0.00982304901640087  0.02023391146117543  0.03131523681894017
  0.04234522761745382  0.05303559064958011  0.06353892203191026  0.07410193342349491
  0.08421686988176613  0.09384077983249020  0.10341713989170961  0.11359650723624887
  0.12399433293395853  0.13467611511375807  0.14555200924714570  0.15704396200331949
  0.16829761717013869  0.17915398168391833  0.19007446007947415  0.20160698738950192
  0.21334434738901081  0.22495623938314882  0.23617979631423414  0.24697336776751599
  0.25739568650882044  0.26752902865943717  0.27754705519825829  0.28760256655735983
  0.29797766434724365  0.30843267711093314  0.31900435032596730  0.32984653942230990
  0.34118278169203148  0.35250750607709058  0.36357929642860876  0.37431318586185325
  0.38508100269284462  0.39567393159481429  0.40621072941848507  0.41670371185637956
  0.42726397507480318  0.43751496272106066  0.44745387985314544  0.45752270460489930
  0.46779229976866926  0.47792299644954250  0.48772977545488383  0.49733570898159046
  0.50698874226660828  0.51665551466696347  0.52666568561420690  0.53680284301695624
  0.54706959311926484  0.55766520062434077  0.56837043463762538  0.57935193530882156
  0.59030895559476149  0.60114822480647312  0.61103334465422099  0.62052241179516410
  0.63017024251790232  0.64022507947379814  0.65033799193983732  0.66007036958353538
  0.66973255258529318  0.67981735484330241  0.69010548635067315  0.70045339944620233
  0.71055036183355724  0.72123376326313948  0.73175193740453359  0.74158472015566979
  0.75107175558777695  0.76048171490869532  0.76976654480974316  0.77910791914981747
  0.78863311497636912  0.79896120900336054  0.80976533996376687  0.82081672179960707
  0.83228405430416741  0.84403992092858859  0.85548796449043629  0.86639288808142112
  0.87698950663340181  0.88761731202772409  0.89878430262595277  0.91030044245589858
  0.92141128355834423  0.93200743907788275  0.94291759169619060  0.95451062272550224
  0.96584301205682344  0.97687682736493375  0.98832076352455711  1.00000000000000000
 -0.00248381133988129  0.01041301278544054  0.02097381999528428  0.03176628738786708
  0.04181855016601797  0.05171545905024814  0.06163038187930250  0.07244784846136679
  0.08371041828689545  0.09565230642150746  0.10744820811017980  0.11788456774938720
  0.12802079991952844  0.13801299026280361  0.14846537255107173  0.15882661832081424
  0.16934834740953619  0.18006584517914037  0.19050206257676958  0.20105810649260478
  0.21189558578856268  0.22352875382142498  0.23549873475201683  0.24751941266099736
  0.25863331708674336  0.26910479033278273  0.27909820468224211  0.28897076610875289
  0.29863270128832431  0.30811325232216541  0.31821141760761085  0.32883294825717874
  0.33965265603255823  0.35066988130685328  0.36254790415652965  0.37531634367215816
  0.38833273785369637  0.40057929973644291  0.41166139504596688  0.42176582287202069
  0.43130828991203929  0.44102550287066178  0.45072551127064875  0.46048076681662364
  0.47019492049393014  0.48009070303605683  0.49037626567752762  0.50065246935378016
  0.51052077167674514  0.52016420281883502  0.53032134689968302  0.54053703270342723
  0.55048718938505559  0.56020898757476556  0.57036268832415649  0.58069903952266444
  0.59125731834462758  0.60221491031189867  0.61328305838138308  0.62416850331303808
  0.63463615101277315  0.64484590320822865  0.65516420731586289  0.66540895930295418
  0.67565818924423404  0.68582786480843494  0.69584153070758092  0.70576256238016766
  0.71576879525833637  0.72605428010318496  0.73631795863054106  0.74682766725332506
  0.75719745350251644  0.76801679617087670  0.77905001132170726  0.79005231537793252
  0.80007082313441813  0.81014136007023596  0.82044349091910207  0.83124546971044477
  0.84227528046608346  0.85335180376461328  0.86410765382513133  0.87502418330856735
  0.88570073372550251  0.89580073453654196  0.90555143407644756  0.91525975271166093
  0.92579217117407075  0.93638125219193202  0.94708695558953915  0.95805427072835248
  0.96858000137110434  0.97901589388783250  0.98921855656739321  1.00000000000000000
 -0.00303288377759914  0.01122450007340282  0.02328561541304922  0.03452007545519398
  0.04554238048131932  0.05650488667238103  0.06732526377426677  0.07856726006148912
  0.09007079875198880  0.10121507700295451  0.11162246063477488  0.12168068902553260
  0.13181353412235883  0.14223653359076738  0.15315563523192816  0.16436262663322429
  0.17547275611824995  0.18619106737416230  0.19634256995010929  0.20619698994424565
  0.21600126082893686  0.22581365310753321  0.23579218762717752  0.24559688856806292
  0.25554671956127717  0.26570235319639413  0.27551577884532835  0.28539922733060263
  0.29556786875451946  0.30597427426687773  0.31662693011803889  0.32716245002710170
  0.33808314884749291  0.34937274284496483  0.35995630367836390  0.37016191009384175
  0.38017893368894329  0.39013512330822853  0.40018166281023804  0.40955841274997890
  0.41910261414216904  0.42909191988209172  0.43925785890180447  0.44955581495826175
  0.46009629207744462  0.47048186669397946  0.48074430303291871  0.49077571896251615
  0.50077643864567600  0.51079612897191751  0.52106820903482454  0.53166671162805834
  0.54264150960080737  0.55378603517108682  0.56502567075302601  0.57590225927435212
  0.58649715352167620  0.59656854971985795  0.60636097453408899  0.61631759494170446
  0.62635084980789457  0.63658404152261572  0.64683738668256618  0.65732124764601318
  0.66779683155832570  0.67815996712007875  0.68850235859103182  0.69866539646104253
  0.70879884490110079  0.71914835154618673  0.72975926186392881  0.74058768107797701
  0.75130539419248676  0.76199827646116269  0.77248816082028604  0.78320107810988426
  0.79432644187761936  0.80577802893975181  0.81701044779793663  0.82776295438752334
  0.83802231939495897  0.84803134708698547  0.85807593587865971  0.86886667506086490
  0.87974925235437129  0.89099868715944952  0.90221907488593511  0.91374606397066049
  0.92439441610399897  0.93451991357553899  0.94521275699371665  0.95605295097403786
  0.96642814322528625  0.97676669972608210  0.98787379821013210  1.00000000000000000
 -0.00180181854015599  0.00696251629521077  0.01481060591546296  0.02286769705326686
  0.03139655403404424  0.04006761749456805  0.04865660716952749  0.05735666823528697
  0.06632663561129759  0.07540258888091184  0.08449238859257870  0.09379156328379386
  0.10318098973492315  0.11299932342486035  0.12297624416886262  0.13288868282004035
  0.14292530922005672  0.15313498050629087  0.16348307952390398  0.17425470111504129
  0.18506660852759013  0.19641354877922554  0.20796809832192045  0.21939217474440134
  0.23050661147222157  0.24151463766132208  0.25246003415979479  0.26348432213804995
  0.27439756445638747  0.28486472584918415  0.29518111572274941  0.30556337481370410
  0.31635810031448430  0.32731894235138037  0.33842436377687291  0.34938048513003689
  0.36008283695415599  0.37081182266018986  0.38176642860451415  0.39286155928414479
  0.40446841606654377  0.41621579632686462  0.42837220634670548  0.44068317490172199
  0.45316937239387783  0.46586404442246077  0.47814796110584640  0.49101148128795385
  0.50387414603697811  0.51712845635712723  0.52968821630955143  0.54206809303367987
  0.55413492121112184  0.56653499668378937  0.57867177330780162  0.59038631167641531
  0.60156097918293649  0.61240945374197608  0.62300682374565075  0.63326402686545225
  0.64325421864255428  0.65335044481680138  0.66379446601706693  0.67442540632557879
  0.68543912551996522  0.69721937018851832  0.70940456781053340  0.72198552368714941
  0.73370804199421713  0.74496495462415924  0.75590988646957402  0.76684481839411123
  0.77805532896444296  0.78962319229202438  0.80121763492446785  0.81232206698870757
  0.82297701473710883  0.83348344788602791  0.84381147149601798  0.85391103538823976
  0.86377273314472303  0.87355730258104947  0.88356873419509918  0.89378285578366679
  0.90396080783043165  0.91393311290035029  0.92329148232720915  0.93184061153015108
  0.94039048569293326  0.94855250206926800  0.95679735442452352  0.96509659549010207
  0.97322119414982577  0.98147316128896056  0.99074374646746377  1.00000000000000000
 -0.00272258740265386  0.00948814928955678  0.02011422270272014  0.03122890432373912
  0.04237955407127438  0.05291175183383370  0.06291857504626346  0.07306002081502153
  0.08313092698964272  0.09300502175923073  0.10310377028809756  0.11365823197661133
  0.12445392478852613  0.13526319700162515  0.14628355905599336  0.15734873799395574
  0.16847451295065249  0.17956404396524234  0.19074909524574243  0.20218709573825661
  0.21372672841056448  0.22543252847473441  0.23653173521620641  0.24711964787533994
  0.25684050999616720  0.26618075703309324  0.27589573822290714  0.28563589168543230
  0.29569038364235789  0.30576429173710395  0.31603811829784806  0.32684430874367165
  0.33738135306374639  0.34795008889542278  0.35811391289842109  0.36858189478912906
  0.37914841134253263  0.38921175048387746  0.39904861560195637  0.40902950241411484
  0.41903003141612161  0.42919896678717351  0.43903292599433946  0.45022802048128308
  0.46116568296839161  0.47241171333444038  0.48365631034022799  0.49484496664778416
  0.50539585361381145  0.51575715988649562  0.52629591938947484  0.53668691696465709
  0.54709911990757232  0.55764116544331543  0.56816003905300982  0.57819641988906145
  0.58865871271093462  0.59957309200975395  0.61079850440726535  0.62164793910021421
  0.63266903190019119  0.64415026528511576  0.65596281946455004  0.66815916367836670
  0.67947738246703293  0.69077218459119805  0.70214199425654822  0.71367910171624127
  0.72556866371331941  0.73669185023485173  0.74737292810619538  0.75807253863231849
  0.76872930753279600  0.77892845610631445  0.78931842753628600  0.79980186586039836
  0.81024749187818912  0.82033317020397767  0.83047361646221318  0.84096129303343814
  0.85125791563008835  0.86174068248107061  0.87225069710293757  0.88306217460848246
  0.89357657306358940  0.90371004239312069  0.91387400642628014  0.92377775555547625
  0.93357940558283370  0.94325269703060222  0.95296847123296358  0.96256885965899208
  0.97177925300208023  0.98089193010951625  0.99021225909768984  1.00000000000000000
   1.3921158144325479E-009  -1.0000000000000000     
 T F T F T F T F F F F F F F F F F F F F F F F F F F F F F F F F F F F F F F F F F F F F F F F F T F T F T F T F F F F F F F F F F F F F F F F F F F F F F F F F F F F F F F F F F F F F F F F F F F F F F F F F F F F F F F F F F F F F F F F F F F F F F F F F
  <DiscreteSampler_grid>
  grouped_processes
  1 # 1 for a reference and 2 for a running grid.
  10 # Attribute 'min_bin_probing_points' of the grid.
  1 # Attribute 'grid_mode' of the grid. 1=='default',2=='initialization'
  0.0000000000000000 # Attribute 'small_contrib_threshold' of the grid.
  0.5000000000000000 # Attribute 'damping_power' of the grid.
 # binID   n_entries weight   weight_sqr   abs_weight
    19   10   9.372907508997926E-002   2.249188231772322E-002   9.372907508997926E-002
    25   10   8.995006245848955E-002   2.058760412496228E-002   8.995006245848955E-002
    37   10   9.752503390208803E-002   2.614916886034173E-002   9.752503390208803E-002
    43   10   8.839998098790887E-002   1.993111964407919E-002   8.839998098790887E-002
  </DiscreteSampler_grid>
